50.098012
49.539318
61.353846
68.617977
53.957408
59.423630
52.794164
49.150518
52.378476
57.630738
47.037843
56.973243
58.144853
54.183483
53.593438
49.055957
56.737573
52.920046
50.018587
57.434669
61.570698
56.637595
49.562506
60.953763
56.329246
46.103445
49.629150
56.024905
57.874798
61.535336
56.674243
52.768866
56.072743
54.821084
52.825224
59.851722
57.162665
56.657143
60.209126
60.209087
59.635796
58.150034
60.664666
56.796257
53.643577
48.614638
61.109957
65.797155
61.505662
56.088650
49.148653
57.414757
56.112080
56.695642
52.168631
46.134493
49.483131
54.849335
60.537447
58.205587
60.582290
70.631045
67.831587
64.921618
60.623651
53.140011
54.277429
60.192740
57.475780
52.905858
58.532240
55.333120
55.413851
56.324779
53.219222
52.530414
56.301785
63.144045
63.958499
70.854954
49.482106
62.747875
59.750850
66.765363
61.376724
58.535955
60.204961
58.613212
59.651457
55.989610
55.506770
66.388306
65.574643
53.842431
68.317196
68.889356
50.741002
49.394932
71.616229
69.105576
69.785184
71.397138
65.475845
66.607380
55.356522
59.335685
55.878427
55.136199
53.748639
53.543713
48.752476
48.678689
49.238667
46.146412
48.764522
59.283908
59.958065
49.497987
50.427902
55.023250
55.824957
59.252312
48.860035
59.851467
63.205641
57.059204
45.664572
55.142763
55.877647
52.058647
52.201574
81.772961
52.242911
46.102502
52.223192
52.280686
63.157561
63.679709
49.961556
49.376235
60.487651
57.051670
60.432466
60.439970
58.150760
67.888478
63.556032
55.080673
56.087366
56.650048
54.461884
59.979883
57.442117
46.061769
48.201565
49.683266
43.716279
50.236653
51.786622
51.731971
51.679071
50.896134
54.726080
48.699600
52.465337
42.826836
52.191624
53.317031
53.204494
49.528445
66.920247
60.641950
63.449602
53.716871
65.763087
72.408006
52.272310
43.238306
49.183543
49.217869
46.263352
48.300559
52.737889
49.813338
60.012840
52.876151
49.357746
53.024411
52.142596
50.778136
55.500492
52.023721
54.829912
52.127999
47.048559
46.526123
53.231820
53.003735
40.386107
60.483077
55.216205
56.533917
53.049020
60.488912
48.279655
55.413030
51.232551
45.721516
57.772021
48.816601
52.258722
42.822127
55.785484
55.943581
56.316489
52.053052
52.131281
50.433634
48.666811
60.983915
68.824521
68.775515
55.356958
52.673199
55.322432
49.790534
63.357012
54.823448
55.950022
55.294601
54.314721
52.550552
49.723153
52.556509
55.150029
57.881334
52.082790
59.585670
51.323694
64.407512
56.008139
51.721915
52.347406
62.819678
52.829774
65.755854
62.987707
49.504537
59.065357
92.093896
48.815112
55.802307
42.816519
42.812016
71.174235
51.782065
49.106055
50.015650
50.402558
49.727972
53.558725
53.554553
52.407377
52.165311
53.119142
61.004414
50.293173
52.668440
48.965374
60.603514
100.001535
