35.915581
35.768125
36.977111
43.344444
45.058233
40.398022
47.110741
30.462852
32.925097
36.178042
38.843345
39.314654
35.880377
36.577637
34.341320
39.264919
35.687128
34.564438
36.096078
33.624390
36.483592
31.604487
33.619217
39.625948
33.381334
33.781600
38.894167
38.445344
28.657008
31.046056
31.311825
39.528951
39.156016
44.307672
38.943762
42.695469
48.126706
44.849043
46.084298
44.351335
48.410905
38.174950
39.294994
36.629130
42.231731
33.486855
36.268704
31.082184
36.845840
39.838838
40.151185
34.090257
44.788005
52.685579
45.452002
35.768643
35.495335
38.382848
37.174022
38.320025
36.126663
28.656189
32.905870
35.785176
36.595185
33.700312
41.238115
34.167002
39.342101
41.591408
37.220046
33.850904
30.781355
30.471504
30.776857
33.262067
41.609352
40.291265
59.625207
40.045891
40.188025
46.009517
44.582936
39.295466
33.369869
31.311447
33.138761
60.742809
33.440728
