85.940930
68.903375
81.036568
85.355548
95.241218
94.406878
83.234652
78.332718
90.069787
85.635911
102.637637
84.214551
99.133853
87.909922
86.626920
93.607247
93.743770
80.876686
81.640202
78.490142
88.172752
80.196127
73.673514
87.922789
78.509821
87.895411
70.014438
73.418906
73.604669
76.807845
80.998630
85.489974
81.503055
90.674635
88.646332
90.617102
74.118661
95.027223
74.043744
88.369567
82.529989
77.462936
80.977167
77.764779
82.066262
86.841990
86.920103
96.207379
84.268161
85.443986
83.911692
103.207344
81.074510
80.368391
88.758464
88.838297
89.378583
88.333096
89.548710
84.319743
92.900299
83.407291
93.583969
81.107545
74.873461
70.844738
77.705526
78.515708
79.189004
92.656207
91.972886
80.332973
76.818720
73.949699
82.672565
70.963297
81.886482
74.436082
81.866545
79.872281
88.354138
82.472046
86.631135
101.356946
84.374572
83.246053
83.274525
93.532816
86.336681
83.200326
91.341422
74.229525
74.137949
84.305454
82.111173
88.490602
74.080205
70.638568
73.347457
93.796484
99.608564
106.623152
94.714464
97.286477
82.641067
90.318538
94.290676
86.277432
91.948657
86.013206
86.097969
86.066452
80.742413
81.133143
77.296959
78.016389
75.009150
89.073088
79.174498
86.077579
89.620829
83.434921
76.312884
76.388493
101.747187
82.628020
91.895641
84.672007
77.550641
79.942285
76.775306
76.807748
75.718981
69.930702
82.677010
101.264165
83.348799
95.447716
88.725703
82.144132
82.761222
79.117755
100.025946
90.979351
91.748448
91.573151
91.841687
96.984499
90.868329
92.992656
90.305174
89.046927
88.392745
99.075501
94.519309
98.437010
73.225807
104.506970
82.946931
90.957848
96.131578
86.144379
83.304224
85.335819
89.952836
90.635401
77.145792
85.559455
90.088799
86.569326
85.641774
86.943633
86.964188
91.225855
92.619575
77.389339
82.318568
81.054118
75.899308
91.191372
88.866239
91.898326
89.798387
80.619171
69.963418
73.506250
73.655956
82.541341
80.376037
88.709380
91.277060
84.427341
84.320334
85.215526
83.748994
77.819624
82.108616
79.418152
83.306738
77.202167
88.673836
82.191401
82.064013
78.310631
89.196065
91.977591
91.950775
90.489280
79.499728
84.305570
84.313036
83.704470
78.346321
78.359983
80.897597
80.960081
77.805104
91.887950
90.478185
74.740432
83.226936
76.789161
85.430125
85.398130
78.334132
77.879259
91.320499
92.816127
89.075120
106.141241
79.972985
89.588027
81.541912
94.829620
77.872500
82.081740
81.292768
88.929594
82.547962
77.451211
76.699744
86.503432
77.846867
80.959214
95.672125
89.629290
90.914303
92.755481
81.978401
88.610236
77.365689
84.834278
86.634188
74.902974
80.954349
82.124065
96.285309
90.040579
88.063669
82.456918
86.291364
90.555050
96.930710
81.783795
81.926700
92.549069
95.677840
88.530261
90.599010
87.905633
87.123153
90.706846
85.879531
81.408133
85.958720
84.334705
91.604711
90.080567
92.908940
96.105824
85.413826
94.663903
87.330163
85.880019
87.329532
89.899527
89.440740
95.514759
95.602437
94.928751
89.521337
83.733272
92.534612
90.093434
99.940317
94.015902
92.445427
88.704353
95.489550
79.540214
87.212606
86.648154
91.134862
88.538374
86.226822
90.299951
85.746783
82.451525
82.620348
90.513194
89.581209
94.118193
79.242014
84.859028
84.267924
92.461909
90.985207
83.411711
87.935008
94.007442
82.113386
85.085913
85.942894
82.651189
83.253038
83.772390
90.787050
87.122969
92.484111
89.201203
82.027271
81.154011
89.305169
85.843653
78.490102
73.583999
84.978411
83.871430
90.683782
81.521571
91.519905
83.298448
78.602055
90.057644
91.507823
82.860505
92.661964
97.796233
87.236129
98.463449
90.071267
84.807699
89.359347
87.924465
90.374832
82.063751
84.968335
84.885626
88.855712
77.869750
86.915563
87.069422
91.569245
78.424122
81.789410
92.828893
85.280474
97.262397
70.245189
70.315684
77.114174
76.316484
77.125711
77.817187
82.681799
89.335506
74.861307
87.791351
88.290916
76.846778
81.039166
80.965685
90.437495
81.357055
82.764407
91.689378
82.698232
90.191833
91.320845
86.008509
92.001896
92.961996
94.943370
86.750209
94.056658
90.972628
97.978202
95.033576
84.243161
84.703902
90.316001
98.418075
96.353655
104.534805
96.774037
91.579169
94.114608
76.278064
83.964033
91.510280
92.354357
78.532761
88.091232
75.699022
84.682841
92.467975
91.915777
81.981488
93.056728
97.845559
77.835744
89.383134
84.199727
84.244803
81.944728
80.952152
81.229457
77.968245
73.623262
89.369362
78.339847
77.849009
77.248830
77.645921
91.024909
81.256691
84.991533
73.669950
86.524158
91.348027
72.533357
72.595890
77.318432
83.964260
76.705057
72.513005
84.740326
82.544808
72.623868
77.156666
85.282541
77.720744
77.171735
77.202739
90.122173
79.165660
87.598295
102.999089
84.504736
84.019300
89.406666
76.594727
81.016742
85.661735
83.285163
83.370357
79.502877
85.928551
83.422246
71.708675
72.373070
78.803167
84.348869
72.298307
84.993236
82.766046
82.279022
84.507145
90.191537
89.885442
90.883881
80.484199
78.027778
83.304238
88.386156
84.691195
83.352536
89.976742
82.124627
77.983518
74.481164
79.169453
89.208969
84.514305
106.298487
106.019119
106.804144
108.175560
103.865318
73.818834
90.954977
85.420300
77.170289
85.465172
81.279211
77.217723
87.619286
83.751096
77.804811
87.726092
74.103177
87.664820
74.194167
87.769139
88.373578
83.945901
75.361738
88.385854
87.679065
87.790965
84.327065
88.196180
80.704363
87.092253
73.644952
69.606517
69.546334
81.112036
76.915253
76.786731
80.946656
81.456483
96.076486
86.636825
85.978567
69.509409
69.449309
72.402535
87.764056
77.463354
76.952923
76.904184
78.588106
78.065196
81.005751
76.263672
87.848192
91.207577
83.059269
77.354427
86.735120
77.284355
82.597946
82.231505
82.951985
84.046948
80.681103
85.804507
85.218224
86.095128
86.651684
82.526010
82.199235
79.126423
86.601748
88.109262
80.044331
74.411013
90.742595
86.887693
81.970255
80.398359
73.185759
69.665503
101.198776
97.329985
96.487947
85.680014
85.585642
95.702134
101.257313
103.986761
96.745675
82.812529
83.943457
83.190936
96.374159
92.629341
94.370421
92.692327
91.731672
96.246256
93.420212
89.881093
84.557033
90.649479
91.332723
93.263100
91.109471
78.515725
91.107438
100.602477
103.270150
94.723266
77.427932
70.207916
75.599785
75.597519
85.295026
85.714442
78.566819
78.201911
82.073210
83.268658
78.517759
78.759797
83.111542
107.570383
106.378492
105.266092
103.418406
105.607114
113.003390
107.299574
109.856121
111.485321
108.590908
107.982658
82.289518
85.768505
85.927185
76.934606
76.869162
86.917166
86.728882
89.735878
75.461731
82.998458
78.144247
82.341356
80.371734
74.241028
72.580525
77.306772
78.081719
74.709624
74.584341
68.932346
78.162890
70.165656
69.648748
73.560092
83.471549
75.661646
72.652535
76.905727
78.171136
68.930862
78.350554
78.027460
80.375152
78.152837
76.716980
74.247880
81.666261
73.588744
73.032344
84.741767
77.775065
93.586613
76.577948
88.413444
80.873179
80.175222
86.063670
85.452260
86.087660
79.531578
83.299150
82.920787
83.470904
86.249247
83.334729
74.036631
73.781631
87.500907
82.913251
80.879245
82.057836
79.216225
78.310789
77.728660
80.288989
83.347575
79.614716
81.731034
79.416162
124.078603
73.259338
81.881432
78.426966
77.944018
82.370045
81.371939
81.581910
78.363543
77.924120
81.517587
78.220333
77.852621
78.133336
81.937351
77.510709
73.486378
81.219594
81.190481
70.304497
65.585653
82.885332
72.089755
72.033877
100.108057
100.019917
105.678448
95.962558
99.188403
100.354153
98.320353
85.456020
101.329325
94.423547
93.371752
93.548291
89.118405
89.099288
84.986825
76.102739
95.586396
91.280229
96.077560
77.228442
95.669554
84.025936
74.172487
91.888296
84.691287
74.946385
73.041908
77.100619
91.276555
91.869100
82.186659
73.931220
78.348739
73.580377
78.762699
66.782425
62.249158
82.577262
81.807201
78.439936
77.900516
82.319113
85.377784
77.887588
77.860977
73.187334
81.171504
79.521590
86.554354
81.737385
78.298095
72.991803
80.891943
80.062670
79.436714
73.706979
73.560087
68.959409
79.240330
72.918554
76.281573
76.603281
73.259433
77.380643
82.431262
83.468104
78.711501
88.482927
94.285089
93.771699
88.462789
83.467750
77.725642
83.185875
78.322794
82.457195
76.675455
74.688675
82.362449
80.208001
82.850359
74.881118
72.484051
73.733787
98.958142
103.081226
101.612333
92.089506
88.860728
96.915297
95.247110
91.201802
92.168559
78.414869
89.284465
85.329944
86.604348
86.584948
91.349370
86.631438
84.695373
86.217574
78.324386
78.612367
77.973222
86.480338
86.102652
87.741967
89.360636
74.795020
76.444439
77.880387
112.358541
80.502371
74.247777
73.106542
81.849682
69.026588
69.491076
69.591169
72.858653
73.442204
77.879481
74.340877
74.130168
78.168276
83.523588
74.814072
65.569612
77.738456
78.009951
78.472440
78.361615
77.873701
74.219470
68.943735
81.625270
73.004405
85.706475
84.257491
76.846371
76.644570
76.349390
74.378836
79.923643
83.179327
74.951596
77.001276
69.054611
76.512890
74.279194
73.781019
82.347639
80.974986
79.501621
80.186408
84.450231
85.919818
72.993738
72.374284
84.429674
83.824618
84.508288
78.917925
81.627935
82.222547
81.796969
80.634176
84.473904
85.698317
84.948440
85.200272
83.733773
88.135258
80.260786
89.191893
73.019088
83.301426
73.968554
82.780914
77.659613
78.428415
81.440051
85.225590
73.103155
78.246252
73.278439
83.433650
74.788147
68.905016
69.369837
86.043228
75.286450
82.979785
82.995554
79.063845
75.008091
74.464560
82.429071
75.499627
80.946419
85.159136
96.130985
85.759913
81.021798
84.191236
81.137045
81.039878
84.449950
84.989922
98.273232
87.374236
98.563962
85.425742
85.397280
87.799918
88.565906
92.805101
95.780608
81.459989
81.527884
76.062825
80.254818
76.748658
81.474993
82.126223
80.264704
78.483879
86.543232
82.830980
82.175583
83.359528
86.073448
77.839274
92.083904
97.711410
94.863777
83.509157
86.537104
77.559862
74.237225
77.521253
81.004240
80.323595
81.094013
77.604086
83.877786
85.938385
86.255962
73.179320
72.620001
73.126000
73.134499
86.421739
81.244142
80.813333
76.656237
74.891336
89.246451
92.176652
77.254912
76.942095
82.572749
83.319952
77.338588
73.302332
73.406739
72.898445
77.763096
77.786787
72.856523
72.416517
72.694589
81.069063
73.536756
75.179103
78.742327
77.795422
76.714901
76.639139
80.489964
83.138275
77.186867
77.234668
76.045304
78.238601
68.881642
76.966252
93.448194
88.862568
88.215483
92.475815
75.174980
77.961884
75.655169
72.682837
88.452358
97.880018
88.106415
88.102899
87.660348
73.091874
73.681840
70.111496
70.116818
79.202013
78.767095
81.960194
97.957202
84.808189
78.145748
92.691143
78.330159
73.836951
77.843691
77.762457
78.182382
84.767498
88.185134
76.566802
77.477515
109.699982
76.787934
76.692655
84.945282
88.754108
84.962306
85.024268
80.199545
75.275866
82.345863
86.090616
85.679678
85.167109
91.023526
85.002148
89.277604
78.242129
90.491417
85.660811
72.947962
84.940211
87.710585
74.037345
89.961189
89.984344
88.205123
86.607683
86.601065
72.249360
72.399048
84.852578
76.887686
76.881954
81.612932
73.765446
69.564519
79.787879
76.741038
76.264644
73.380999
84.873024
80.853063
80.565797
73.052725
80.563942
85.402515
80.630833
77.461153
72.461764
83.145797
73.623981
84.792557
76.673567
86.076676
76.490159
77.175008
92.224932
92.894250
77.197730
77.376316
80.596316
77.565765
84.898460
81.132874
77.517996
72.485024
74.117935
76.025280
81.174355
82.002437
81.999771
82.181520
78.365385
88.753430
81.369329
72.562195
81.122706
72.946564
69.517502
89.463226
83.036421
82.306575
90.614794
81.842278
78.721764
87.646546
79.109712
79.973586
84.378227
85.775024
81.841596
81.436729
103.063882
87.868214
92.957306
65.571017
76.956260
91.303539
73.548598
87.910777
80.704788
80.188384
77.263476
100.620883
87.111860
87.217858
79.067981
82.498627
81.123770
76.721920
102.638729
104.478401
76.745718
72.245789
81.078361
72.346283
89.049264
73.330354
81.291251
78.243971
77.378620
73.508007
74.142341
77.727815
74.135395
92.529549
88.817162
85.460061
84.774522
79.836375
79.375928
72.548921
110.850571
86.931024
74.378715
77.914574
82.299733
78.975126
84.013490
84.609442
77.894318
76.162244
87.489503
74.261164
86.670099
77.779053
86.607672
83.488624
82.348591
80.268172
82.960192
82.125376
75.203277
79.335208
83.501110
76.121420
72.948453
81.846837
81.143073
81.701178
80.430938
80.440265
92.734277
