259.498896
259.464070
259.498911
259.607377
259.574753
259.533749
259.533742
259.567933
259.571377
259.566471
259.570882
259.647748
259.567771
259.647480
259.570529
259.646951
259.646990
259.646859
259.496362
259.613563
259.647225
259.647154
259.648392
259.604620
259.534015
259.570147
259.570950
259.532946
259.496340
259.496993
259.569328
259.533624
259.533155
259.568124
259.613483
259.646679
259.649584
259.610579
259.535196
259.570792
259.600595
259.568284
259.609612
259.566948
259.642586
259.498738
259.609536
259.605664
259.602936
259.683069
259.498601
259.532237
259.605955
259.535720
259.606804
259.532952
259.604275
259.531576
259.606466
259.679986
259.609709
259.642771
259.608819
259.602716
259.607077
259.535197
259.567084
259.568804
259.680829
259.726021
259.768287
259.602285
259.566595
259.602336
259.644659
259.496956
259.645097
259.497114
259.610799
259.537934
259.497004
259.568446
259.640770
259.603988
259.643562
259.532389
259.567862
259.717939
259.683680
259.684920
259.638028
259.603632
259.538019
259.611556
259.568214
259.498567
259.603134
259.570358
259.531467
259.604639
259.460448
259.642887
259.604251
259.569983
259.684463
259.646126
259.679203
259.675694
259.645119
259.680537
259.571635
259.614807
259.568208
259.649332
259.571662
259.533761
259.534337
259.535625
259.533384
259.614341
259.570535
259.567003
259.498083
259.537424
259.769379
259.686701
259.646830
259.534044
259.569843
259.606680
259.496056
259.610683
259.612746
259.577445
259.610765
259.609288
259.533218
259.570781
259.611937
259.496804
259.498394
259.536221
259.575557
259.498340
259.609062
259.571828
259.498014
259.499733
259.569946
259.609011
259.573423
259.693202
259.532411
259.533800
259.644769
259.606831
259.532892
259.568363
259.571116
259.533954
259.603894
259.534102
259.573754
259.496971
259.610791
259.533298
259.531911
259.530789
259.532860
259.532831
259.568469
259.534093
259.568379
259.569263
259.571902
259.499638
259.575813
259.533031
259.535370
259.532824
259.531764
259.535899
259.570085
259.568147
259.531840
259.571497
259.533556
259.537876
259.533306
259.498955
259.570135
259.531216
259.568555
259.498652
259.462265
259.608184
259.464188
259.575701
259.608198
259.647744
259.650988
259.607007
259.567599
259.603414
259.609018
259.615793
259.566670
259.576852
259.465863
259.576586
259.431297
259.687756
259.532553
259.606766
259.609253
259.643780
259.643034
259.643755
259.645673
259.497362
259.608503
259.650178
259.651094
259.497601
259.653263
259.735369
259.646290
259.654874
259.685303
259.684207
259.605661
259.577521
259.605652
259.567518
259.576450
259.640005
259.677829
259.602904
259.644398
259.532046
259.531793
259.647131
259.650153
259.644330
259.647165
259.687276
259.689604
259.732284
259.733977
259.678671
259.646431
259.644248
259.716015
259.758067
259.641550
259.613412
259.498216
259.643671
259.614853
259.648523
259.611034
259.616248
259.769768
259.769748
259.767284
259.782191
259.782971
259.694204
259.740287
259.731716
259.786419
259.767813
259.778102
259.721802
259.680570
259.604368
259.641901
259.641341
259.684657
259.610273
259.609521
259.609529
259.463892
259.576803
259.570574
259.571283
259.574985
259.538067
259.567688
259.495484
259.608597
259.532139
259.534070
259.537733
259.467676
259.567626
259.570487
259.531616
259.531082
259.534248
259.499278
259.696831
259.644347
259.535296
259.565864
259.607622
259.498733
259.610344
259.497011
259.496974
259.612837
259.604834
259.608915
259.565654
259.608559
259.533301
259.534168
259.534127
259.498990
259.577347
259.537329
259.498199
259.567515
259.532187
259.533536
259.531249
259.738096
259.684818
259.688366
259.741539
259.736771
259.888060
259.568533
259.566268
259.531156
259.533063
259.730203
259.570852
259.496734
259.568121
259.531782
259.640612
259.565969
259.535529
259.538995
259.569765
259.570932
259.603446
259.532973
259.684568
259.530388
259.531273
259.609387
259.612888
259.575859
259.571004
259.603177
259.606658
259.641689
259.606028
259.638515
259.605746
259.567247
259.607426
259.569645
259.574154
259.606875
259.530351
259.568575
259.603460
259.566270
259.605968
259.568618
259.570430
259.533345
259.500254
259.536728
259.573499
259.570073
259.719467
259.643980
259.604520
259.685202
259.689551
259.696259
259.608538
259.533094
259.529338
259.533369
259.533659
259.498729
259.497280
259.572471
259.498365
259.569265
259.501435
259.465550
259.537752
259.534669
259.498465
259.534605
259.567787
259.532614
259.531411
259.536959
259.465873
259.533670
259.533276
259.496693
259.607919
259.606894
259.608444
259.607803
259.604834
259.575026
260.008355
259.736657
259.819299
259.691737
259.570384
259.570474
259.567113
259.731706
259.687205
259.650396
259.570397
259.535435
259.573368
259.535548
259.542459
259.566181
259.531943
259.533390
259.569741
259.532149
259.698610
259.570821
