323.834938
323.833301
323.903774
323.903763
323.868016
323.866320
323.834201
323.872548
323.801460
323.945142
323.799643
323.910353
323.871040
323.765609
323.798101
324.054108
323.869995
323.872897
323.872081
323.733127
323.765877
323.870969
323.866996
323.872028
323.908553
323.906011
323.871669
323.837420
323.837403
323.834725
323.834743
323.836252
323.837636
323.865811
323.832505
323.868476
323.906996
323.903417
323.764808
323.797550
323.871182
323.797267
323.872016
323.732349
323.947806
323.905490
323.906071
324.071739
323.979084
323.904496
323.867116
323.866338
323.869928
324.023965
323.905685
323.905527
323.944362
323.834969
324.023932
323.907712
323.903758
323.903124
323.870242
323.868229
323.869488
323.905525
323.940063
324.016726
323.903847
323.944431
323.905963
323.870337
323.873251
323.904646
323.943594
323.869798
323.903853
323.869314
323.865541
323.902195
324.015893
323.903063
323.904431
323.903641
323.868264
323.903524
323.834093
323.905005
323.833296
323.835898
323.942587
323.981668
323.981485
323.980831
323.868754
323.980337
323.870490
323.868570
323.868384
323.976185
323.976882
323.866893
323.941928
323.866847
323.906567
323.903441
323.903590
323.835741
323.903314
323.972558
324.015605
323.938149
323.904158
323.835334
323.836369
323.870219
323.834987
323.868421
323.973978
323.976603
323.867636
323.901137
323.973083
323.976867
323.865682
323.866159
323.866636
323.908491
323.939315
323.906478
323.907133
323.906163
324.055795
323.904325
323.903829
323.905499
323.939233
323.939374
324.058923
323.938913
323.865889
323.832389
323.800678
323.941362
323.833405
323.905737
323.902737
323.941175
323.902460
323.939945
323.975787
323.867698
323.904560
323.867424
323.973992
323.942497
323.901451
323.868271
323.797511
323.799455
323.981919
323.869265
323.981435
323.871894
323.908528
323.942458
323.865310
323.938791
323.903025
323.902495
323.868313
323.943615
323.977098
323.866890
323.940900
323.977546
324.012064
323.871266
323.944565
323.904760
323.904262
323.898807
323.904130
324.019522
324.019518
324.061952
324.144747
324.109607
324.018774
323.903979
324.016609
324.015973
323.905036
323.903684
323.799919
323.837417
323.832313
323.832590
323.834805
323.831745
324.104325
324.062903
324.062406
324.109694
324.109569
324.110231
324.019021
324.019030
324.019044
324.103728
324.061625
324.054858
324.055353
324.108789
324.144362
324.061636
324.139797
323.981566
323.869277
323.905123
323.871925
324.102820
324.109435
324.144241
324.138112
323.904830
323.902148
324.014961
323.903492
323.980482
323.904459
323.905432
323.986150
324.020187
323.946827
323.867434
323.867974
323.940716
323.902379
323.981302
323.982331
323.985095
323.983157
323.975397
323.869539
323.870747
323.868468
323.869608
323.868747
323.869264
323.982899
323.865586
323.867230
323.941667
323.904356
323.940513
323.906052
323.867765
323.870457
323.944556
323.906452
323.905338
323.944366
323.944356
324.024732
323.834492
323.904483
323.868113
323.901868
323.869023
323.834171
323.907325
323.902848
323.832673
323.833212
323.977759
323.832396
323.867653
323.869706
323.832410
323.832595
323.904495
323.799900
323.904137
324.010188
324.049864
323.905578
323.904126
323.943646
323.867547
323.974565
323.941568
323.907010
323.867975
323.835345
323.907789
323.942925
323.904465
323.909533
323.905140
323.904587
324.019427
323.868734
323.905347
323.800188
323.942511
323.942324
323.869007
323.868516
323.869029
323.975798
323.940236
323.868489
323.868284
323.834751
323.977112
323.944412
323.835245
323.909306
323.909274
323.903706
324.054899
323.869423
323.942137
324.102655
324.108792
324.111489
324.015577
324.017168
324.059848
323.980429
323.987352
323.986873
323.910406
323.873574
323.868757
323.867075
323.904622
323.870454
323.871230
323.911359
323.940109
323.868097
323.868591
323.903808
323.905169
323.905643
323.904206
323.904578
323.940710
323.944683
324.021088
323.945351
323.946992
323.986257
323.977969
323.983959
323.941068
323.869613
323.870912
323.835794
323.941063
323.869115
323.905045
323.869158
323.983105
324.025463
323.945561
323.981983
323.982707
323.982980
323.905467
323.903255
323.940046
323.907295
323.978460
323.940257
324.017795
324.018083
323.868280
323.866401
323.831567
323.833133
323.980539
323.798698
323.904168
323.833224
323.796731
323.944658
323.869667
323.980453
323.939722
323.865078
323.903532
323.979985
323.870267
323.904341
324.019680
324.054090
323.939069
323.939228
323.831422
323.831899
323.906176
323.940106
323.868211
323.867333
324.019972
324.053595
323.939090
324.093861
323.938107
323.938329
323.865258
323.980336
324.128166
323.903720
323.834542
323.867414
323.865629
323.866129
323.939898
323.940340
323.866694
323.901791
323.866438
323.867222
323.867530
323.903423
323.866110
323.867035
323.831533
323.833647
323.835009
323.940365
323.940534
323.905336
323.871935
323.906858
323.944215
323.907029
323.943397
323.870838
323.943429
323.870833
323.943952
323.976433
323.984039
323.976541
323.983843
323.905364
323.939234
323.905075
323.981591
323.981269
323.940461
323.903975
323.981964
323.981169
323.904849
323.904637
324.025798
324.020845
324.022979
324.020522
323.979571
323.937502
323.942617
323.942803
324.059554
324.052078
324.014697
323.902428
323.939418
323.904841
323.943444
323.976152
323.941868
323.832957
323.832876
323.901936
323.979371
323.901243
323.903070
323.936294
323.903373
323.904235
323.902066
323.901506
323.902378
323.903437
323.903047
323.979692
323.902361
323.868021
323.901544
324.010719
323.975752
323.978703
324.018045
324.011955
323.974659
323.976283
323.943396
323.976862
323.983840
324.025532
323.870480
323.983872
323.905596
323.942515
323.937813
323.904597
323.869407
323.973693
323.981756
323.982528
323.867723
323.975741
323.974101
324.012265
323.948688
324.014736
323.906072
324.020780
323.987539
324.020813
324.016790
324.026378
323.976517
324.015827
323.939915
323.905214
323.939747
323.904436
323.939145
323.974839
323.902364
323.902871
324.017055
324.017059
323.902074
323.936732
323.938027
323.939245
323.905718
323.939211
323.938213
323.972936
323.869309
323.980784
323.980776
323.868515
323.939811
323.941791
323.941659
323.939742
324.015572
323.904433
323.904152
323.982384
323.981904
323.903665
323.939523
324.017602
324.014306
324.094120
324.059618
323.904671
323.980830
323.904603
323.867432
323.867425
323.941209
323.905848
323.832846
323.904628
323.833122
323.870302
323.869479
323.979455
323.869733
323.979475
324.091381
324.089994
324.051423
324.086849
323.939486
323.939392
324.018158
323.938894
323.904073
323.938604
323.979379
324.106200
323.942834
323.907237
323.798601
323.798888
323.868953
323.868129
323.907196
323.831373
324.056442
324.099128
324.022152
324.023322
324.054852
324.021957
324.065095
324.021342
323.943053
323.866395
323.833429
323.941327
323.902019
323.901191
324.051203
323.974018
323.869935
323.945391
323.902470
323.869087
323.868217
323.835625
323.835799
323.901283
323.982844
323.869758
323.901770
323.869275
323.869076
323.866901
323.941000
323.904861
323.865074
323.866696
323.869747
323.908777
323.943561
323.868499
323.941843
323.904938
323.869805
323.984533
323.977188
323.941034
323.904129
323.869007
323.983547
323.903468
323.902775
323.980138
323.946522
323.945750
323.941643
323.979209
323.943536
323.831320
323.832641
323.868125
323.869152
323.836373
323.833199
323.832103
323.907411
323.797858
323.830818
323.974811
323.867391
323.867232
323.830725
323.980436
323.799413
323.833640
323.937585
323.833825
323.939940
323.872063
323.939050
323.868408
323.981939
323.901923
323.901038
323.940030
323.939785
323.864062
323.937522
324.007640
323.902697
323.901743
323.973262
323.864480
323.866039
323.868259
323.868742
323.974025
323.975618
323.866451
323.867410
323.975780
323.978221
323.939740
323.833198
323.832869
323.832678
323.939603
323.940919
323.941479
323.868583
323.945724
323.869695
323.910909
323.906116
323.869220
323.941182
323.867596
323.868591
323.941714
323.975314
323.903392
323.939279
323.871022
323.940724
323.941755
323.937351
323.940272
323.939734
323.944696
323.903273
323.869615
323.945696
323.871869
323.904121
323.939006
323.974683
323.937189
323.869714
323.941222
323.869131
323.869631
323.974969
323.938267
323.973258
323.867854
323.901584
323.867004
323.902085
324.013775
323.900732
323.903070
323.979147
323.831853
323.903733
323.936356
323.977258
323.976795
323.945274
323.981289
323.946448
323.802271
323.941222
323.906932
323.799144
323.834542
323.908830
323.940806
323.874853
323.832918
323.976420
323.865602
323.865883
324.009890
323.865079
323.902219
323.902504
323.834272
323.868443
323.903038
323.867927
323.903462
323.866974
323.870327
323.944650
323.906589
323.906589
323.941634
323.837966
323.982887
323.942657
323.904642
323.982112
323.976885
323.906757
323.905726
323.974799
324.017575
324.018056
323.976379
323.906688
323.975409
324.141831
323.977324
324.013425
324.014449
324.089336
324.055166
324.053838
324.012489
324.020454
323.939148
323.940617
324.050930
323.944360
323.981893
323.941118
324.015641
324.013254
323.976929
324.021698
324.054108
324.090755
324.055879
324.054601
324.053329
324.020671
324.055344
324.134664
324.054556
324.020667
324.098609
324.056118
323.766097
323.871750
323.875303
323.906068
323.912828
323.904230
323.904655
323.978845
323.978373
324.106051
323.941707
323.904429
323.937440
324.014270
323.938880
323.938735
323.869319
323.868772
323.905956
323.938529
323.939431
323.869194
323.907110
323.904285
323.945814
323.945503
323.905293
323.904803
323.903821
323.906985
323.941239
324.071699
323.908278
323.945412
323.903827
323.869287
323.902490
323.902856
323.938430
323.903612
324.016237
323.903509
323.906082
323.903530
323.983274
323.983075
323.904892
324.015739
323.903986
323.938668
323.940117
323.983968
324.018137
324.022450
324.056618
324.057868
324.057109
324.056331
323.976037
323.976845
323.939276
324.129075
323.975023
324.128016
323.975830
323.939529
323.938358
323.974996
323.905241
324.016603
323.869060
323.869851
324.016839
323.939623
323.904674
323.947641
323.834719
323.947457
323.938446
324.058285
324.048696
324.022742
323.941698
323.950598
323.949060
323.941522
323.978346
324.012874
324.012018
324.015323
323.977722
323.978451
323.941997
323.942055
323.976874
324.092044
324.052406
323.941392
323.984384
323.983626
323.942135
324.016936
323.871052
324.021014
324.017410
324.019457
323.907176
323.944879
323.942536
323.870660
323.906423
323.904883
323.945166
323.940356
323.905391
323.976723
323.941290
323.905618
323.940603
323.905744
323.980500
323.869687
323.869193
323.980969
323.905813
323.942643
323.941648
323.871223
323.871707
323.803075
323.906509
323.941303
323.871432
323.908304
323.907723
323.942818
323.904845
323.907464
323.990004
323.979670
323.869995
323.835288
323.905876
323.904438
323.937941
323.937657
323.905162
323.868614
323.937796
324.014206
323.937564
323.936875
323.905774
323.869876
323.904612
323.868277
323.869683
323.937549
323.905201
323.870139
323.939205
323.870684
323.835411
323.832945
323.980587
323.939178
323.974523
323.900114
323.900093
323.975980
323.937487
324.023142
324.013109
324.022688
323.865807
323.905570
323.904132
323.903636
323.980009
324.024777
323.981610
323.904970
323.903539
323.943224
323.943232
323.903224
323.902407
323.903526
323.943839
323.986278
323.982744
323.983563
323.939513
323.905781
324.054002
324.012730
323.975209
323.902537
323.904054
323.938113
323.903492
323.973510
323.939334
323.981111
323.904405
323.981884
323.867628
323.867457
323.946943
323.946472
323.869050
323.871447
323.867439
323.867728
323.982312
323.982312
323.936431
323.868170
323.904409
323.903379
323.903353
323.939313
323.941457
323.940073
323.982350
323.981089
323.902884
323.940251
323.938401
323.869044
323.972119
323.868499
323.905140
323.901116
323.900520
323.906114
324.058385
324.014695
323.941281
323.940988
324.056870
324.058104
323.902742
324.015159
324.101205
324.189841
323.867420
323.866641
323.831139
323.943259
323.865872
323.939179
323.935392
323.901903
323.904046
323.902215
323.937063
323.832655
323.865374
323.940202
323.832635
323.936639
323.866161
323.903366
323.903840
323.903418
323.904708
323.904285
323.870132
323.870686
323.938450
323.938017
323.870039
323.835761
323.903590
323.973596
323.941556
323.903441
323.902993
323.900284
324.013212
323.831345
323.942844
323.866379
323.940390
323.902543
323.868313
323.903269
324.016508
323.901737
323.939293
323.868298
323.938486
323.902509
323.902893
323.869853
323.903644
323.906821
323.867471
323.973495
323.941538
323.905934
323.941590
323.980651
323.943432
323.907484
323.977917
323.902941
323.978397
323.978548
323.907547
323.978894
323.903278
323.974659
324.013827
324.014553
324.010974
323.977933
324.012081
323.977689
323.941550
324.012286
323.976435
323.940583
323.977522
323.979527
323.977941
323.979270
323.903433
323.866992
323.865916
323.866419
323.902529
323.903331
323.867799
323.830515
323.865679
323.977200
323.977161
323.976361
323.864679
323.904031
323.905314
323.870859
323.902632
323.865312
323.866399
323.978956
323.904028
323.941290
323.943787
323.833198
323.831542
323.831523
323.942955
323.941692
323.906205
323.831308
323.873842
323.798075
323.939836
323.832786
323.907902
324.053926
324.051934
323.904856
323.938382
323.831948
323.799220
323.799219
323.868215
323.866069
323.941255
323.905128
323.944584
323.905928
323.943149
323.871487
323.867727
323.833184
323.833491
323.870715
323.871308
323.836398
323.868506
323.870435
323.797247
324.055262
324.020589
324.017726
324.019731
323.980443
323.986402
323.939377
323.980433
323.978682
323.980433
323.987654
324.022870
324.021570
323.908308
323.909005
323.943539
323.950066
324.017365
324.017341
323.980018
323.950840
323.832864
323.833172
323.869360
323.903951
323.796967
323.904541
323.903575
323.903410
323.900430
324.107568
323.946414
323.867532
323.942709
323.908095
324.017326
323.833910
323.937966
323.798883
323.944294
323.904785
323.905935
323.868736
323.832968
323.909332
323.941748
323.833763
323.833368
323.906986
323.833145
323.907583
323.945419
323.943439
323.903113
323.903029
323.981203
323.868306
323.904465
323.906216
323.903838
323.980704
323.834877
323.836698
323.870000
323.905330
323.870371
324.060058
323.871851
323.906666
323.981658
323.983865
323.906228
323.904971
323.945143
323.981165
323.985414
324.016504
324.024325
323.940378
323.938696
323.937672
323.902402
323.937620
323.903403
324.016634
324.016647
323.939872
323.902054
323.903394
323.905211
323.868535
323.867724
324.016026
323.904600
323.939531
323.904974
323.981891
323.981100
323.937486
323.981338
323.867457
323.939536
323.981323
323.901589
323.867192
324.015833
323.903705
323.936685
323.975586
323.902842
323.939363
324.017567
324.015710
323.938734
324.093129
324.092660
324.058496
323.977533
323.979785
323.985280
324.019293
324.018229
324.017441
323.984066
323.977156
324.010331
323.905143
323.905148
323.903123
323.902654
323.904810
323.978424
323.905319
323.941820
323.943460
324.023361
324.022847
323.985446
323.902866
324.053021
323.902888
324.052553
323.937138
323.938503
324.086924
323.973895
323.904004
323.936949
323.938001
324.011967
324.018977
323.906005
324.017709
323.940831
323.976002
323.977738
324.060955
324.018466
324.059683
323.905578
323.985459
323.974620
323.937642
323.939322
324.052926
323.940654
323.978262
323.975409
323.981074
323.981552
323.833580
323.907698
323.875111
324.023467
323.766419
323.906325
323.799194
323.903280
323.904433
323.942070
323.906411
323.910158
323.869593
323.868800
323.871438
323.905563
323.908281
323.903230
323.870664
323.906189
323.908484
323.909385
324.023902
323.836660
324.013842
323.941789
323.942090
323.870583
324.181749
324.095826
324.020658
324.017899
324.146293
324.097103
324.062568
324.018732
324.022290
323.871133
323.872204
323.940573
324.060969
324.099727
324.146446
324.020296
323.903375
323.903082
324.052522
324.011044
323.902841
323.976174
324.016135
323.977468
324.012360
323.977245
323.976341
323.977723
323.976905
323.978618
323.901845
323.978638
323.902033
323.978394
323.902921
324.015941
323.905190
323.902847
323.903400
323.936701
323.939373
323.981789
323.983059
323.940784
323.939795
323.871221
323.905505
324.050538
323.902832
323.904176
323.938064
323.937155
323.904359
323.940654
323.974118
324.016095
324.016879
323.973435
323.973504
323.982129
323.977442
323.984775
323.951379
324.021517
324.018041
324.017660
324.020727
324.018521
324.094599
324.089086
323.987338
324.018839
324.018929
324.019313
324.085027
323.836582
323.903204
323.835544
323.904929
323.866426
323.833219
323.799651
323.834206
323.940715
323.870981
323.983240
323.871397
323.976155
323.977946
323.866721
323.867193
323.870880
323.869776
323.868602
323.904968
324.016758
323.939334
323.905389
323.867731
323.868199
323.940440
323.832443
323.944030
323.973473
323.936569
323.903449
323.903752
323.905781
323.937454
323.905722
323.975434
324.012863
323.941398
323.977025
323.978914
324.013774
323.868475
323.903022
324.052566
323.972823
323.938041
323.904365
323.870754
323.909183
323.832299
323.906614
323.942470
323.944429
323.903475
323.906264
323.905227
323.905202
323.983307
323.940968
324.015358
323.976103
323.978287
323.977744
324.050900
323.901777
323.901726
323.901467
323.901837
324.015115
323.901824
323.986451
323.987227
323.867388
323.948596
323.980774
323.980767
323.870666
323.904582
323.940544
323.940880
323.979914
323.941062
323.942382
323.978025
323.977006
323.979355
323.941652
324.088752
324.056820
323.906037
324.055224
323.942161
323.984655
323.977586
323.940787
323.978618
323.942191
323.941863
323.983217
323.975771
323.976308
323.977310
323.940479
324.052578
323.904862
324.018977
323.906874
323.906505
323.906649
323.837221
323.838270
324.018297
323.904496
323.983861
323.947604
324.017034
324.020676
323.976183
323.981338
324.054708
324.024760
324.059947
324.058456
324.059277
323.902817
323.937253
323.905087
323.907839
323.903368
323.943794
323.940098
323.905876
323.868795
323.981854
323.982828
323.941254
323.941443
323.902753
323.904654
323.980417
323.904660
323.908687
323.987350
323.983838
323.985135
324.059731
324.014936
323.948753
324.023472
324.026222
323.976708
323.977500
323.940190
323.939019
323.975576
323.868427
323.940129
323.904966
323.944109
323.872060
323.906622
323.906153
323.908023
323.868636
323.980425
324.024707
323.941339
323.939876
323.938298
323.975932
323.975735
323.941482
323.902499
323.903627
323.901442
323.939577
323.869020
323.906238
323.905325
323.976957
323.834063
323.832600
323.903290
323.904996
323.833646
323.903747
323.835094
323.868707
323.866064
323.903297
323.975790
323.977522
323.982504
323.904678
323.903325
323.905196
323.905968
323.975777
323.943602
323.942829
324.021112
324.019575
323.986180
323.983537
323.982745
323.982653
323.983430
324.053037
324.017639
324.018802
323.984642
323.941441
323.909137
323.943345
323.906077
323.831031
323.832672
323.906987
323.984398
324.027359
323.984393
323.829422
323.831025
323.906342
323.831264
323.866655
323.942614
323.903347
323.865280
323.870098
323.904394
323.943910
323.904155
323.870598
323.874322
323.977607
323.978597
323.940962
323.907569
323.905858
323.942679
323.945506
324.017023
324.018410
323.976244
323.902818
323.901683
323.938644
323.976660
324.016601
324.016114
323.903002
323.980591
323.941936
323.981376
323.981681
323.905011
323.980897
323.984408
323.983925
324.026874
324.026394
323.907977
323.870458
323.871534
323.978699
323.940509
324.012900
323.866646
323.976945
323.903425
323.978456
323.905283
323.978619
324.018891
324.015042
324.019384
324.015053
323.865873
323.865577
323.940115
323.976253
323.800217
323.905365
323.904613
324.024244
323.944356
323.944102
323.871533
323.907628
323.903657
323.901436
323.834181
323.870108
323.903016
323.868838
323.830764
323.830791
323.906734
323.909637
323.872438
323.905932
324.019037
324.019036
323.902748
323.869372
323.903577
323.903281
323.909840
323.904074
323.905824
323.800435
323.941548
323.833700
323.833186
323.905449
323.834258
323.833922
323.943780
323.941244
323.866612
323.905869
323.831086
323.868235
323.976580
323.868186
323.903046
323.869527
324.231062
323.835766
323.908098
323.871949
323.943739
323.977625
323.944667
323.984765
323.906078
323.987085
324.022433
324.024078
323.832663
323.944327
323.979086
323.871262
323.943314
323.837200
323.871650
323.908099
323.988270
323.833387
323.904388
323.870651
323.870004
323.904178
323.975943
323.870639
323.867507
323.833550
323.835267
323.944867
324.072177
323.913078
323.866946
323.938745
323.939268
324.107874
324.114558
323.869382
323.938699
323.869792
323.906654
323.938084
323.832541
323.834204
324.023060
323.906649
323.903285
323.902638
323.940158
323.908101
323.940970
323.943219
323.868834
323.868494
323.833684
323.905157
323.905004
323.942713
323.944096
323.908270
323.943394
323.867978
323.868980
323.872222
323.940696
323.905485
323.834354
323.903606
323.902816
323.831206
323.831204
323.835508
323.939857
323.902214
323.903198
323.870471
323.943483
323.905276
323.940097
323.908403
323.939670
323.868888
323.979363
323.979368
323.868103
323.872150
323.834655
323.947293
323.867458
323.947779
323.867421
323.904507
323.979080
323.904035
323.902524
323.903861
323.868289
323.866613
323.901942
323.901101
323.900963
323.937687
323.868069
323.939288
323.869124
323.870145
323.941558
323.902525
323.870485
323.978341
323.833925
323.832356
323.832068
323.905331
323.831732
323.869012
323.831759
323.865770
323.905882
323.907124
323.940330
323.832780
323.869319
323.902197
323.867639
323.830964
323.832271
323.831470
323.831756
323.867945
323.867345
323.871414
323.869517
323.838181
323.876901
323.800435
323.906153
323.941486
323.939869
323.983254
323.976376
323.906983
323.907823
323.974411
323.907415
323.907999
323.942978
323.942854
323.943328
323.869467
323.868966
323.870858
323.909289
323.943431
323.870227
323.869738
323.870410
323.907494
323.908842
323.908750
323.869039
323.867391
323.872112
323.871342
323.834434
323.946465
323.870378
323.835301
323.909176
323.941031
323.870919
323.837018
323.949987
323.949537
323.983020
323.906626
323.870249
323.871382
323.767152
323.989496
323.799859
323.799596
323.903990
323.906078
323.874020
323.835568
323.837158
323.905290
324.022303
324.023195
324.023209
324.021541
324.065303
324.022023
323.872551
323.868396
323.939843
323.941968
323.906553
323.981911
324.025654
323.983726
323.984815
323.869086
323.904325
323.943095
323.870169
323.942013
323.981901
323.905589
323.941996
323.870760
323.938461
323.983145
323.866476
323.867484
323.974995
323.870291
323.942521
323.868562
323.869097
323.869055
323.906233
323.941419
323.906016
323.943395
323.978304
323.944039
323.869819
323.832350
323.901638
323.871346
323.870849
323.797143
323.940243
323.833450
323.834506
323.836334
323.870911
323.871714
323.906288
323.906719
323.868503
323.835206
323.868216
323.942122
323.943603
323.977846
323.943329
323.943623
323.868964
323.835777
323.834057
323.909659
323.900398
324.011586
323.901721
324.010425
323.974979
323.904085
323.903569
323.869858
323.978622
323.943914
324.012626
323.983099
324.019450
323.871056
323.867735
323.833379
323.941177
323.949146
323.940610
323.948494
323.909774
323.941740
323.834167
323.833616
323.868960
323.833877
323.870081
323.837040
323.909613
323.833151
323.833650
323.939853
323.832035
323.905288
323.906048
323.872882
323.836854
323.871964
323.906422
323.906853
323.866855
323.867654
323.834203
323.835271
323.836147
323.904416
323.903569
323.834483
323.978416
323.980058
323.941368
323.904743
323.800175
323.800196
323.941036
323.832633
323.867928
323.833410
323.835173
323.905160
323.904046
323.866472
323.867410
323.975074
323.866903
323.868609
323.868284
323.940479
323.938996
323.833174
323.904064
323.901951
323.832005
323.832646
323.902717
323.831058
323.829717
323.798301
323.833705
323.834873
323.764526
323.871747
323.836698
323.833748
323.944442
324.072076
323.982284
323.938577
323.939708
323.867709
323.904367
323.980706
323.869394
323.796976
323.798572
323.907947
323.939192
323.980504
323.979664
323.936495
323.943296
323.942293
323.942183
323.936795
323.973195
323.902485
323.936674
323.903083
323.868099
323.973743
323.868141
324.051237
323.936023
323.902789
323.937052
323.902004
323.867497
323.867520
323.983498
323.871355
323.941834
323.905964
323.977840
323.940513
323.975969
324.017075
323.940566
323.939352
324.017841
323.940463
323.940953
324.019667
324.059920
324.110287
324.025429
324.027130
323.904284
323.904326
323.868195
323.868358
323.908830
323.978578
323.904210
323.866594
323.867089
323.866560
323.939562
323.942209
323.869071
323.906961
323.902461
323.800773
323.870050
323.940805
323.940159
323.941363
323.943081
323.940180
323.872704
324.058056
323.833917
323.799382
323.832180
323.831656
323.905562
323.868348
323.909095
323.938480
323.939642
323.866543
323.942420
323.974471
323.945005
323.978450
323.980137
323.942542
323.945912
323.866432
323.939766
323.866638
323.979257
323.979421
323.907268
323.908762
323.943155
323.980656
323.904446
323.905570
323.902847
324.013793
323.975048
324.012656
323.940293
323.906151
323.939416
323.978024
323.978030
323.906846
323.941934
323.977622
323.905806
323.870202
323.983767
323.797726
323.870374
323.940659
323.872253
323.981766
323.940230
323.939197
323.973717
323.869310
323.981776
323.868495
323.872464
323.906968
323.905090
323.949057
323.940823
323.906754
323.948290
324.017769
324.019944
323.831323
324.057746
323.984439
324.017245
323.939628
323.907483
323.942312
323.868431
323.869060
323.867941
323.983509
323.941548
323.982244
323.977569
323.947714
323.946955
324.017377
324.018258
324.020435
323.941933
323.799670
323.835242
323.834968
323.797758
323.874714
323.799376
324.073216
323.946784
324.022322
324.067344
324.022715
324.022318
324.066073
324.021069
324.022724
323.769214
323.875214
323.733894
323.946774
323.870719
323.836490
323.946266
323.946745
323.868713
324.017711
324.072445
323.941858
323.941742
324.018440
324.018383
324.018370
323.975431
323.976052
323.976596
324.096404
324.107267
323.872439
323.907180
323.833200
323.870357
323.870610
323.869006
323.873472
323.945377
323.909447
323.939280
323.905786
323.832876
323.832881
323.832712
323.907993
323.907619
323.982900
324.017703
324.109051
324.143420
324.088649
324.019805
324.016125
324.132313
324.088359
324.027399
324.029090
324.030790
324.061899
324.103786
324.101574
324.063600
324.113037
324.113939
323.870845
323.870305
323.980943
323.871043
323.866924
323.905439
323.981450
323.978390
323.905470
324.026769
323.868428
323.875093
323.940797
323.945810
323.941457
323.980714
323.867033
323.907842
323.944953
323.906142
323.907716
323.906546
323.906196
323.867750
323.975304
323.941426
323.983406
323.905591
323.869276
323.869356
323.868911
323.838588
323.940647
323.868526
323.798806
323.833350
323.833655
323.940577
323.796725
323.797339
323.906957
323.835015
323.941136
323.949592
323.977373
323.901204
323.867248
323.834106
323.902759
323.833058
323.903326
323.936012
323.835586
323.904237
323.834054
323.938347
323.904175
323.937833
323.904112
323.903878
323.868880
323.938022
323.865062
323.901981
323.902487
323.902728
323.903079
324.014160
323.982794
324.014156
323.908006
323.979895
323.942424
324.016708
323.976542
323.980913
324.013457
323.979228
323.940558
324.127959
324.016624
324.020787
324.089116
323.983903
324.021459
323.984669
324.021442
323.868789
323.980015
323.869575
323.980019
323.978679
323.947216
323.947974
323.904230
323.947149
323.908507
323.947933
324.142162
324.050253
324.059021
323.984215
323.987281
323.985433
324.059793
323.865629
323.905257
323.866425
323.870361
323.867672
323.900911
323.905569
323.940744
323.900433
323.945005
323.866539
323.868247
323.867967
323.866103
323.947292
323.947305
323.939929
323.871601
323.868941
323.980677
323.940987
324.015879
323.981155
323.903541
323.904545
323.941177
323.904959
323.939059
323.871051
323.868594
323.980432
323.942068
324.015646
323.980920
323.904212
323.867482
323.904215
323.940849
323.943023
323.868297
323.904544
323.941180
323.981971
323.905857
323.905397
323.870838
324.184610
324.064481
324.066168
324.066715
324.068877
324.098968
324.149332
324.026840
324.015493
324.015974
324.016905
324.060746
323.986944
323.985406
323.984943
323.982753
324.108543
324.143181
324.108421
324.061957
323.944557
323.981230
323.948804
323.982901
324.052547
324.088888
323.984152
323.950335
324.014488
323.905540
323.867331
323.942435
323.974403
323.942344
323.942251
323.974319
323.984682
323.873231
324.108184
324.075253
324.205784
324.193862
324.193862
324.205774
324.151075
324.152795
324.206929
324.198390
324.161348
324.115752
323.978871
323.980649
324.014139
323.983117
323.867509
323.937874
323.903746
323.979571
323.938418
323.904828
324.106409
324.072497
323.802724
323.870919
323.870449
323.947566
323.835269
323.868081
323.868943
323.944434
323.867442
324.016236
323.941848
323.980697
323.945206
323.943982
323.870467
323.870459
323.871812
323.798858
323.876332
323.803849
323.907196
323.799692
324.017351
323.869236
323.867471
323.905808
323.869521
323.868168
323.902537
323.940123
323.905676
323.942957
323.942926
323.976137
323.831661
323.831873
323.944449
323.942823
323.902442
323.904854
323.871375
323.902745
323.902740
323.905110
323.944868
323.907236
323.800651
323.801511
323.833581
323.800147
323.900361
323.867133
323.903614
323.906058
323.905290
323.978006
323.831848
323.832349
323.977198
323.977141
323.977527
323.943519
323.830840
323.977076
323.832138
323.868534
323.943645
323.869305
323.869032
323.868005
323.869337
323.867428
323.834472
323.835363
323.977251
323.938930
323.908330
323.942921
323.906372
323.941614
323.904486
323.904972
323.866996
323.940095
323.939610
323.870943
323.945299
323.946896
323.871260
323.905387
323.904474
323.868954
323.942640
323.941873
323.834429
323.798206
323.832042
323.830960
323.798201
323.868978
323.830258
323.983759
323.869433
323.869865
323.905116
323.832026
323.871001
323.866911
323.866311
323.939973
323.940452
323.903512
324.019132
324.023447
324.064737
324.062508
323.978357
323.979102
323.867661
323.900404
323.902966
323.899903
323.867680
323.943312
323.903443
323.867843
323.797968
323.832053
323.833047
323.832972
323.831862
323.867493
323.869742
323.981014
323.939219
323.904233
323.866032
323.870588
323.869059
323.902874
324.105995
323.943459
323.832145
323.798871
323.908730
323.941163
323.832701
323.832656
323.874581
323.831205
323.903440
323.867385
323.938827
323.904479
323.903253
323.904796
323.866517
323.939930
323.836342
323.835734
323.907218
323.836296
323.905489
323.941476
323.906444
323.867410
323.903355
323.867707
323.902898
323.868170
323.943595
323.869296
323.904755
323.979078
323.943888
323.904779
323.939357
323.870284
323.942962
323.941912
323.978525
323.833660
323.984521
324.059576
323.866695
323.973748
323.867035
323.943889
323.939807
323.834835
323.867337
323.867656
323.903619
323.903593
323.870884
323.938802
323.903309
323.906349
323.834890
323.833998
323.867824
323.980232
323.905732
323.833279
323.939528
323.867071
323.866738
323.864313
324.085390
324.009659
323.867434
323.903356
323.902518
323.935712
323.902802
323.935997
323.979504
323.940630
323.866695
324.015059
323.867194
323.870815
323.905993
323.871963
323.836356
323.976039
323.901696
323.868916
323.907670
323.941083
323.834208
323.833722
323.907637
323.797791
324.056097
324.018795
323.987228
324.020350
323.868509
323.798845
323.903139
323.905477
323.832853
323.868492
323.906608
323.910286
323.906233
323.909551
323.942799
323.942765
324.024560
323.868584
323.904033
323.944990
323.901923
323.901136
323.940522
323.870860
323.907718
323.942576
323.869512
323.983954
323.942054
323.905224
323.985083
323.945726
323.834216
323.800992
323.798551
323.833410
323.909831
323.870154
323.872184
323.904578
323.870595
323.871208
323.831819
323.797676
323.905673
323.904856
323.905775
323.906916
323.871424
323.867188
323.905485
323.872287
323.867075
323.832708
323.943500
323.945174
323.870564
324.196180
324.147548
323.834897
323.800755
323.835280
323.983646
323.870485
323.867954
323.904767
324.106483
324.154961
324.110527
324.202036
324.328910
323.943339
323.946377
323.943174
323.909553
323.978739
323.939106
323.938550
323.904155
323.796111
323.865411
323.978320
323.867274
323.865936
323.907232
323.833909
323.834213
323.871279
323.869796
323.832142
323.942982
323.974464
323.866573
323.868233
323.867598
323.901704
323.909364
323.940489
323.909105
323.832696
323.867726
323.974828
323.940484
323.941247
323.864872
323.797257
323.869826
323.764516
323.835600
324.017672
323.869752
323.903301
323.901376
323.830026
323.869719
323.797584
323.869680
323.869002
323.868494
323.833716
323.834556
323.948439
323.867225
323.947835
323.865445
323.866821
323.936076
323.900303
323.936835
323.866931
323.832406
323.899640
323.940802
323.976943
323.866921
323.902542
323.901993
323.865245
323.900113
323.902613
323.902746
323.832063
323.940633
323.902488
323.904235
324.016510
323.901990
323.869436
323.902297
323.942584
323.941549
323.938098
323.903127
323.943036
324.053934
323.908701
323.903790
323.908085
323.978193
323.935649
323.936830
323.904656
323.870199
323.869143
323.974010
323.902059
323.867983
323.973450
323.836686
323.835945
323.939539
323.904897
323.905054
323.835051
323.800501
323.981591
324.009412
323.901552
323.977246
323.941115
323.938974
323.872690
323.940353
323.868719
323.939286
323.834440
323.940859
323.982339
323.903553
323.940247
323.865947
323.864933
324.017481
323.903572
324.017544
323.904706
323.904268
323.835595
323.868995
323.905672
323.869584
323.870646
324.051238
323.939485
324.093216
323.939302
323.941988
323.831605
323.868684
323.867352
323.866053
323.937969
323.863369
323.937679
323.904826
323.831120
323.798354
323.903998
323.831105
324.015588
324.090755
324.018659
323.831352
323.831160
323.943047
323.869619
323.944195
323.940078
323.903867
323.904838
323.979957
323.835928
323.902599
323.903561
323.979480
323.977209
323.902046
323.903008
323.978923
323.902724
323.903876
323.973006
324.016026
323.867717
323.940058
323.901429
323.867805
323.836458
323.834003
323.938486
323.869382
323.942311
323.868937
323.868532
323.868458
323.903073
323.866875
323.866611
323.866937
324.010677
323.938419
323.939423
323.901995
323.905815
323.937016
323.900492
323.901425
323.900694
323.868589
323.900582
323.937972
323.869320
323.866355
323.833637
323.938544
323.868332
323.866435
323.978302
323.940406
323.978314
323.831221
323.832355
323.981510
323.944750
324.014486
323.976331
323.870135
323.833717
324.028701
323.867642
323.867130
323.938470
323.903145
323.867619
323.870854
323.945950
323.871852
323.833396
324.025293
323.988421
323.986269
323.869058
323.902807
323.870975
323.909043
323.944075
323.829135
323.979743
323.980218
323.949048
323.950284
323.979954
323.902281
323.902772
323.869118
323.868071
323.944246
323.977991
323.981821
323.981705
323.946860
323.947156
323.946962
323.981754
323.868843
323.869881
323.949754
323.950243
323.830247
323.831232
323.938708
323.940996
323.940536
323.831477
323.905940
323.831248
323.942609
323.902731
323.941009
323.941003
323.797767
323.870116
323.834522
323.944290
323.975172
323.980305
323.980124
323.982001
323.900655
323.901168
323.980903
323.833388
323.945822
323.908366
323.873469
323.943070
323.905083
323.870197
323.869483
323.869848
323.946652
323.910262
323.940406
323.868290
323.907080
323.871114
323.867964
323.869310
323.869623
323.799102
323.869134
323.868577
323.869362
323.870992
324.022376
324.024153
324.019819
324.021578
324.023356
324.022264
323.977276
323.941465
324.018210
324.018177
324.018186
323.905701
323.938810
323.984671
324.018191
324.018987
324.060169
324.060650
323.985143
323.905255
323.940350
323.977955
323.977428
323.940517
323.982241
323.975974
323.940659
323.981761
324.021297
323.937845
323.901918
323.871912
323.903925
323.903582
323.982817
323.902571
323.867361
323.985458
323.983079
323.906712
323.903335
323.941284
323.940761
323.981950
323.940150
323.982060
323.867963
323.906517
323.903775
323.939162
323.938698
323.907129
323.939486
323.978008
323.979747
323.977268
323.942376
323.867041
323.944026
323.906502
323.945869
323.944194
323.943411
324.111214
323.905935
323.909617
323.872231
323.867610
323.831527
323.902951
323.870159
323.904920
323.984323
324.024246
323.984001
323.943084
323.868542
323.867201
323.834752
323.905032
323.910032
323.906311
323.949568
323.909483
323.909094
323.835635
323.904624
323.834027
323.941159
323.907542
323.943047
323.799934
323.799109
323.904898
323.798155
323.832048
323.869049
323.901623
323.901111
323.868972
323.903475
323.938455
323.909323
323.903972
323.904567
323.905594
323.834200
323.832311
323.837443
323.947610
323.798578
323.941948
323.797782
323.905760
323.906934
323.796687
323.940299
323.798045
323.833622
323.797533
323.833124
323.797480
323.797787
323.905710
323.868024
323.872445
323.868841
323.868803
323.867481
323.832078
323.831053
323.801138
323.798839
323.906851
323.833762
323.940032
323.834278
323.940781
323.765626
323.765319
323.909474
323.869232
323.869268
323.943066
323.832345
323.981488
323.905722
323.866911
323.904301
323.831866
323.909466
323.938407
323.940039
323.947869
323.869154
323.947121
324.470587
324.154274
324.158290
324.107174
323.986884
323.945051
323.903910
323.947279
323.985769
323.946033
323.945350
323.938616
323.905534
323.943299
323.984325
323.978402
323.938753
323.872349
323.940450
323.868131
323.905542
323.943353
323.976063
323.868560
323.903226
323.944520
323.983010
323.902083
323.902171
323.901755
323.901196
323.902168
323.941770
323.940415
323.942380
323.902808
323.832963
323.832584
323.903747
323.868583
323.942775
323.942575
323.937776
323.904155
323.983173
323.834477
323.906538
323.834457
323.868217
323.867166
323.950766
323.833990
323.866695
323.941038
323.940571
323.833966
323.905659
323.866450
323.977944
323.906768
323.867142
323.866615
323.938776
323.871672
323.939777
323.905478
323.905816
323.940146
323.904950
323.867205
323.942103
323.867682
323.945099
323.940561
323.798531
323.940516
323.831775
323.941635
323.798867
323.831813
323.830761
323.940511
323.942137
323.798829
323.765250
323.802101
323.832084
323.832043
323.908195
323.939634
323.833119
323.943520
323.908025
323.940355
324.122697
323.949601
323.950073
323.796681
323.873407
