248.800594
248.798512
248.909601
248.995908
248.835307
248.905303
248.838001
248.798677
248.834388
248.875877
248.764874
248.873089
248.878115
248.836114
248.835599
248.797412
248.873493
248.840566
248.801471
248.873931
248.908389
248.872933
248.799534
248.907878
248.872466
248.764521
248.799488
248.872429
248.915892
248.949460
248.874597
248.835039
248.872309
248.869466
248.835302
248.906342
248.915533
248.875039
248.909792
248.909923
248.910270
248.870922
248.910373
248.868272
248.835231
248.796749
248.907687
248.983835
248.949623
248.867960
248.797619
248.872652
248.871019
248.873835
248.834500
248.763397
248.798008
248.868179
248.908081
248.874449
248.908412
249.050369
249.001386
248.956486
248.911684
248.833327
248.834597
248.908536
248.870564
248.832904
248.907668
248.874656
248.874750
248.870483
248.837523
248.832490
248.870790
248.947206
248.953370
249.034743
248.798116
248.947844
248.918137
248.984941
248.946466
248.912151
248.917225
248.912388
248.914631
248.873912
248.870013
249.004856
248.952354
248.835322
249.000734
249.004658
248.801946
248.799109
249.032368
248.994835
249.049957
249.041697
248.951170
248.957793
248.871389
248.912385
248.874484
248.875441
248.838166
248.836224
248.798515
248.800710
248.804213
248.765449
248.800562
248.906771
248.910922
248.798088
248.799611
248.878313
248.869854
248.912824
248.797067
248.913577
248.946572
248.872920
248.762545
248.878108
248.874454
248.834424
248.834255
249.147946
248.833133
248.764552
248.833709
248.836255
248.955496
248.952543
248.799136
248.797931
248.912107
248.872841
248.913794
248.912261
248.908500
248.997487
248.965679
248.878089
248.877297
248.879792
248.875784
248.911339
248.882487
248.764324
248.798573
248.801216
248.732300
248.806383
248.839396
248.832509
248.832586
248.834795
248.868306
248.798306
248.841574
248.731761
248.833348
248.837735
248.837342
248.798297
248.991489
248.906407
248.946823
248.834359
248.947437
249.032358
248.834845
248.731463
248.800232
248.803011
248.765704
248.799743
248.835762
248.799188
248.912853
248.837815
248.798947
248.838073
248.834250
248.832371
248.870511
248.834546
248.870797
248.834860
248.766990
248.766313
248.836210
248.836460
248.697725
248.915720
248.867494
248.871792
248.833412
248.912165
248.798618
248.874250
248.831804
248.763745
248.872331
248.799572
248.843135
248.730773
248.875748
248.875951
248.877246
248.843070
248.834176
248.803065
248.800346
248.942290
249.008609
249.008311
248.869299
248.834268
248.870601
248.798941
248.948400
248.867979
248.871463
248.870583
248.868822
248.836711
248.798607
248.832811
248.869136
248.905438
248.836116
248.907551
248.834453
248.957178
248.874250
248.832490
248.841540
248.951329
248.836495
248.953834
248.960224
248.799419
248.910429
249.287809
248.799460
248.875786
248.729819
248.728829
248.995936
248.837862
248.800162
248.806236
248.799489
248.801013
248.838985
248.839067
248.835217
248.833088
248.836419
248.914668
248.800023
248.835832
248.798630
248.913591
249.449598
