313.284448
313.243458
313.167735
313.133888
313.275437
313.134783
313.170683
313.133032
313.168558
313.132757
313.168584
313.132030
313.132054
313.168561
313.208148
313.207908
313.239059
313.205976
313.170266
313.283070
313.316953
313.169115
313.204727
313.207646
313.165776
313.165753
313.240562
313.240571
313.205210
313.287335
313.326387
313.328624
313.168933
313.168365
313.169218
313.204394
313.205023
313.134470
313.169041
313.243538
313.205512
313.134335
313.212219
313.136385
313.212209
313.101309
313.136395
313.212875
313.213942
313.134083
313.170637
313.247214
313.171890
313.213573
313.171653
313.214322
313.066060
313.064712
313.169973
313.169740
313.136353
313.137008
313.288764
313.169244
313.135844
313.169088
313.030662
313.098803
313.172620
313.203511
313.206841
313.170918
313.288410
313.134811
313.289662
313.207356
313.245948
313.207383
313.205917
313.204474
313.171221
313.168284
313.169437
313.323536
313.250446
313.282593
313.317828
313.170415
313.282819
313.249975
313.282568
313.171410
313.209571
313.098012
313.173115
313.133968
313.132346
313.171296
313.170217
313.245717
313.247234
313.169495
313.246474
313.212168
313.175413
313.212925
313.207007
313.243607
313.316086
313.134632
313.205992
313.207622
313.204897
313.097233
313.096386
313.206135
313.096694
313.168163
313.168205
313.166732
313.289321
313.290789
313.210397
313.210393
313.289804
313.292052
313.290019
313.207145
313.206076
313.282121
313.209367
313.250223
313.205106
313.170758
313.282126
313.208376
313.138859
313.033007
313.098301
313.213802
313.205361
313.100638
313.171410
313.281636
313.325508
313.281632
313.325005
313.174404
313.135767
313.133941
313.134739
313.102365
313.204612
313.136643
313.133381
313.204966
313.282236
313.167089
313.204664
313.136638
313.207894
313.171990
313.207840
313.210218
313.170950
313.172211
313.207840
313.209459
313.170435
313.170995
313.202888
313.202066
313.209945
313.247818
313.206488
313.245524
313.242445
313.208029
313.276637
313.243133
313.244370
313.204849
313.172736
313.137633
313.283919
313.170874
313.136788
313.206505
313.204462
313.205320
313.140946
313.245950
313.241190
313.276795
313.319247
313.320043
313.205864
313.246728
313.354990
313.394956
313.316668
313.277578
313.203065
313.240582
313.133397
313.247528
313.205694
313.202051
313.205346
313.204876
313.318847
313.170242
313.170733
313.321647
313.205325
313.240728
313.243826
313.244223
313.205411
313.206730
313.241850
313.168163
313.168739
313.133985
313.242350
313.135156
313.205531
313.169926
313.167728
313.239736
313.168282
313.241971
313.204372
313.166892
313.316143
313.239531
313.242656
313.131263
313.133430
313.206272
313.205911
313.131741
313.132507
313.169642
313.208118
313.098234
313.171393
313.204471
313.098766
313.170769
313.204966
313.135699
313.139471
313.205464
313.241335
313.243094
313.205200
313.251889
313.167664
313.249468
313.205447
313.170967
313.132717
313.245473
313.203720
313.318743
313.132654
313.277640
313.132349
313.134214
313.167939
313.133826
313.238869
313.239409
313.133096
313.166825
313.173274
313.132651
313.132167
313.206514
313.097963
313.208002
313.098427
313.206774
313.099050
313.098281
313.132620
313.239361
313.133481
313.247656
313.206410
313.240159
313.171031
313.285802
313.285798
313.171828
313.251405
313.239769
313.203290
313.246127
313.205435
313.205237
313.239026
313.132834
313.247891
313.132344
313.411471
313.329039
313.364488
313.322848
313.287601
313.287108
313.286338
313.286331
313.376270
313.328918
313.321865
313.284505
313.251430
313.251887
313.285266
313.284160
313.355863
313.357309
313.410977
313.328330
313.446786
313.363121
313.281583
313.172090
313.247073
313.246307
313.172029
313.134998
313.133645
313.278174
313.133116
313.167153
313.204188
313.133154
313.132870
313.206848
313.169035
313.245512
313.169621
313.246284
313.168743
313.204011
313.245315
313.246083
313.206647
313.245302
313.167926
313.248163
313.290380
313.135245
313.247680
313.289430
313.248153
313.248017
313.248021
313.323806
313.325143
313.172894
313.134870
313.208383
313.170212
313.134372
313.174781
313.284578
313.284585
313.283303
313.253403
313.253874
313.285391
313.207351
313.133339
313.170735
313.205677
313.136023
313.134978
313.206531
313.206543
313.282007
313.135753
313.317218
313.166940
313.169018
313.239998
313.240014
313.248947
313.168478
313.209150
313.245114
313.244269
313.206231
313.244367
313.243686
313.240114
313.169455
313.210938
313.206091
313.214375
313.204518
313.099399
313.131277
313.098008
313.169442
313.244764
313.211706
313.172013
313.135223
313.277158
313.166543
313.324609
313.324653
313.285872
313.284603
313.253094
313.134148
313.170285
313.170613
313.279009
313.202304
313.203523
313.168708
313.132604
313.278260
313.202505
313.167400
313.167374
313.133464
313.167999
313.133819
313.169466
313.285848
313.253101
313.284570
313.171645
313.209435
313.207217
313.097225
313.173201
313.167467
313.168630
313.241169
313.167956
313.203570
313.166301
313.241846
313.169538
313.170660
313.168370
313.169191
313.168280
313.249265
313.281812
313.169967
313.240373
313.245942
313.319226
313.205065
313.283976
313.249952
313.244468
313.205882
313.130730
313.206621
313.169069
313.279295
313.246802
313.169207
313.132178
313.135974
313.201279
313.168392
313.246327
313.132830
313.167386
313.131980
313.359027
313.204838
313.282643
313.357246
313.211856
313.171153
313.212645
313.132805
313.132815
313.247135
313.239337
313.205639
313.246650
313.133905
313.170891
313.133069
313.171267
313.279280
313.135640
313.169204
313.246101
313.203799
313.203049
313.204603
313.205074
313.245629
313.133884
313.133578
313.136131
313.134984
313.134949
313.099583
313.248074
313.134546
313.206385
313.065500
313.100038
313.170555
313.170571
313.171157
313.282100
313.285638
313.208041
313.171142
313.205871
313.204400
313.313461
313.319144
313.313957
313.244268
313.168387
313.168035
313.167700
313.204404
313.241762
313.133093
313.133100
313.168232
313.281974
313.167680
313.282741
313.274184
313.248450
313.248463
313.136312
313.291462
313.068252
313.171104
313.201943
313.278407
313.202781
313.203320
313.371140
313.207221
313.206621
313.169323
313.279208
313.211003
313.208065
313.206630
313.170517
313.249385
313.134893
313.243754
313.243745
313.371537
313.206625
313.206435
313.206857
313.205850
313.170007
313.204252
313.370984
313.243587
313.206906
313.211670
313.170306
313.169034
313.280343
313.170975
313.211208
313.170987
313.243194
313.244460
313.169821
313.280748
313.134566
313.245064
313.205974
313.169135
313.204978
313.244590
313.135222
313.133023
313.205420
313.206405
313.206587
313.206769
313.282252
313.291856
313.285524
313.252231
313.286734
313.212593
313.278687
313.319318
313.241807
313.319346
313.241878
313.278146
313.277440
313.283067
313.325587
313.279002
313.205677
313.358333
313.201386
313.280286
313.168976
313.320653
313.363807
313.285579
313.210695
313.174245
313.170661
313.244567
313.241777
313.206138
313.244882
313.211771
313.242187
313.170158
313.168403
313.287434
313.328571
313.288845
313.322603
313.319552
313.285247
313.241164
313.249557
313.241396
313.282932
313.205115
313.247191
313.247956
313.206173
313.205236
313.205273
313.241695
313.250245
313.283634
313.206643
313.242881
313.283148
313.241804
313.321316
313.363836
313.285752
313.320078
313.284802
313.284900
313.287242
313.285525
313.325510
313.171196
313.171172
313.170881
313.170145
313.171105
313.242915
313.206110
313.202807
313.246854
313.247598
313.172467
313.246834
313.169968
313.172126
313.208119
313.240426
313.239684
313.242305
313.205178
313.246549
313.168749
313.242122
313.207092
313.240327
313.282772
313.205666
313.281982
313.241821
313.209181
313.209244
313.206889
313.171518
313.167663
313.248703
313.285064
313.135918
313.248573
313.206052
313.171176
313.170927
313.102573
313.133834
313.101023
313.208544
313.133955
313.324592
313.246786
313.246310
313.137034
313.135464
313.204892
313.290522
313.246186
313.170929
313.133027
313.206770
313.245448
313.136293
313.135222
313.134807
313.169930
313.244989
313.205320
313.165276
313.136101
313.136037
313.204396
313.204885
313.204703
313.243576
313.169037
313.170492
313.278280
313.322603
313.204863
313.203691
313.281670
313.208377
313.170660
313.206030
313.208464
313.247617
313.206809
313.247114
313.281191
313.134551
313.136461
313.134035
313.245508
313.100064
313.103079
313.245992
313.168238
313.248855
313.244047
313.244833
313.135008
313.204726
313.280487
313.168456
313.132269
313.167634
313.201600
313.101184
313.135653
313.135836
313.170316
313.244789
313.243534
313.205932
313.204203
313.287104
313.322083
313.324591
313.320063
313.321299
313.360159
313.282570
313.241327
313.203693
313.282107
313.203840
313.248410
313.203397
313.205331
313.242534
313.242708
313.168355
313.246078
313.207126
313.241968
313.281274
313.205068
313.282047
313.240605
313.241122
313.169100
313.246095
313.282629
313.240041
313.240649
313.282941
313.204497
313.282948
313.243301
313.203864
313.249248
313.243971
313.241247
313.205617
313.323841
313.323850
313.242759
313.169767
313.289968
313.283772
313.317140
313.203104
313.171517
313.240113
313.203309
313.246852
313.246410
313.171189
313.204000
313.201230
313.241593
313.134566
313.133186
313.167783
313.202819
313.167217
313.285350
313.284583
313.170753
313.250705
313.205325
313.243212
313.203496
313.246428
313.170722
313.098820
313.136363
313.239812
313.202725
313.167541
313.167052
313.283285
313.201391
313.240715
313.206823
313.170503
313.287957
313.278303
313.322162
313.203076
313.202402
313.206767
313.249415
313.283607
313.137847
313.207203
313.249261
313.210368
313.281585
313.205649
313.282833
313.178677
313.178378
313.172646
313.170987
313.172773
313.102310
313.101750
313.170204
313.169293
313.246220
313.246709
313.170821
313.290180
313.204722
313.204832
313.244625
313.173483
313.099102
313.204423
313.169944
313.205891
313.170069
313.131995
313.132004
313.170786
313.168811
313.280285
313.207172
313.205014
313.207451
313.247718
313.171108
313.206459
313.204405
313.206532
313.246744
313.281208
313.172069
313.169781
313.280709
313.136457
313.169727
313.170171
313.248970
313.204777
313.167941
313.133669
313.242092
313.169293
313.249743
313.242378
313.276584
313.206765
313.244769
313.241771
313.320865
313.317456
313.166327
313.245007
313.205456
313.320841
313.316946
313.170860
313.170340
313.205891
313.206545
313.285041
313.172598
313.173235
313.283728
313.410699
313.361159
313.328460
313.362006
313.446610
313.287727
313.282916
313.246286
313.134047
313.134832
313.132414
313.320700
313.204545
313.204423
313.323936
313.279132
313.212779
313.171108
313.212749
313.287673
313.290888
313.097231
313.171501
313.096615
313.132914
313.131892
313.321398
313.324913
313.288962
313.204821
313.284397
313.239132
313.245073
313.203714
313.318889
313.206293
313.242097
313.281225
313.322702
313.171371
313.171003
313.246384
313.167734
313.280046
313.169986
313.317821
313.241710
313.203341
313.165801
313.165249
313.167610
313.239964
313.167945
313.239723
313.132002
313.203880
313.237963
313.133096
313.202459
313.203201
313.166255
313.170682
313.099809
313.247856
313.247869
313.211604
313.203012
313.169571
313.211920
313.098524
313.168818
313.280522
313.315257
313.168278
313.169368
313.170536
313.102580
313.170697
313.171053
313.168794
313.202399
313.204596
313.206466
313.249619
313.132555
313.168097
313.132536
313.097994
313.167808
313.239128
313.211873
313.135344
313.135614
313.248802
313.251267
313.355136
313.281059
313.168119
313.206360
313.207444
313.168613
313.135321
313.167887
313.133358
313.166327
313.169520
313.168773
313.098553
313.135971
313.167301
313.131946
313.133610
313.202388
313.166761
313.097430
313.099371
313.168727
313.244496
313.134427
313.167369
313.241436
313.164958
313.130712
313.240193
313.098409
313.098363
313.132876
313.204765
313.133540
313.203300
313.099805
313.205248
313.133685
313.168284
313.204715
313.204737
313.132096
313.098004
313.097152
313.169816
313.168754
313.204204
313.172007
313.240745
313.207842
313.209741
313.172215
313.206082
313.168070
313.167523
313.357312
313.206962
313.170058
313.169582
313.248473
313.247685
313.290210
313.134806
313.133441
313.246832
313.169605
313.205272
313.248091
313.133484
313.166746
313.135467
313.135458
313.207529
313.132796
313.132506
313.205172
313.131978
313.132845
313.244772
313.211237
313.129970
313.243197
313.242472
313.280239
313.279346
313.280325
313.244367
313.169623
313.100990
313.101248
313.100208
313.170330
313.206056
313.204185
313.203818
313.207971
313.212906
313.211008
313.214426
313.206085
313.136251
313.204009
313.133979
313.202828
313.202977
313.170084
313.137463
313.134392
313.136060
313.171705
313.169714
313.171093
313.210236
313.136115
313.422224
313.370612
313.417709
313.103242
313.137707
313.100846
313.203998
313.205573
313.169648
313.167853
313.244342
313.204531
313.205216
313.205797
313.167519
313.135142
313.169512
313.170764
313.169804
313.169432
313.065247
313.288049
313.278007
313.170296
313.170479
313.288362
313.065561
313.288699
313.277811
313.241598
313.243238
313.241948
313.243403
313.206538
313.137054
313.173230
313.214120
313.214397
313.248477
313.134405
313.248605
313.097280
313.102371
313.096709
313.206066
313.206882
313.098022
313.134961
313.245334
313.169065
313.132348
313.203391
313.168521
313.279172
313.204520
313.279843
313.203495
313.237651
313.370461
313.207163
313.173722
313.210165
313.240891
313.210940
313.097656
313.133666
313.134840
313.172450
313.063931
313.135468
313.169877
313.170048
313.169600
313.096194
313.172321
313.097438
313.168934
313.209072
313.206384
313.336417
313.207412
313.207500
313.167737
313.206827
313.170361
313.098547
313.133328
313.170674
313.173098
313.133813
313.135461
313.207756
313.137144
313.135782
313.208523
313.101976
313.132058
313.131537
313.098781
313.205461
313.239951
313.169618
313.133558
313.245122
313.133526
313.135597
313.244658
313.133631
313.167853
313.208716
313.168345
313.204206
313.207479
313.206713
313.205565
313.242302
313.276833
313.211031
313.284382
313.250355
313.205987
313.242107
313.204836
313.134762
313.213259
313.135800
313.135126
313.169860
313.247363
313.250566
313.246538
313.204960
313.135259
313.168075
313.099369
313.168828
313.282191
313.133925
313.170826
313.206497
313.131988
313.134943
313.100670
313.373913
313.295170
313.292997
313.291288
313.134162
313.245258
313.136137
313.245732
313.327478
313.367683
313.365448
313.325788
313.377845
313.376625
313.247422
313.247127
313.171091
313.171535
313.247976
313.170518
313.291346
313.287452
313.283314
313.320820
313.318318
313.281862
313.252810
313.286254
313.168580
313.252157
313.249507
313.252925
313.249186
313.279768
313.324584
313.282981
313.410904
313.373452
313.325346
313.367297
313.206556
313.172306
313.067853
313.242693
313.243158
313.171735
313.210890
313.132765
313.205289
313.246791
313.169059
313.169234
313.245241
313.099017
313.210881
313.369908
313.418389
313.466744
313.373952
313.410643
313.461282
313.415499
313.408941
313.415848
313.461443
313.470477
313.424411
313.378805
313.172769
313.137260
313.209466
313.212782
313.243147
313.249459
313.251010
313.287130
313.096704
313.136444
313.132609
313.133914
313.241852
313.063765
313.168116
313.133596
313.096780
313.207067
313.066502
313.064827
313.174224
313.170133
313.100648
313.140312
313.212699
313.171178
313.101113
313.101928
313.098739
313.133791
313.133140
313.102237
313.133118
313.135477
313.175233
313.137627
313.132468
313.169375
313.171081
313.135045
313.133433
313.137240
313.208389
313.167957
313.131789
313.167955
313.169200
313.202654
313.135580
313.100179
313.098841
313.166056
313.240794
313.204660
313.241498
313.169527
313.203525
313.168995
313.096168
313.170484
313.063426
313.254481
313.170005
313.135057
313.208761
313.243080
313.208078
313.097182
313.250776
313.253879
313.249712
313.171466
313.211920
313.242707
313.134869
313.243886
313.211445
313.170541
313.103705
313.207793
313.170598
313.208707
313.134750
313.132655
313.166914
313.170044
313.167821
313.166624
313.170763
313.136534
313.132899
313.131760
313.208043
313.210167
313.173434
313.138573
313.209009
313.096919
313.096708
313.207371
313.137562
313.209723
313.208501
313.588760
313.134389
313.134112
313.207544
313.240943
313.240569
313.098986
313.170561
313.167275
313.202203
313.168723
313.168274
313.131706
313.097961
313.130712
313.204596
313.167559
313.170293
313.133493
313.134865
313.134642
313.203993
313.167715
313.168503
313.241434
313.170257
313.132769
313.131313
313.202698
313.207162
313.133567
313.173182
313.133081
313.134763
313.132104
313.132434
313.097467
313.205642
313.102471
313.102137
313.214519
313.137002
313.330068
313.328366
313.248499
313.206572
313.362857
313.331075
313.414504
313.333550
313.217061
313.217835
313.173701
313.210415
313.138505
313.062860
313.205788
313.062851
313.371552
313.392835
313.134113
313.136243
313.203881
313.203364
313.203855
313.360214
313.203999
313.246913
313.249575
313.136231
313.136482
313.174309
313.101664
313.215922
313.208407
313.169995
313.169593
313.170337
313.134898
313.170527
313.203250
313.133895
313.167759
313.134737
313.166922
313.245989
313.169808
313.203291
313.170318
313.168695
313.169483
313.099508
313.211046
313.134294
313.207160
313.208196
313.096392
313.241629
313.095900
313.170855
313.136340
313.167654
313.166838
313.133858
313.203923
313.134379
313.133629
313.208663
313.169052
313.135663
313.210199
313.172231
313.205977
313.135993
313.066446
313.099037
313.205368
313.129644
313.097183
313.169738
313.066688
313.138624
313.206205
313.167112
313.167114
313.097984
313.095914
313.099635
313.132942
313.131615
313.208274
313.337371
313.281325
313.336831
313.281316
313.066320
313.208070
313.137719
313.098760
313.099303
313.173568
313.175119
313.134940
313.174971
313.134434
313.136528
313.133081
313.133902
313.206664
313.099640
313.135706
313.175498
313.206384
313.170694
313.242617
313.171592
313.172049
313.065548
313.365566
313.245331
313.242186
313.282394
313.315890
313.206807
313.279051
313.277590
313.246297
313.166133
313.166885
313.206950
313.205498
313.171485
313.172040
313.170092
313.244712
313.243475
313.170330
313.248536
313.206035
313.168949
313.134637
313.136033
313.243089
313.244408
313.247730
313.250510
313.204885
313.170607
313.098821
313.170088
313.170036
313.171346
313.170710
313.212594
313.204070
313.212893
313.098503
313.099787
313.169286
313.206228
313.170491
313.205391
313.288996
313.244209
313.170175
313.172262
313.171387
313.245912
313.132038
313.452901
313.098521
313.098829
313.205222
313.207550
313.131064
313.207326
313.136881
313.068539
313.135358
313.066724
313.064918
313.131770
313.171017
313.067232
313.207583
313.098567
313.169583
313.174466
313.171898
313.212296
313.170606
313.065489
313.098499
313.098785
313.134648
313.101354
313.136220
313.136173
313.138010
313.205365
313.207794
313.134954
313.210871
313.063166
313.248625
313.134938
313.172389
313.204701
313.173705
313.205945
313.098055
313.135782
313.101255
313.173671
313.100074
313.132770
313.172744
313.098867
313.134275
313.172992
313.210177
313.137512
313.137578
313.208947
313.168424
313.209030
313.206939
313.208298
313.208799
313.241676
313.244918
313.243557
313.245081
313.206472
313.133027
313.133144
313.132561
313.166023
313.280652
313.132273
313.132512
313.132803
313.243533
313.242045
313.204767
313.241692
313.169656
313.170794
313.208820
313.137649
313.167622
313.169256
313.134489
313.131810
313.134515
313.209833
313.246046
313.247387
313.209902
313.244148
313.279328
313.277051
313.165759
313.165259
313.242438
313.208974
313.241193
313.133624
313.137468
313.209055
313.172355
313.170493
313.207993
313.134954
313.134582
313.170912
313.209030
313.242437
313.206611
313.133888
313.171781
313.098225
313.207980
313.132547
313.132545
313.170540
313.204930
313.135942
313.210287
313.175183
313.135962
313.101071
313.066915
313.171398
313.171874
313.101178
313.101140
313.170907
313.136663
313.068298
313.066772
313.169561
313.208189
313.171708
313.066892
313.208273
313.240961
313.248175
313.134359
313.204168
313.208252
313.315789
313.167284
313.134048
313.166889
313.238809
313.133166
313.169480
313.205882
313.206387
313.132244
313.207324
313.206542
313.248659
313.205194
313.205907
313.248681
313.205871
313.205963
313.208428
313.289318
313.291009
313.167642
313.205323
313.282717
313.242152
313.205943
313.282165
313.204799
313.239217
313.239837
313.204519
313.206854
313.170972
313.282661
313.374962
313.323819
313.206711
313.243393
313.171540
313.171313
313.243966
313.168644
313.283805
313.282983
313.279955
313.284560
313.284220
313.279472
313.317014
313.204333
313.132312
313.246585
313.131999
313.169506
313.247053
313.202995
313.203745
313.170888
313.132290
313.246370
313.133602
313.246054
313.132783
313.131272
313.166760
313.166567
313.131843
313.202229
313.167286
313.202469
313.168792
313.098333
313.100159
313.133623
313.203302
313.168454
313.132035
313.166237
313.202455
313.166932
313.279718
313.202279
313.204781
313.133077
313.246741
313.132835
313.167411
313.245481
313.168401
313.236052
313.166107
313.130235
313.202520
313.201898
313.171174
313.171669
313.170860
313.169289
313.168721
313.134495
313.169293
313.171297
313.203870
313.203805
313.167444
313.168786
313.168222
313.279777
313.203829
313.242853
313.064240
313.096992
313.170053
313.064264
313.316998
313.204060
313.358750
313.132852
313.133159
313.249482
313.206421
313.171313
313.103279
313.241234
313.206945
313.136246
313.099093
313.174972
313.131532
313.131747
313.241127
313.242941
313.131210
313.242326
313.205757
313.171543
313.243719
313.206927
313.168227
313.133364
313.168478
313.206783
313.171773
313.134941
313.135052
313.064443
313.132441
313.167383
313.244706
313.245250
313.098025
313.132533
313.203277
313.238595
313.098026
313.098049
313.168110
313.203418
313.132238
313.131511
313.134677
313.204466
313.135702
313.204357
313.098297
313.098273
313.204464
313.168879
313.167045
313.166331
313.131012
313.097163
313.133821
313.064701
313.169585
313.100952
313.099437
313.097443
313.169006
313.284768
313.285790
313.282756
313.173871
313.172575
313.206291
313.240184
313.239357
313.248699
313.239211
313.171348
313.175073
313.170617
313.097948
313.064456
313.132800
313.098834
313.133516
313.097042
313.208674
313.204838
313.133940
313.174299
313.096946
313.240680
313.097418
313.096350
313.098856
313.137142
313.204025
313.203313
313.167149
313.166881
313.099374
313.167881
313.131445
313.167598
313.130498
313.240729
313.167698
313.167430
313.170564
313.099430
313.132359
313.202503
313.098055
313.208119
313.063132
313.063642
313.134465
313.100902
313.173925
313.133672
313.100417
313.134453
313.098016
313.097708
313.337933
313.211867
313.211398
313.282320
313.337528
313.209152
313.137981
313.169751
313.137029
313.246350
313.140154
313.169207
313.136518
313.203152
313.135528
313.282808
313.371824
313.208902
313.211855
313.207809
313.135263
313.135321
313.208649
313.134780
313.136624
313.096872
313.063415
313.030955
313.171874
313.246731
313.204125
313.372486
313.136572
313.244228
313.136604
313.242040
313.244242
313.245762
313.338472
313.208852
313.171351
313.137180
313.212694
313.169918
313.135957
313.135757
313.169953
313.170193
313.204003
313.205138
313.244238
313.135778
313.279405
313.135355
313.137046
313.135563
313.175175
313.135427
313.174165
313.101926
313.431368
313.097897
313.129303
313.168072
313.099415
313.168730
313.167931
313.242795
313.240856
313.245214
313.241762
313.244570
313.208314
313.208675
313.132096
313.168990
313.167632
313.243189
313.276948
313.278403
313.243398
313.247399
313.244143
313.132846
313.132618
313.245291
313.281883
313.134301
313.168618
313.168945
313.206653
313.245019
313.281912
313.243875
313.246894
313.208872
313.168172
313.168718
313.167380
313.215828
313.216293
313.099640
313.212008
313.171799
313.206280
313.134917
313.102622
313.132636
313.133112
313.064724
313.096902
313.098640
313.166134
313.169469
313.165826
313.132526
313.166794
313.243424
313.208491
313.207405
313.172361
313.133334
313.133334
313.207118
313.171531
313.239974
313.166832
313.243694
313.167381
313.273873
313.168399
313.207080
313.205360
313.134142
313.276381
313.275521
313.241296
313.167570
313.167316
313.204573
313.167645
313.098534
313.168753
313.168429
313.204327
313.133967
313.134469
313.204047
313.244075
313.208809
313.204307
313.167787
313.133128
313.099900
313.133087
313.135457
313.132009
313.318411
313.167215
313.203337
313.136758
313.169469
313.098732
313.100095
313.174719
313.206530
313.171762
313.203908
313.204115
313.239389
313.166854
313.243017
313.273826
313.207905
313.206159
313.134173
313.135520
313.243505
313.208696
313.215501
313.135546
313.134158
313.239869
313.169394
313.248020
313.099812
313.208263
313.173067
313.203502
313.279369
313.243590
313.133629
313.280881
313.204160
313.239566
313.135529
313.101263
313.166821
313.063465
313.210311
313.208050
313.239719
313.098332
313.133101
313.171433
313.211163
313.177686
313.169041
313.239846
313.167975
313.239345
313.135063
313.134199
313.208572
313.207786
313.206727
313.204982
313.171898
313.206803
313.210044
313.205553
313.172009
313.210312
313.206504
313.209430
313.130754
313.132597
313.242640
313.133115
313.134440
313.243896
313.371309
313.378006
313.336750
313.208655
313.168611
313.168769
313.323373
313.206757
313.206377
313.169107
313.099412
313.169601
313.065271
313.099805
313.246892
313.370382
313.360299
313.170193
313.206072
313.204330
313.205646
313.282407
313.282683
313.282425
313.239073
313.281676
313.204626
313.174795
313.135191
313.131449
313.132247
313.134687
313.169159
313.169411
313.209692
313.174951
313.374643
313.172405
313.203922
313.133132
313.132823
313.173660
313.173475
313.760385
313.134916
313.098744
313.101907
313.174915
313.135400
313.134646
313.175095
313.130852
313.169188
313.210614
313.337845
313.244238
313.135837
313.135346
313.419980
313.247851
313.208410
313.097716
313.169995
313.133099
313.134437
313.172024
313.170562
313.214556
313.175161
313.173413
313.249791
313.136112
313.249780
313.249013
313.173736
313.169040
313.135539
313.134714
313.169835
313.132077
313.133158
313.100171
313.242844
313.137880
313.172460
313.209761
313.135261
313.209146
313.097241
313.096155
313.172534
313.133971
313.134586
313.208649
313.132148
313.206662
313.131748
313.206955
313.205844
313.128335
313.130843
313.319522
