302.433910
302.297399
302.329605
302.330168
302.439477
302.438405
302.399692
302.548490
302.512622
302.367200
302.438038
302.436646
302.438488
302.405191
302.431667
302.435104
302.400678
302.398222
302.366325
302.401478
302.402139
302.553167
302.542351
302.472602
302.511995
302.400150
302.511971
302.512758
302.399748
302.511961
302.363600
302.435452
302.471568
302.397876
302.469631
302.471882
302.436778
302.435034
302.474274
302.472552
302.471196
302.468801
302.434509
302.433574
302.469797
302.511610
302.511896
302.469234
302.470998
302.400852
302.433549
302.546476
302.364464
302.400354
302.503633
302.403795
302.434644
302.546158
302.401429
302.581818
302.545672
302.434145
302.434883
302.507414
302.505597
302.469261
302.397186
302.396879
302.397954
302.512689
302.512501
302.435751
302.469715
302.397548
302.471844
302.474234
302.470807
302.505857
302.473504
302.505599
302.433350
302.549389
302.549377
302.626660
302.592006
302.675145
302.550001
302.470400
302.470283
302.469155
302.401140
302.397188
302.592870
302.592259
302.592143
302.641238
302.550154
302.548894
302.549671
302.548914
302.591490
302.586379
302.675879
302.627058
302.435215
302.591348
302.675804
302.626145
302.510852
302.468141
302.434168
302.509160
302.468584
302.514162
302.548179
302.474633
302.469633
302.399008
302.398698
302.512684
302.468776
302.433336
302.509874
302.472666
302.512284
302.512762
302.400049
302.397326
302.398184
302.434564
302.471462
302.399351
302.470183
302.398744
302.398025
302.400363
302.400844
302.397178
302.400551
302.542326
302.544330
302.469567
302.364187
302.435015
302.435644
302.402829
302.364022
302.473073
302.472742
302.400944
302.546756
302.401144
302.513853
302.508190
302.364193
302.364442
302.470869
302.364475
302.471019
302.435776
302.365314
302.363647
302.472470
302.399759
302.547385
302.514200
302.591177
302.640678
302.593876
302.549180
302.434794
302.470138
302.547095
302.550392
302.551150
302.547906
302.434887
302.402270
302.474554
302.475922
302.440122
302.435618
302.432971
302.433006
302.399948
302.401380
302.440265
302.469771
302.434757
302.508201
302.511113
302.549579
302.474363
302.471224
302.435258
302.472069
302.513539
302.516799
302.513192
302.470806
302.469102
302.507809
302.505893
302.432610
302.397216
302.399849
302.511228
302.468393
302.400133
302.511519
302.433704
302.584376
302.581082
302.434244
302.509253
302.584646
302.580611
302.433515
302.658430
302.433826
302.467995
302.430992
302.431338
302.398790
302.435591
302.472218
302.473148
302.473090
302.472327
302.473355
302.472620
302.543841
302.472425
302.469391
302.469788
302.434858
302.554862
302.552823
302.433223
302.547665
302.588057
302.580394
302.506636
302.502575
302.468347
302.432257
302.431848
302.398632
302.505247
302.433373
302.397254
302.503704
302.503012
302.506111
302.473201
302.513640
302.471299
302.469855
302.541274
302.510547
302.549398
302.504377
302.468901
302.470526
302.582625
302.435301
302.470292
302.469554
302.511032
302.511036
302.616816
302.619600
302.433851
302.545503
302.434127
302.544954
302.588100
302.435309
302.510297
302.434490
302.587176
302.589615
302.553160
302.586371
302.470465
302.503579
302.399075
302.364727
302.396061
302.512137
302.397547
302.469254
302.438462
302.471352
302.470645
302.513531
302.470656
302.469826
302.512545
302.433801
302.436359
302.471743
302.475594
302.545013
302.474516
302.508188
302.553834
302.470310
302.511008
302.330201
302.364444
302.434663
302.364341
302.436087
302.467755
302.433286
302.434077
302.543941
302.467064
302.502810
302.469348
302.437054
302.468102
302.470678
302.467950
302.635890
302.471046
302.470952
302.508081
302.365806
302.474587
302.471443
302.433547
302.470983
302.399148
302.400129
302.580465
302.470496
302.466662
302.432813
302.504691
302.504154
302.473762
302.635427
302.470730
302.510046
302.544974
302.476019
302.330223
302.331961
302.435560
302.401282
302.471821
302.504014
302.432450
302.431972
302.397499
302.473565
302.434711
302.437837
302.515073
302.547981
302.506200
302.623241
302.578228
302.543519
302.579417
302.544781
302.543013
302.586323
302.619203
302.587129
302.622685
302.621905
302.587129
302.470448
302.367366
302.475703
302.434841
302.542134
302.587461
302.467952
302.469122
302.508677
302.507889
302.543546
302.435911
302.553126
302.509182
302.467525
302.547037
302.468659
302.469020
302.471389
302.547306
302.546022
302.507022
302.588790
302.623459
302.622188
302.582001
302.580935
302.470286
302.469996
302.435770
302.546297
302.554436
302.508467
302.438445
302.507535
302.543720
302.506527
302.584022
302.473017
302.549289
302.549029
302.472198
302.508603
302.508868
302.471064
302.470081
302.512844
302.512560
302.470769
302.401865
302.473496
302.436377
302.470157
302.402311
302.478033
302.399946
302.437991
302.477739
302.467895
302.434724
302.398839
302.469450
302.433456
302.503620
302.579575
302.401710
302.511155
302.510714
302.433008
302.510413
302.510395
302.432937
302.514800
302.512019
302.512839
302.434880
302.507343
302.471080
302.507468
302.470833
302.476021
302.515346
302.548588
302.436666
302.541249
302.469711
302.434294
302.469630
302.469707
302.467144
302.546219
302.545470
302.633816
302.624167
302.715960
302.469210
302.467219
302.434027
302.434893
302.468625
302.470364
302.504306
302.539707
302.469574
302.469396
302.467580
302.470102
302.469223
302.471631
302.509146
302.432082
302.505821
302.507780
302.431694
302.542112
302.505985
302.541361
302.505482
302.506804
302.433431
302.505074
302.430907
302.396681
302.503950
302.472184
302.432637
302.504527
302.507368
302.470202
302.434062
302.436242
302.433434
302.401061
302.433840
302.330221
302.579866
302.434436
302.469549
302.512503
302.508200
302.362950
302.437775
302.362359
302.437480
302.398384
302.583754
302.583804
302.547036
302.475453
302.476231
302.548835
302.585624
302.436373
302.402420
302.403390
302.512361
302.544130
302.513149
302.362977
302.436894
302.362358
302.397050
302.399421
302.399115
302.467778
302.589469
302.468635
302.435334
302.510387
302.476219
302.544115
302.368263
302.471363
302.437568
302.547304
302.397709
302.436099
302.472418
302.475131
302.468270
302.434879
302.436391
302.434359
302.546807
302.584661
302.400984
302.401015
302.513229
302.473260
302.513503
302.547403
302.503965
302.469218
302.468657
302.504432
302.581546
302.671024
302.508280
302.507125
302.513747
302.512969
302.508364
302.511704
302.470572
302.432621
302.506286
302.508673
302.469949
302.586936
302.549634
302.549507
302.539852
302.549299
302.506530
302.549531
302.506640
302.513418
302.512344
302.402377
302.366765
302.399549
302.510229
302.400653
302.510715
302.399910
302.470859
302.438216
302.397169
302.472017
302.436342
302.472747
302.436681
302.439095
302.401050
302.434368
302.511140
302.471195
302.511930
302.469385
302.546239
302.663159
302.583071
302.548703
302.549729
302.554275
302.586956
302.628202
302.550303
302.583745
302.587806
302.470536
302.584354
302.628360
302.552144
302.543738
302.545109
302.504520
302.504589
302.431825
302.432063
302.541903
302.470408
302.504208
302.579586
302.510412
302.474449
302.506273
302.583906
302.584376
302.581823
302.619397
302.551006
302.582624
302.434301
302.512521
302.399046
302.504872
302.472468
302.476958
302.435871
302.544434
302.330189
302.469993
302.433062
302.433542
302.506764
302.540318
302.543591
302.540319
302.504122
302.475494
302.400557
302.548380
302.471041
302.435163
302.474162
302.435401
302.434396
302.435535
302.471867
302.512182
302.544296
302.504219
302.542071
302.431762
302.431210
302.541026
302.431277
302.436104
302.517280
302.436350
302.477267
302.471263
302.549725
302.398419
302.399719
302.543698
302.544614
302.506666
302.584517
302.472442
302.506804
302.472272
302.505427
302.548262
302.436542
302.548092
302.435359
302.472121
302.548277
302.543678
302.590292
302.624819
302.507518
302.470962
302.434880
302.477093
302.516436
302.550168
302.546973
302.549725
302.437013
302.556080
302.583310
302.470946
302.470525
302.471357
302.402614
302.436798
302.435829
302.511833
302.515977
302.511966
302.436809
302.435655
302.504000
302.436496
302.471937
302.432757
302.504741
302.513251
302.434953
302.508025
302.471443
302.586640
302.585632
302.551893
302.552523
302.514924
302.515355
302.549989
302.548460
302.545037
302.546307
302.582052
302.547239
302.550504
302.548485
302.435212
302.436349
302.436022
302.434261
302.515910
302.433598
302.469402
302.363939
302.471470
302.472866
302.395834
302.475338
302.471817
302.505917
302.437844
302.472947
302.584068
302.545672
302.504620
302.503931
302.546435
302.513063
302.546746
302.515442
302.435274
302.438617
302.505411
302.432607
302.507500
302.546128
302.546601
302.504521
302.401234
302.512273
302.472981
302.434880
302.471772
302.396851
302.398508
302.398479
302.434808
302.441787
302.402047
302.474645
302.436522
302.437679
302.550170
302.549677
302.507246
302.473524
302.472091
302.436191
302.400305
302.472701
302.434551
302.470548
302.431154
302.472400
302.398768
302.400129
302.714256
302.582697
302.437275
302.472979
302.472907
302.475331
302.514446
302.434606
302.435953
302.434774
302.552607
302.516754
302.513310
302.512118
302.471563
302.401198
302.476270
302.473743
302.517163
302.437416
302.472092
302.509313
302.400221
302.434564
302.434461
302.510927
302.554087
302.601570
302.438074
302.472878
302.441844
302.471718
302.405401
302.470105
302.638095
302.398275
302.470854
302.434682
302.434806
302.398862
302.510311
302.398288
302.400667
302.510306
302.471512
302.435341
302.468229
302.471030
302.470635
302.436105
302.470512
302.436285
302.367610
302.471633
302.434188
302.474024
302.470265
302.436019
302.433686
302.432120
302.433462
302.433985
302.469457
302.472433
302.435656
302.471804
302.401456
302.510927
302.510146
302.435114
302.508520
302.506872
302.466254
302.467881
302.470843
302.506580
302.437378
302.472133
302.602214
302.474838
302.400332
302.328999
302.399027
302.398179
302.398470
302.434024
302.398131
302.435363
302.435681
302.433284
302.397659
302.398371
302.401354
302.433790
302.469273
302.401439
302.438483
302.403380
302.368277
302.401029
302.513781
302.471319
302.471972
302.471727
302.475796
302.471043
302.472738
302.396623
302.471154
302.435784
302.473606
302.472489
302.436157
302.437037
302.400909
302.436945
302.437712
302.480535
302.437325
302.511432
302.401428
302.476755
302.365651
302.366967
302.366697
302.476745
302.400414
302.402062
302.364443
302.438217
302.553824
302.553068
302.435060
302.513441
302.514258
302.473432
302.512973
302.399807
302.470420
302.470917
302.511744
302.513546
302.399459
302.363684
302.508363
302.472762
302.471271
302.399564
302.433867
302.433389
302.474387
302.433224
302.474050
302.402835
302.437220
302.473896
302.400729
302.403253
302.364415
302.471977
302.473755
302.470902
302.470910
302.364696
302.435634
302.403020
302.402564
302.370131
302.368304
302.539351
302.399030
302.398965
302.506038
302.471165
302.506461
302.548731
302.365876
302.436903
302.436812
302.477389
302.436220
302.437861
302.363328
302.439279
302.434044
302.433723
302.436231
302.401296
302.473256
302.399983
302.399982
302.472463
302.472560
302.399973
302.507323
302.506491
302.467787
302.435321
302.401421
302.468909
302.435958
302.401055
302.396904
302.398509
302.396612
302.395148
302.397834
302.400230
302.365660
302.401068
302.399193
302.363075
302.363065
302.510502
302.435070
302.365170
302.404239
302.508428
302.553977
302.435177
302.435545
302.434355
302.401680
302.469188
302.467421
302.506951
302.544004
302.504416
302.503862
302.513301
302.470888
302.437056
302.505698
302.506936
302.593001
302.590289
302.434064
302.472993
302.551238
302.468646
302.469485
302.398973
302.437949
302.471823
302.470319
302.470424
302.435285
302.400741
302.544810
302.434757
302.436375
302.545306
302.435234
302.470441
302.471498
302.506625
302.509149
302.505190
302.507518
302.509646
302.506127
302.541062
302.470657
302.506288
302.509642
302.471539
302.512756
302.398950
302.433359
302.554109
302.469883
302.471048
302.508560
302.437682
302.550100
302.398655
302.544519
302.550057
302.396649
302.434768
302.471712
302.470137
302.470846
302.472284
302.435658
302.435554
302.549358
302.544983
302.436238
302.330477
302.401978
302.555894
302.511276
302.554610
302.553356
302.265183
302.370306
302.511751
302.478588
302.477530
302.511761
302.555133
302.507013
302.508257
302.630262
302.474532
302.403131
302.400752
302.438039
302.401797
302.436317
302.398452
302.398706
302.475161
302.433878
302.435032
302.435272
302.434921
302.548041
302.511802
302.638190
302.637442
302.626095
302.582195
302.547208
302.619044
302.657990
302.590475
302.592260
302.593959
302.595751
302.626771
302.596668
302.678391
302.512518
302.470882
302.513016
302.470911
302.550220
302.557594
302.471161
302.438179
302.509061
302.473271
302.470922
302.475018
302.435222
302.470677
302.471027
302.399478
302.364869
302.401115
302.433641
302.398186
302.434109
302.401745
302.399936
302.436877
302.505594
302.431788
302.433284
302.433224
302.467048
302.474020
302.547504
302.542554
302.508916
302.544146
302.505983
302.619565
302.622065
302.548179
302.620692
302.546747
302.549768
302.550999
302.547036
302.510780
302.510787
302.510345
302.435816
302.513003
302.479314
302.623586
302.613506
302.547057
302.516362
302.547805
302.471723
302.471508
302.506322
302.473124
302.431808
302.511642
302.433565
302.395798
302.471225
302.435912
302.512216
302.468758
302.512244
302.469467
302.435470
302.512466
302.469021
302.512022
302.469161
302.469966
302.469488
302.546077
302.547824
302.436049
302.549210
302.555199
302.559827
302.557362
302.591863
302.640836
302.642575
302.673128
302.666509
302.589690
302.629327
302.632046
302.589858
302.579252
302.624591
302.515345
302.517878
302.548621
302.548790
302.673225
302.708617
302.590442
302.510277
302.512452
302.581457
302.513230
302.547473
302.402231
302.469693
302.468806
302.469531
302.515246
302.436330
302.585213
302.590081
302.543976
302.638431
302.604337
302.638346
302.723954
302.728665
302.728655
302.723934
302.641858
302.674553
302.760460
302.678914
302.724510
302.733062
302.687467
302.583015
302.508102
302.546422
302.510519
302.433261
302.434424
302.587823
302.553938
302.402589
302.368851
302.401692
302.401220
302.476766
302.477381
302.511594
302.507943
302.474605
302.476137
302.400114
302.401483
302.402782
302.297679
302.331927
302.437248
302.544104
302.513617
302.544131
302.435060
302.504914
302.436604
302.471012
302.507880
302.470913
302.397720
302.472392
302.473786
302.439428
302.365779
302.367428
302.404189
302.365188
302.331701
302.469082
302.433465
302.473605
302.401247
302.401237
302.399549
302.399556
302.471267
302.470318
302.396082
302.472550
302.398721
302.398192
302.364212
302.470243
302.435576
302.469356
302.434165
302.435115
302.510150
302.401013
302.435646
302.435357
302.435619
302.363575
302.397588
302.397592
302.513545
302.433023
302.505930
302.554911
302.472732
302.553211
302.638544
302.587708
302.366929
302.398155
302.505097
302.397445
302.472197
302.398925
302.396933
302.433415
302.433908
302.434540
302.467742
302.587411
302.363620
302.435959
302.329868
302.470365
302.402617
302.437380
302.436271
302.434661
302.470047
302.436502
302.433754
302.435931
302.435335
302.435943
302.507102
302.431434
302.472208
302.507225
302.507105
302.469776
302.470218
302.473088
302.472012
302.471840
302.589340
302.468152
302.472028
302.433320
302.433638
302.433060
302.432904
302.469936
302.434380
302.434381
302.469263
302.538266
302.431461
302.431744
302.472498
302.507560
302.475098
302.400675
302.365993
302.472564
302.471885
302.510008
302.435757
302.401408
302.585362
302.548564
302.400182
302.550915
302.397643
302.400540
302.398188
302.434628
302.397610
302.439208
302.439256
302.399547
302.513928
302.554024
302.472009
302.471892
302.435452
302.472055
302.513587
302.399064
302.438433
302.473791
302.473567
302.396575
302.397613
302.397900
302.474332
302.402383
302.436413
302.437268
302.474304
302.402168
302.470130
302.401505
302.473888
302.437462
302.472898
302.361215
302.473437
302.398975
302.680184
302.673193
302.435230
302.365823
302.399608
302.681141
302.634051
302.685184
302.848611
302.510053
302.399317
302.545323
302.397828
302.398763
302.399903
302.474952
302.505087
302.433667
302.434552
302.367896
302.400512
302.469724
302.468354
302.434405
302.435308
302.436352
302.470033
302.468060
302.397367
302.363649
302.544784
302.397267
302.470090
302.435719
302.432443
302.435588
302.466282
302.505219
302.465866
302.431711
302.399037
302.469361
302.506301
302.398036
302.467135
302.434441
302.505526
302.470881
302.435895
302.470905
302.468572
302.546056
302.433310
302.398734
302.581779
302.435277
302.329900
302.510294
302.431864
302.582037
302.582260
302.583276
302.545895
302.734782
302.470318
302.397745
302.473102
302.434396
302.433135
302.504522
302.469665
302.432583
302.469687
302.435179
302.471215
302.397442
302.470625
302.504465
302.434054
302.468647
302.435054
302.466475
302.435947
302.469755
302.434062
302.506404
302.365393
302.473757
302.367191
302.365838
302.362368
302.363424
302.396950
302.398276
302.510873
302.473461
302.510339
302.508417
302.541895
302.397448
302.473348
302.437417
302.557167
302.506807
302.362760
302.362798
302.363080
302.400880
302.399201
302.434066
302.512541
302.400024
302.518110
302.515943
302.398284
302.399378
302.365095
302.365046
302.437049
302.431459
302.543499
302.512677
302.478581
302.578384
302.581699
302.512678
302.478599
302.508066
302.509230
302.471898
302.544872
302.398011
302.396939
302.471462
302.509927
302.508929
302.509236
302.510013
302.475553
302.510667
302.473074
302.510021
302.480075
302.478564
302.432581
302.433087
302.434294
302.434023
302.474758
302.398527
302.434773
302.398469
302.507505
302.508250
302.510907
302.546691
302.396322
302.508852
302.543162
302.508143
302.509036
302.436335
302.579532
302.474845
302.475525
302.402064
302.365218
302.399312
302.398988
302.474743
302.474800
302.472325
302.367415
302.366565
302.401793
302.473490
302.472717
302.398248
302.397215
302.398495
302.400140
302.437260
302.588145
302.586467
302.549668
302.585645
302.545217
302.544245
302.548998
302.548990
302.548735
302.549767
302.549218
302.506324
302.506214
302.545208
302.544237
302.470084
302.515517
302.471631
302.470499
302.469825
302.470718
302.435413
302.550148
302.508415
302.510017
302.470002
302.506848
302.472344
302.553761
302.589186
302.634738
302.641425
302.471650
302.472018
302.438235
302.434531
302.397837
302.399444
302.513311
302.472587
302.473600
302.439447
302.478485
302.439693
302.434907
302.434790
302.508672
302.399137
302.366885
302.365895
302.398647
302.399814
302.398165
302.398236
302.506293
302.472541
302.434592
302.401848
302.400018
302.397670
302.398692
302.434550
302.401053
302.437343
302.401635
302.401162
302.476505
302.401444
302.365827
302.400181
302.364695
302.434398
302.366447
302.439837
302.365569
302.364746
302.399875
302.433071
302.330278
302.434069
302.363924
302.363371
302.398467
302.433555
302.474545
302.402375
302.470251
302.362365
302.361794
302.472764
302.435913
302.365010
302.400636
302.333624
302.434689
302.435626
302.434859
302.401956
302.397656
302.397690
302.436985
302.435154
302.401819
302.440162
302.436773
302.438371
302.636573
302.636323
302.434183
302.434150
302.436408
302.436423
302.478830
302.545020
302.477432
302.507105
302.475893
302.481576
302.983173
302.200179
302.728938
302.682314
302.637395
302.633351
302.436785
302.515862
302.478163
302.474347
302.550096
302.435195
302.514079
302.505802
302.434859
302.474818
302.472366
302.505478
302.505880
302.469078
302.469360
302.432735
302.432261
302.471554
302.548102
302.433737
302.604978
302.512073
302.472624
302.362670
302.331230
302.363732
302.363966
302.365589
302.480433
302.469312
302.471396
302.474348
302.435937
302.433676
302.435979
302.508824
302.508184
302.473988
302.434330
302.398681
302.434586
302.468048
302.435413
302.365265
302.436277
302.436027
302.646098
302.512353
302.436193
302.362622
302.330159
302.402533
302.297667
303.208622
