356.226975
356.192566
356.189056
356.074633
356.182185
356.111165
356.112871
356.109528
356.074411
356.039914
356.110254
356.040266
356.070249
356.111596
356.070242
356.187249
356.073119
356.003269
356.185400
356.221671
356.114415
356.037534
356.111494
356.037497
356.110911
356.000362
356.109227
356.070252
356.108433
356.002551
356.074841
356.108725
356.110874
356.109606
356.003319
356.038051
356.147947
356.180422
356.070063
356.071072
356.113138
355.999535
356.073123
355.999809
356.000625
356.037272
356.073359
356.001087
356.037780
356.073732
356.002149
356.035377
356.036711
356.036711
356.110651
356.109576
356.110845
356.003819
356.003842
356.148433
356.073450
356.073207
356.071710
356.072823
356.181148
356.108426
356.108896
356.002421
356.002753
356.147930
356.180407
356.142732
356.108049
356.036720
356.037033
356.073888
356.113132
355.967908
356.108992
356.037608
356.073519
356.038201
356.072674
356.038967
356.037296
356.185444
356.109616
356.185785
356.115412
356.037790
356.183537
356.071566
356.146246
356.178395
356.072992
356.071912
356.036757
356.071561
356.219657
356.184362
356.147044
356.149865
356.116290
356.035920
356.038431
356.073296
356.038168
356.035093
356.144142
356.035945
356.036429
356.144712
356.146415
356.078346
356.143717
356.074592
356.074334
356.106627
356.038835
356.072887
356.105084
356.106507
356.109973
356.149564
356.273097
356.270869
356.231821
356.112923
356.036462
356.072355
356.072164
356.072616
356.072624
356.035162
356.001097
356.036812
356.038623
356.038264
356.001416
356.041224
356.072910
356.073667
356.037529
356.074691
356.072392
356.073167
356.003781
356.107377
356.073665
356.073354
356.106972
356.038542
356.071542
356.072787
356.072602
356.109414
356.142855
356.036576
356.003532
356.037098
356.147414
356.106421
356.070184
356.106901
356.074213
356.038879
356.037533
356.073426
356.075325
356.038636
356.075296
356.004865
356.107996
356.003235
356.147868
356.155927
356.147773
356.072715
356.073410
356.037228
356.002951
356.038843
356.036415
356.002933
356.041841
356.005084
356.072373
356.039997
356.152288
356.041419
356.243589
356.147756
356.185913
356.073827
356.075200
356.109879
356.072247
356.110324
356.110454
356.111113
356.194898
356.109476
356.041485
356.038834
356.111003
356.037009
356.037026
356.077514
356.075001
356.041019
356.004829
356.004518
356.148015
356.189969
356.076861
356.225076
356.110207
356.042395
356.080044
356.039875
356.195294
356.112220
355.969553
356.002490
356.002677
355.967895
356.039536
356.072514
356.116268
356.072411
356.110447
356.187700
356.146875
356.190194
356.110387
356.075940
356.192228
356.149247
356.076789
356.187218
356.112969
356.075346
356.074359
356.181120
356.181631
356.146854
356.223079
356.223848
356.184247
356.074231
356.151308
356.076561
356.151790
356.109858
356.072893
356.146948
356.189327
356.188557
356.270126
356.226331
356.226331
356.152982
356.153768
356.144947
356.230230
356.190365
356.232281
356.110450
356.148828
356.187718
356.147846
356.187245
356.113472
356.042025
356.074398
356.189300
356.145520
356.181611
356.108515
356.110040
356.277332
356.072295
356.110274
356.037183
356.072018
356.144663
356.107744
356.041137
356.040404
356.109584
356.071579
356.152738
356.181298
356.145597
356.149966
356.115140
356.074990
356.041635
356.313966
356.231698
356.349729
356.005128
356.005633
356.113319
356.223105
356.189056
356.264545
356.146902
356.073255
356.074109
356.073527
356.074590
356.152465
356.078189
356.152938
356.075175
356.003490
356.071790
356.151869
356.151376
356.074840
356.076632
356.229009
356.040169
356.110434
356.111781
356.074142
356.037901
356.002984
356.073641
356.039571
356.185804
356.073532
356.146399
356.146746
356.109297
356.004914
356.039074
356.152904
356.004544
356.146925
356.110707
356.146603
356.110701
356.152734
356.152259
356.188537
356.151062
356.115874
356.113849
356.037133
356.036390
356.078653
356.149369
356.111018
356.111110
356.112255
356.150099
356.151459
356.073682
356.073183
356.038266
356.000828
355.998907
356.000810
356.073177
355.967083
356.071781
356.039091
356.038609
356.034412
356.319387
356.265195
356.272539
356.271264
356.229171
356.229185
356.190872
356.190868
356.229172
356.229671
356.112418
356.078687
356.116330
356.150208
356.186242
356.147190
356.146259
356.191565
356.232419
356.071841
356.186153
356.071082
356.144258
356.072872
356.070764
356.073992
356.110485
356.110753
356.150094
356.075820
356.075614
356.109901
356.189089
356.190162
356.181994
356.183265
356.149709
356.185728
356.036996
356.037021
356.141803
356.073873
356.073426
356.109052
356.073384
356.107707
356.073653
356.073406
356.072889
356.145801
356.077111
356.074982
356.074707
356.112256
356.112820
356.154932
356.148058
355.936949
356.001860
356.002420
356.001129
356.115291
356.005999
356.043951
356.001660
356.003260
356.039114
356.080591
356.042949
356.035867
356.035841
356.075127
356.194254
356.228650
356.228653
356.079024
356.036789
356.039875
356.040734
356.037589
356.037773
356.037790
356.039872
356.035769
356.035195
356.111219
356.035979
356.037276
356.077011
356.112875
356.039529
356.039829
356.072015
356.111440
356.079536
356.039722
356.039476
356.111646
356.147079
356.005083
356.005060
356.039188
356.040565
356.079805
356.072642
356.112608
356.003583
356.002475
356.004316
356.111660
356.076410
356.111995
356.111795
356.107450
356.108230
356.148152
356.148090
356.075005
356.037845
356.038328
356.005095
356.076111
355.968189
356.072631
356.039980
356.000653
356.037304
356.072415
356.033879
356.072130
356.039361
356.145758
356.004884
356.002952
356.110893
356.148901
356.037036
356.003285
356.001432
356.072052
356.037247
356.038598
356.037972
356.069918
356.036701
356.073367
356.037042
356.072876
356.145309
356.003007
355.969757
356.109514
356.110867
356.003007
356.073126
356.107402
356.149915
356.039193
356.038394
356.041887
356.078040
356.108981
356.108170
356.038391
356.072466
356.039760
356.110806
356.116456
356.111320
356.113218
356.184959
356.153521
356.074462
356.108949
356.074981
356.153517
356.109104
356.145691
356.111439
356.147159
356.146077
356.037580
356.147173
356.111023
356.070416
356.107638
356.107158
356.070708
356.035632
356.106039
356.107664
356.069975
356.037979
356.037949
356.107661
356.072102
356.071026
356.038250
356.145247
356.112886
356.108484
356.107720
356.037204
356.108995
356.110081
356.069973
356.109003
356.038291
356.108546
356.037244
356.108041
356.075313
356.109935
356.070499
356.071507
356.071469
356.072897
356.108035
356.037815
356.001754
356.072677
356.073565
356.105363
356.034887
356.183408
356.038838
356.071861
356.038536
356.107837
356.072017
356.110054
356.145216
356.145829
356.143333
356.144360
356.144308
356.146920
356.146444
356.071556
356.071099
356.035705
356.073126
356.035983
356.072284
356.142242
356.069726
356.071782
356.072039
356.109768
356.108066
356.144419
356.144619
356.107453
356.221693
356.143499
356.146124
356.106835
356.001335
356.145624
356.072824
356.070731
356.108743
356.036517
356.072256
356.072052
356.070723
356.071557
356.107159
356.107906
356.182918
356.147052
356.184469
356.145498
356.182601
356.115163
356.108194
356.073700
356.037740
356.148347
356.156000
356.148107
356.076617
356.190240
356.111726
356.148345
356.220588
356.183449
356.185782
356.146826
356.220834
356.220847
356.152524
356.183926
356.148524
356.149991
356.147146
356.116617
356.114552
356.147998
356.113293
356.111812
356.113076
356.151725
356.075991
356.113648
356.073150
356.107068
356.110765
356.148878
356.262676
356.262673
356.109931
356.149823
356.108936
356.148741
356.193107
356.189365
356.193588
356.148730
356.109527
356.144879
356.144611
356.144189
356.144602
356.147745
356.181487
356.145345
356.146333
356.145741
356.110384
356.110302
356.111213
356.109337
356.183645
356.189587
356.110237
356.224668
356.147242
356.153701
356.108583
356.142814
356.184905
356.187319
356.187305
356.188520
356.266402
356.266886
356.261227
356.261070
356.223606
356.187316
356.187316
356.146647
356.181270
356.267687
356.182894
356.189353
356.075017
356.188729
356.074437
356.075271
356.110124
356.146260
356.224213
356.224237
356.262662
356.221918
356.297377
356.113923
356.183827
356.224199
356.224224
356.262662
356.194372
356.148863
356.146314
356.154671
356.225767
356.263075
356.259580
356.223198
356.148042
356.220057
356.181746
356.217880
356.337177
356.146538
356.146534
356.145329
356.110148
356.144397
356.258223
356.179989
356.179998
356.257441
356.183528
356.185705
356.035643
356.034863
356.001770
356.107594
356.073121
356.068625
356.107576
356.036439
356.036500
356.141326
356.073386
356.071230
356.074352
356.144291
356.108395
356.107087
356.071557
356.143371
356.142364
356.037250
356.073962
356.070513
356.072117
356.108585
356.183217
356.147706
356.072600
356.146229
356.145998
356.150496
356.074535
356.184204
356.219443
356.184389
356.220048
356.111847
356.111297
356.113851
356.075873
356.110384
356.114874
356.076935
356.111180
356.039049
356.145923
356.005526
356.037991
356.183214
356.146243
356.180111
356.073368
356.071743
356.227202
356.225344
356.227178
356.149350
356.147638
356.150497
356.187325
356.144325
356.108854
356.111048
356.220147
356.147561
356.148830
356.075180
356.108751
356.041247
356.109518
356.075761
356.110595
356.145509
356.040092
356.038932
356.184390
356.220003
356.183122
356.151234
356.148007
356.036742
356.143803
356.110451
356.145452
356.143312
356.178253
356.220414
356.110976
356.145486
356.036741
356.036951
356.111005
356.110100
356.111291
356.037324
356.035718
356.077246
356.038512
356.039848
356.039529
356.077029
356.112896
356.145889
356.110750
356.146456
356.110746
356.144792
356.143872
356.071901
356.071869
356.112361
356.111669
356.077220
356.150689
356.113088
356.037591
356.037380
356.148855
356.110209
356.144491
356.106675
356.036402
356.149465
356.219707
356.147680
356.110525
356.075679
356.108746
356.151141
356.146663
356.146191
356.073127
356.073330
356.074115
356.186295
356.150800
356.112411
356.068724
356.070036
356.144992
356.177750
356.068713
356.069995
356.036462
356.110705
356.034851
356.073640
356.072569
356.106249
356.072447
356.184084
356.186028
356.148749
356.148704
356.111148
356.110799
356.111915
356.145684
356.146238
356.153223
356.111864
356.001998
356.002190
356.113417
356.073165
356.109181
356.073398
356.180802
356.072628
356.073138
356.072620
356.072889
356.072406
356.073689
356.003301
356.003218
356.002719
356.037330
356.037796
356.001922
356.001632
356.002734
356.073485
356.001073
356.002661
356.116073
356.111204
356.074401
356.038578
356.037323
356.108988
356.109978
356.109500
356.109189
356.040966
356.071242
356.072310
356.039077
356.040247
356.074394
356.143458
356.108615
356.071548
356.183837
356.071060
356.072873
356.072573
356.072858
356.078757
356.072863
356.072839
356.145451
356.113664
356.076398
356.147799
356.151133
356.108731
356.110907
356.072599
356.108281
356.107921
356.107424
356.109622
356.073084
356.109054
356.108701
356.108204
356.148098
356.074177
356.181777
356.074743
356.109712
356.110520
356.104722
356.143375
356.178522
356.107337
356.143899
356.187184
356.078024
356.187170
356.075929
356.002847
356.116250
356.074245
356.110006
356.186259
356.072478
356.073836
356.003761
356.002664
356.075783
356.075786
356.111021
356.036244
356.036217
356.001838
356.107637
356.002642
356.002114
356.107160
356.036991
356.071277
356.038097
356.107167
356.072168
356.070332
356.069299
356.073134
356.072347
356.035763
356.181611
356.108777
356.109792
356.107061
356.193113
356.040317
356.112792
356.154633
356.073886
356.036605
356.034112
356.076443
356.109071
356.186192
356.109054
356.186169
356.110361
356.109547
356.072696
356.106926
356.142551
356.144007
356.072102
356.073398
356.072845
356.107374
356.108724
356.144813
356.143895
356.072884
356.074048
356.142065
356.185680
356.110153
356.112721
356.039623
356.109815
356.075125
356.071652
356.071181
356.069811
356.069243
356.145713
356.037015
356.036991
356.070047
356.112438
356.106621
356.111862
356.184649
356.221104
356.035707
356.110430
356.034179
356.146570
356.035880
356.035874
356.037567
356.071856
356.003673
356.150868
356.039603
355.999052
356.001365
356.073795
356.070972
356.109621
356.075070
356.074625
356.108859
356.075089
356.039349
356.074804
356.001934
356.109908
356.036014
356.145800
356.146339
356.034392
356.146661
356.035405
356.111755
356.072086
356.146706
356.038813
356.070826
356.072958
356.071122
356.040946
356.111729
356.039674
356.110594
356.109146
356.145775
356.110223
356.146929
356.038513
356.035887
356.076772
356.110323
356.073147
356.107408
356.114314
356.076683
356.108810
356.108006
356.147728
356.111015
356.109381
356.108552
356.225397
356.224140
356.183068
356.145442
356.181563
356.038066
356.039366
356.040193
356.074064
356.114325
356.114330
356.007061
356.121361
356.224974
356.224978
356.267561
356.224974
356.267070
356.224971
356.040410
356.040242
356.113230
356.077094
356.041977
356.155309
356.231378
356.231863
356.233335
356.232837
356.153721
356.073575
356.222747
356.109713
356.109277
356.105903
356.108416
356.073150
356.072902
356.109962
356.222733
356.219957
356.144196
356.105887
356.108615
356.073886
356.109012
356.108005
356.075329
356.110024
356.074833
356.221284
356.109587
356.146478
356.110080
356.145478
356.073979
356.070505
356.075353
356.112994
356.034232
356.071547
356.114887
356.038638
356.108735
356.107939
356.107924
356.147513
356.112807
356.111020
356.112581
356.150439
356.109589
355.936269
356.112588
356.075687
356.226302
356.188718
356.190791
356.035763
356.193905
356.191226
356.190738
356.193887
356.227819
356.191127
356.227044
356.186288
356.186302
356.276897
356.149140
356.146250
356.039869
356.147363
356.146289
356.076695
356.001954
356.108546
356.109509
356.108036
356.109015
356.074543
356.218748
356.072116
356.072731
356.142544
356.143523
356.110351
356.109577
356.108406
356.220675
356.106972
356.108523
356.109486
356.000376
356.076426
356.036497
356.034902
356.072007
356.038474
356.073793
356.037871
356.072346
356.035728
356.035217
356.110198
356.110500
356.070546
356.068955
356.144850
356.073475
356.115454
356.073707
356.002992
356.106880
356.107674
356.036224
356.073009
356.073610
356.073838
356.002377
356.036716
356.074214
356.036161
356.149036
356.075686
356.075189
356.110557
356.105812
356.111240
356.076489
356.035256
356.035229
356.038497
356.038832
356.071737
356.038538
356.005171
356.112809
356.149150
356.277676
356.108212
356.040231
356.072328
356.073104
356.110278
356.073318
356.073863
356.073625
356.001436
356.002431
356.001667
356.072273
356.036756
356.073902
356.072259
356.276690
356.148949
356.186097
356.108700
356.278268
356.228376
356.271116
356.271598
356.228848
356.228834
356.036758
356.072084
356.071568
356.037016
356.002537
356.277782
356.188032
356.109599
356.108528
356.110391
356.187552
356.074478
356.075254
356.187386
356.110237
356.108357
356.110187
356.145697
356.108480
356.186925
356.074634
356.073825
356.228367
356.228862
356.228363
356.278118
356.224672
356.314686
356.145575
356.266352
356.235096
356.073105
356.111060
356.071490
356.041923
356.038781
356.144648
356.041204
356.109895
356.185922
356.074613
356.113292
356.115140
356.075305
356.106874
356.146256
356.076886
356.113263
356.111585
356.113469
356.037549
356.109712
356.041047
356.072096
356.040788
356.072676
356.144527
356.222609
356.189113
356.223775
356.106539
356.112167
356.037319
356.070566
356.002518
355.969283
356.110412
356.038590
356.038105
356.002516
356.037967
356.073074
356.071737
356.071270
356.036947
356.073277
356.141042
356.071344
356.072149
356.069706
356.104259
356.106608
356.072419
356.182995
356.146869
356.038574
356.073895
356.037005
356.074710
356.041006
356.187453
356.145373
356.073652
356.072839
356.072881
356.144936
356.111242
356.108152
356.039032
356.038297
356.109161
356.071558
356.040051
356.039316
356.073868
356.073395
356.070455
356.109447
356.177973
356.072156
356.073434
356.143029
356.145840
356.108347
356.220123
356.183010
356.146873
356.074466
356.111669
356.076084
356.153899
356.153662
356.106915
356.070213
356.106217
356.107252
356.140255
356.071327
356.105527
356.071331
356.104930
356.104745
356.218534
356.184760
356.111290
356.114621
356.114371
356.109345
356.143823
356.110903
356.145875
356.109417
356.224027
356.224802
356.153803
356.151398
356.185197
355.967309
356.001148
356.072336
356.072086
356.072618
356.110612
356.073112
356.073140
356.108484
356.109278
356.076834
356.114008
356.115697
356.115496
356.004316
356.074455
356.073399
356.113699
356.005440
356.040849
356.111781
356.002204
356.001697
356.076719
356.001064
355.967647
356.000595
356.071345
356.077252
356.071613
356.110591
356.071625
356.003506
356.003493
356.108923
356.150209
356.182493
356.147861
356.111239
356.154734
356.076136
356.111093
356.070647
356.315976
356.314690
356.315488
356.234309
356.074105
356.151169
356.109732
356.146354
356.180466
356.153594
356.146039
356.188050
356.112215
356.153584
356.146834
356.152735
356.110396
356.145951
356.076034
356.151950
356.076476
356.041083
356.109523
356.006315
356.151172
356.074939
356.075785
356.007585
356.147195
356.072860
356.110577
356.073662
356.075739
356.075218
356.110016
356.075747
356.075211
356.071104
356.147250
356.143554
356.036774
356.258733
356.070027
356.143686
356.072045
356.069118
356.035984
356.073066
356.073067
356.182122
356.070250
356.217233
356.069252
356.106397
356.143759
356.072387
356.106898
356.106674
356.143763
356.107196
356.073160
356.106709
356.073185
356.149009
356.001997
356.106227
356.037503
356.037027
356.114707
356.072407
356.074238
356.002494
356.038809
356.070270
356.147359
356.071057
356.037809
356.037307
356.037886
356.111698
356.041280
356.076385
356.004091
356.074255
356.110901
356.108699
356.075032
356.003779
356.146651
356.002590
356.003374
356.035197
356.036472
356.143560
356.036467
356.037278
356.071256
356.036944
356.070531
356.036506
356.034874
356.105851
356.036050
356.035881
356.071305
356.106059
356.037072
356.072800
356.214212
356.072873
356.106911
356.106409
356.144911
356.108699
356.109523
356.146353
356.110493
356.109728
356.074947
356.151454
356.074914
356.035625
356.035630
356.147150
356.107257
356.073757
356.001477
356.108202
356.038344
356.072077
356.036990
356.035257
356.001990
356.039636
355.968228
356.074468
355.968723
356.071850
356.073119
356.000160
356.069561
356.036514
356.037016
356.069709
356.146000
356.068911
356.185566
356.038002
356.035692
356.142778
356.071910
356.069934
356.108458
356.036570
356.148481
356.106962
356.107269
356.037944
356.069463
356.107245
356.002271
356.069999
356.075037
356.073923
356.143534
356.002714
356.073428
356.002376
356.038322
356.108749
356.146177
356.109524
356.003182
356.234305
356.233820
356.074535
356.144337
356.146835
356.110998
356.145887
356.147501
356.112463
356.074490
356.073906
356.075759
356.036279
356.036480
356.149987
356.111611
356.146706
356.111123
356.110316
356.110676
356.074551
356.114368
356.113030
356.226541
356.226137
356.037824
356.037832
356.113164
356.075297
356.106971
356.072760
356.107640
356.107941
356.073168
356.222036
356.076115
356.107379
356.111331
356.189375
356.181616
356.148524
356.109482
356.188291
356.113275
356.189379
356.189366
356.266397
356.147938
356.189051
356.230950
356.187441
356.190516
356.189690
356.192936
356.037555
356.109027
356.040379
356.040105
356.072122
356.185173
356.108792
356.107740
356.185367
356.187006
356.151694
356.188035
356.038060
356.148659
356.146219
356.036446
356.109771
356.106648
356.180285
356.107201
356.221405
356.179803
356.074643
356.188028
356.110842
356.222575
356.144851
356.109177
356.109841
356.111487
356.071607
356.109081
356.069985
356.039248
356.073214
356.143328
356.146071
356.072714
356.144022
356.146487
356.072710
356.073542
356.185685
356.107147
356.073472
356.073920
356.037500
356.117933
356.117924
356.040980
356.006519
356.073422
356.038660
356.074065
356.074297
356.073253
356.142147
356.106925
356.108412
356.037866
356.107703
356.074438
356.106810
356.072903
356.005991
356.038590
356.036689
356.003269
356.074203
356.003524
356.108707
356.073422
356.038880
356.229356
356.070469
355.969744
356.043076
356.039105
356.036698
356.002138
356.037184
356.000278
356.000282
356.186006
356.146188
356.110848
356.186002
356.074729
356.190419
356.340250
356.109518
356.110177
356.079503
356.002890
356.041578
356.073931
356.036668
356.003703
356.194375
356.036196
356.110680
356.036207
356.110302
356.039927
356.076168
356.072548
356.038365
356.110565
356.111701
356.148235
356.072105
356.035222
356.035719
356.036481
356.143514
356.141837
356.111083
356.106876
356.074802
356.074033
356.109046
356.036008
356.070733
356.035974
356.144284
356.142641
356.074685
356.074545
356.073977
356.107448
356.074039
356.220334
356.108517
356.108445
356.071009
356.071006
356.142465
356.036991
356.070987
356.108561
356.108529
356.072910
356.074240
356.037244
356.114019
356.146559
356.107912
356.107904
356.182902
356.228877
356.109858
356.076353
356.111519
356.112320
356.039712
356.040243
356.039726
356.181103
356.147554
356.111483
356.075020
356.074986
356.041545
356.035671
356.145688
356.002694
356.036463
356.036756
356.110642
356.111525
356.111524
356.074936
356.076944
355.969442
356.076438
356.076542
356.114370
356.178780
356.107325
356.108832
356.145322
356.107866
356.075879
356.076135
356.105053
356.145274
356.072361
356.107763
356.311188
356.220892
356.109013
356.107211
356.108667
356.106659
356.110054
356.179767
356.109566
356.186940
356.038794
356.072584
356.072941
356.108764
356.146859
356.111936
356.074298
356.073125
356.106123
356.181866
356.073138
356.035692
356.106614
356.001929
356.107694
356.075045
356.146857
356.145751
356.112980
356.186744
356.225017
356.223280
356.109731
356.144041
356.144044
356.110072
356.106409
356.106418
356.186754
356.224546
356.227845
356.258521
356.109659
356.145743
356.037505
356.110397
356.111222
356.075528
356.004772
356.041640
356.076468
356.004789
356.147586
356.004294
356.040634
356.110282
356.038329
356.002693
356.038835
356.039609
356.004816
356.041163
355.968103
356.003503
356.075669
356.114278
356.111457
356.145591
356.109570
356.110005
356.076007
356.147791
356.148620
356.116304
356.076543
356.076498
356.149950
356.111153
356.106704
356.072730
356.071711
356.298758
356.187073
356.073437
356.188037
356.000840
356.037773
356.071519
356.075024
356.109936
356.071476
356.071782
356.150049
356.110553
356.109799
356.189097
356.186072
356.224545
356.189893
356.186059
356.186887
356.186402
356.152412
356.153208
356.145973
356.077160
356.144274
356.076142
356.106623
356.146279
356.186213
356.187466
356.179447
356.073896
356.181215
356.041648
355.970212
355.970522
356.075667
356.035510
356.035972
356.036805
356.002725
356.145717
356.038610
356.035356
356.108490
356.035322
356.040216
356.073328
356.107066
356.074588
356.144245
356.069996
356.071352
356.146275
356.110518
356.147129
356.112076
356.223457
356.036272
356.072690
356.072874
356.073659
356.035724
356.108597
356.035163
356.036764
356.111006
356.186177
356.073527
356.072486
356.223447
356.265007
356.217296
356.183124
356.145497
356.182108
356.218703
356.107698
356.141156
356.278565
356.192040
356.192036
356.187025
356.109574
356.180223
356.109819
356.111680
356.188282
356.075235
356.076053
356.112983
356.229635
356.228363
356.036460
356.037776
356.184233
356.180987
356.183936
356.036460
356.070734
356.072399
356.073275
356.185049
356.036471
356.069707
356.072336
356.071535
356.148019
356.190683
356.150313
356.037243
356.038075
356.112652
356.115165
356.039228
356.153164
356.153164
356.109501
356.111841
356.115142
356.074607
356.185127
356.070732
356.146693
356.110249
356.146378
356.192053
356.189301
356.222576
356.186818
356.107979
356.109551
356.145276
356.188092
356.146202
356.190116
356.192638
356.153776
356.227136
356.189897
356.150504
356.144497
356.072053
356.111720
356.150514
356.183451
356.073387
356.187016
356.187002
356.188263
356.003205
356.073969
356.113502
356.276474
356.075194
356.073558
356.186294
356.036780
356.036748
356.039077
356.039069
356.146500
356.111864
356.148268
356.073899
356.184421
356.076066
356.074964
356.181612
356.111658
356.108450
356.075525
356.107633
356.075515
356.077147
356.115104
356.149330
356.187511
356.181521
356.111145
356.180949
356.146449
356.187522
356.272043
356.226688
356.230721
356.227793
356.232211
356.233205
356.188941
356.190538
356.224607
356.182790
356.223809
356.181256
356.112471
356.144273
356.109010
356.109085
356.108254
356.145179
356.301041
356.259273
356.111290
356.186127
356.150061
356.110797
356.111622
356.259276
356.221731
356.225973
356.225467
356.112613
356.185670
356.108167
356.107680
356.110068
356.188046
356.187279
356.076898
356.179977
356.188810
356.187532
356.077436
356.110365
356.075745
356.147809
356.186198
356.186184
356.144147
356.109565
356.108096
356.187551
356.187555
356.220767
356.219276
356.185759
356.183948
356.148577
356.185851
356.186815
356.313163
356.229376
356.231527
356.262291
356.227507
356.225044
356.267058
356.221759
356.301583
356.227466
356.233018
356.224218
356.228210
356.194180
356.155328
356.188122
356.146044
356.146578
356.188928
356.147014
356.224640
356.223361
356.146678
356.183138
356.075948
356.186035
356.112453
356.147806
356.111590
356.148878
356.147737
356.186045
356.076330
356.305284
356.263897
356.228319
356.144176
356.179454
356.178322
356.108259
356.004895
356.005765
356.142720
356.107739
356.108515
356.038651
356.072270
356.109303
356.071770
356.108286
356.070407
356.073916
356.107681
356.074547
356.109008
356.107661
356.107181
356.073096
356.071554
356.038777
356.107281
356.108747
356.037792
356.072052
356.151858
356.152800
356.145001
356.145493
356.262840
356.145665
356.262272
356.262262
356.074004
356.150934
356.150944
356.226214
356.315644
356.309483
356.267627
356.150323
356.111110
356.111981
356.157222
356.187681
356.152247
356.148252
356.150281
356.183597
356.150310
356.317634
356.315315
356.224618
356.266518
356.107215
356.183542
356.145876
356.217805
356.181993
356.148464
356.147090
356.183306
356.220856
356.223067
356.261645
356.259461
356.223053
356.111140
356.146118
356.219350
356.229901
356.110240
356.144506
356.113492
356.075841
356.109992
356.224875
356.146608
356.039131
356.228905
356.113746
356.146392
356.076896
356.146581
356.147852
356.147810
356.149953
356.072460
356.071930
356.107965
356.180309
356.213673
356.107691
356.109077
356.072415
356.148345
356.145913
356.075288
356.110930
356.110164
356.148980
356.147594
356.111259
356.221047
356.230583
356.077430
356.074490
356.074802
356.074337
356.148670
356.075287
356.075359
356.111653
356.077312
356.077756
356.112508
356.043549
356.148127
356.147660
356.149557
356.111686
356.145741
356.148766
356.149646
356.230095
356.145524
356.111135
356.222960
356.227219
356.185184
356.184460
356.182594
356.147254
356.222956
356.225455
356.352692
356.193168
356.193391
356.193956
356.225678
356.194673
356.223008
356.147996
356.113683
356.073415
356.075781
356.040643
356.072610
356.113774
356.076608
356.112023
356.146536
356.110901
356.111075
356.041950
356.040929
356.074396
356.073430
356.110720
356.074340
356.109554
356.109550
356.105864
356.072013
356.141255
356.219361
356.106248
356.142721
356.073148
356.074428
356.107512
356.106705
356.106043
356.110330
356.107159
356.076599
356.150440
356.076117
356.108562
356.110448
356.107740
356.073037
356.039298
356.039193
356.109070
356.185708
356.143506
356.073196
356.074830
356.108056
356.074954
356.107989
356.145504
356.143917
356.145498
356.071860
356.145340
356.072175
356.072371
356.073702
356.109860
356.186040
356.186034
356.277444
356.148897
356.144654
356.107910
356.145110
356.146094
356.186252
356.111976
356.111666
356.109274
356.109839
356.110708
356.147798
356.074191
356.278212
356.148907
356.180790
356.108519
356.186903
356.111420
356.180131
356.107488
356.108369
356.074111
356.073929
356.112530
356.036517
356.113179
356.183562
356.074019
356.072439
356.106701
356.072678
356.073122
356.142142
356.073135
356.107719
356.036539
356.141557
356.070766
356.111902
356.113807
356.073369
356.073879
356.073580
356.185639
356.184030
356.184832
356.149438
356.181641
356.112819
356.148856
356.040491
356.110610
356.110878
356.111707
356.111197
356.041831
356.110969
356.040796
356.146616
356.074217
356.106615
356.110760
356.074900
356.075392
356.149060
356.076024
356.146807
356.146786
356.074196
356.189678
356.267107
356.225118
356.111056
356.003718
356.075887
356.148663
356.148640
356.182685
356.183974
356.264506
356.222966
356.224163
356.072586
356.183617
356.145957
356.182563
356.190667
356.186841
356.150351
356.146751
356.190366
356.186841
356.222986
356.222412
356.146754
356.154284
356.153512
356.145503
356.181288
356.188039
356.187247
356.144940
356.109603
356.106722
356.108468
356.112755
356.113315
356.147797
356.144892
356.152924
356.109680
356.110505
356.113328
356.116147
356.036744
356.037730
356.037225
356.109945
356.037702
356.193044
356.191385
356.114072
356.077436
356.039962
356.039176
356.112008
356.076775
356.154926
356.156171
356.111912
356.074750
356.074447
356.073884
356.145986
356.115297
356.074976
356.074495
356.072870
356.071306
356.073386
356.005381
356.004105
356.039741
356.003468
356.110149
356.002705
356.003194
356.076726
356.077151
356.073706
356.073133
356.075319
356.180404
356.002456
356.038025
356.073925
356.002427
356.003741
356.040694
356.040774
355.968947
356.073397
356.146990
356.113772
356.148822
356.074076
356.276856
356.074545
356.187518
356.073222
356.072649
356.076396
356.149239
356.112680
356.112120
356.107977
356.108019
356.148088
356.001706
356.107804
356.001407
356.039459
356.036734
356.036181
356.035405
356.074603
356.143027
356.038984
356.037007
356.035931
356.035441
356.144507
356.110686
356.038421
356.107520
356.038941
356.038910
356.078787
356.078721
356.149106
356.150056
356.149375
356.152977
356.147000
356.149183
356.152683
356.152209
356.115464
356.146652
356.148871
356.109048
356.108068
356.181046
356.182885
356.148148
356.070255
356.144743
356.146974
356.214594
356.179675
356.143662
356.109112
356.186763
356.073287
356.039568
356.038701
356.074017
356.143141
356.037338
356.073143
356.039594
356.075471
356.114522
356.108827
356.112779
356.154906
356.148040
356.112881
356.154422
356.190999
356.189377
356.188840
356.114662
356.192256
356.188591
356.188364
356.228851
356.313080
356.277388
356.144196
356.109614
356.108703
356.107350
356.079276
356.006665
356.073745
356.074826
356.106371
356.040724
356.075052
356.038103
356.072075
356.070449
356.071244
356.036192
356.153445
356.188526
356.152971
356.156406
356.041658
356.042241
356.113892
356.074004
356.110538
356.075465
356.075816
356.075067
356.037565
356.037846
356.074545
356.074456
356.145843
356.179075
356.180776
356.076195
356.035734
356.035712
356.041606
356.145664
356.146826
356.071434
356.107807
356.142815
356.109458
356.109630
356.073805
356.075499
356.072630
356.074638
356.073255
356.105913
356.071558
356.073538
356.185479
356.108056
356.074385
356.144065
356.076159
356.144491
356.107893
356.296412
356.145275
356.185160
356.079126
356.112887
356.112421
356.147185
356.152918
356.153416
356.109166
356.109180
356.111648
356.073200
356.072388
356.148032
356.182755
356.110438
356.073305
356.108781
356.072987
356.072446
356.317188
356.269648
356.226996
356.226515
356.261789
356.352682
356.305608
356.193144
356.227038
356.193937
356.228312
356.229530
356.146861
356.222511
356.180554
356.114930
356.189462
356.179951
356.188849
356.078444
356.077690
356.188072
356.146800
356.111727
356.222482
356.112544
356.224519
356.111018
356.265497
356.224325
356.264214
356.109220
356.185653
356.071660
356.072091
356.218987
356.222818
356.109317
356.109520
356.222814
356.153939
356.154410
356.185659
356.112181
356.106423
356.146501
356.144930
356.076661
356.112197
356.143873
356.110058
356.106642
356.144844
356.039504
356.142169
356.071296
356.144041
356.109227
356.042106
356.110261
356.109108
356.076666
356.146336
356.181741
356.144783
356.146125
356.179188
356.181914
356.107783
356.220159
356.107884
356.181520
356.181534
356.220795
356.229065
356.146443
356.145770
356.146222
356.073411
356.109046
356.041195
356.110125
356.179331
356.142991
356.221653
356.108382
356.074615
356.108229
356.108595
356.073725
356.073153
356.078720
356.146805
356.146049
356.109322
356.189127
356.187846
356.149665
356.188237
356.109462
356.188620
356.188793
356.188806
356.188033
356.188022
356.149856
356.071581
356.071335
356.071026
356.036810
356.071872
356.073732
356.071551
356.106384
356.108288
356.038987
356.110629
356.107502
356.073272
356.108880
356.073899
356.188340
356.109025
356.152210
356.190594
356.003719
356.111526
356.187498
356.188267
356.146141
356.113090
356.187211
356.187696
356.190232
356.223622
356.039823
356.072813
356.110036
356.071828
356.185749
356.111947
356.229943
356.228671
356.147098
356.227899
356.147607
356.109692
356.186211
356.187416
356.187700
356.145972
356.191476
356.223150
356.263804
356.109792
356.073585
356.181095
356.146302
356.107812
356.142369
356.110450
356.109569
356.259050
356.294726
356.144157
356.142307
356.144064
356.147811
356.074133
356.181591
356.145350
356.184024
356.217768
356.143497
356.109588
356.036234
356.109123
356.224657
356.224590
356.178614
356.108664
356.141182
356.108257
356.220120
356.070473
356.143467
356.104711
356.149283
356.219759
356.143961
356.184594
356.149653
356.186967
356.074733
356.146320
356.146309
356.073303
356.074312
356.189734
356.148300
356.074648
356.074677
356.184513
356.143490
356.144260
356.111003
356.178776
356.144075
356.109580
356.108054
356.110468
356.144165
356.294747
356.143685
356.150397
356.227037
356.110610
356.145056
356.108674
356.181090
356.109484
356.189064
356.146292
356.073602
356.073608
356.142656
356.069698
356.073736
356.072863
356.177334
356.107394
356.112324
356.036985
356.070247
356.076636
356.190093
356.107851
356.146389
356.152061
356.152061
356.186787
356.144156
356.110278
356.112100
356.180963
356.186784
356.221209
356.114148
356.144922
356.152473
356.151691
356.143923
356.151969
356.151187
356.111245
356.221188
356.111752
356.184752
356.111212
356.109730
356.226215
356.149683
356.145891
356.111931
356.224461
356.145107
356.143007
356.110895
356.143815
356.224103
356.222594
356.187186
356.148541
356.187661
356.225077
356.222607
356.112200
356.145634
356.075048
356.187483
356.108020
356.180764
356.110689
356.229895
356.073836
356.186137
356.144223
356.107729
356.108744
356.109619
356.107623
356.107166
356.106123
356.152063
356.108967
356.110888
356.110920
356.111034
356.152835
356.145259
356.074614
356.075112
356.186377
356.109246
356.145656
356.072788
356.108263
356.145363
356.145503
356.111667
356.146509
356.144397
356.076430
356.186151
356.223301
356.109467
356.145599
356.143530
356.109517
356.074379
356.109514
356.076616
356.228728
356.265588
356.152074
356.152545
356.227764
356.265121
356.225118
356.110797
356.145454
356.224619
356.186990
356.190454
356.229517
356.228548
356.230929
356.184550
356.184752
356.146047
356.187821
356.149665
356.188611
356.225146
356.224662
356.225465
356.184547
356.190479
356.265084
356.266383
356.184511
356.231701
356.226290
356.188605
356.189388
356.181698
356.219782
356.109841
356.260410
356.145484
356.144427
356.145239
356.073481
356.107207
356.074594
356.144248
356.110627
356.107406
356.107128
356.220721
356.073379
356.106167
356.071956
356.105072
356.146049
356.041343
356.075611
356.150982
356.110047
356.106185
356.146196
356.146204
356.106181
356.184795
356.108938
356.142265
356.038620
356.107472
356.142201
356.108694
356.073546
356.144181
356.073212
356.108288
356.076673
356.110060
356.180682
356.146530
356.229578
356.220852
356.147242
356.146562
356.189765
356.151601
356.148180
356.189278
356.187505
356.143912
356.106703
356.142758
356.145168
356.145295
356.180448
356.143085
356.186231
356.108769
356.108745
356.146406
356.190553
356.190072
356.224689
356.109877
356.075434
356.114032
356.113861
356.114893
356.073717
356.074711
356.148965
356.147158
356.148534
356.110889
356.107205
356.109042
356.181023
356.144412
356.107716
356.110114
356.144991
356.040169
356.153335
356.074733
356.079501
356.075802
356.146337
356.146076
356.075356
356.153611
356.146841
356.229054
356.228280
356.145549
356.187296
356.149609
356.188557
356.226619
356.227891
356.146937
356.193227
356.221133
356.152202
356.112036
356.152988
356.144932
356.188080
356.189345
356.181192
356.219279
356.143125
356.150941
356.150945
356.109562
356.146168
356.071277
356.037500
356.270299
356.270308
356.229828
356.228582
356.224851
356.145077
356.224855
356.190202
356.224668
356.190018
356.222563
356.224418
356.149090
356.109767
356.114717
356.076843
356.074999
356.076914
356.183554
356.218361
356.108679
356.038288
356.073713
356.107223
356.107053
356.072905
356.107372
356.073701
356.106692
356.182159
356.217805
356.144316
356.144855
356.109323
356.145757
356.109757
356.038432
356.108773
356.108784
356.107915
356.108213
356.110871
356.108526
356.073968
356.144325
356.110350
356.148949
356.277452
356.186093
356.186083
356.261270
356.148946
356.276987
356.146069
356.144761
356.145484
356.144103
356.186056
356.076189
356.149357
356.182769
356.075590
356.154688
356.190417
356.105658
356.109155
356.074526
356.106472
356.149608
356.075008
356.003991
356.003104
356.070843
356.149916
356.107387
356.106738
356.150320
356.002520
356.070286
356.037162
356.036577
356.070868
356.035704
356.070726
356.070204
356.184832
356.109384
356.068391
356.071097
356.035645
356.073058
356.187244
356.040678
356.039647
356.110098
356.185970
356.109788
356.071588
356.105924
356.109074
356.105087
356.069700
356.104860
356.070649
356.140260
356.106194
356.072349
356.073156
356.106308
356.106695
356.105610
356.077861
356.112595
356.076478
356.000867
356.038219
356.071743
356.111085
356.146309
356.144669
356.038958
356.144710
356.180915
356.071379
356.071883
356.145363
356.071372
356.144333
356.108198
356.220076
356.297619
356.107540
356.109156
356.073182
356.076116
356.073978
356.074281
356.039739
356.108866
356.036039
356.141565
356.036509
356.071231
356.072272
356.184823
356.110136
356.069189
356.073995
356.071049
356.036420
356.110547
356.036218
356.035725
356.071781
356.073430
356.039046
356.110052
356.072748
356.187047
356.073750
356.037504
356.001648
356.145661
356.071065
356.034402
356.104533
356.034090
356.000673
356.109063
356.149819
356.108511
356.110722
356.147705
356.039119
356.072584
356.075099
356.074219
356.111480
356.037034
356.147615
356.149062
356.152722
356.152709
356.075009
356.231822
356.222777
356.231048
356.146636
356.148342
356.074965
356.005705
356.180502
356.183238
356.074579
356.071962
356.074122
356.110491
356.042785
356.076032
356.111713
356.180757
356.145539
356.073370
356.073413
356.145976
356.077119
356.149850
356.149203
356.110139
356.144697
356.109516
356.224458
356.189123
356.114707
356.114324
356.146169
356.114363
356.144662
356.146034
356.149260
356.104237
356.107438
356.071494
356.037214
356.072088
356.107432
356.109318
356.070978
356.074698
356.078786
356.107671
356.075024
356.001370
356.036755
356.034340
356.037620
356.106705
356.000595
356.004909
356.040156
356.109814
356.004867
356.004579
356.073682
356.074084
356.108695
356.109519
356.074459
356.004091
356.040834
356.075893
356.070744
356.180210
356.036981
356.036497
356.144850
356.071202
356.072009
356.069545
356.146024
356.077701
356.111259
356.190321
356.072656
356.071206
356.068191
356.109050
356.108542
356.035433
356.071623
356.072457
356.070854
356.036659
356.185373
356.037014
356.070475
356.108336
356.034630
356.069442
356.069459
356.145255
356.072931
356.071610
356.074739
356.039522
356.038874
356.108082
356.106215
356.036574
356.107249
356.106607
356.143560
356.072411
356.185092
356.107424
356.108026
356.037544
356.072696
356.075162
356.038469
356.150915
356.070734
356.036196
356.071829
356.037629
356.144379
356.074527
356.073643
356.001388
356.036195
356.002480
356.074778
356.074043
356.149101
356.181571
356.115079
356.073120
356.073108
356.110356
356.189381
356.115503
356.152248
356.152708
356.189863
356.147573
356.106129
356.107275
356.106300
356.256831
356.104944
356.221671
356.110157
356.075981
356.109885
356.073820
356.107703
356.108364
356.074683
356.142239
356.074461
356.110352
356.108680
356.037024
356.037051
356.146174
356.072514
356.038805
356.070746
356.186007
356.185206
356.108335
356.073239
356.036210
356.037923
356.106095
356.256774
356.221076
356.108688
356.107831
356.142341
356.183664
356.142750
356.108111
356.075164
356.186560
356.142844
356.071348
356.185914
356.072366
356.036181
356.036560
356.037237
356.071779
356.279516
356.150903
356.188508
356.188027
356.314220
356.151374
356.146278
356.180168
356.187586
356.113220
356.148562
356.187576
356.077101
356.111913
356.111393
356.230985
356.154679
356.117928
356.149259
356.155449
356.077767
356.149591
356.108480
356.107992
356.004044
356.109279
356.108272
356.074416
356.149352
356.109274
356.109051
356.074412
356.151994
356.039492
356.038704
356.111631
356.004104
356.037589
356.073152
356.072354
356.079479
356.078451
356.005319
356.114046
356.152699
356.105592
356.145090
356.107916
356.181704
356.107087
356.143846
356.110090
356.037830
356.184579
356.073668
356.037828
356.111585
356.110258
356.074504
356.037223
356.001889
356.105575
356.144446
356.106701
356.108538
356.181041
356.107227
356.256424
356.144714
356.146937
356.147238
356.109655
356.150911
356.035611
356.037979
356.149919
356.145304
356.074572
356.037556
356.109633
356.038406
356.073936
356.072606
356.111407
356.186590
356.145100
356.109586
356.108683
356.110295
356.041647
356.040901
356.146401
356.149512
356.039149
356.111019
356.074195
356.074031
356.073398
356.073231
356.110761
356.111908
356.038050
356.108459
356.073182
356.114345
356.106615
356.039658
356.072092
356.107378
356.072874
356.149034
356.183263
356.190472
356.187422
356.226013
356.184406
356.183327
356.146224
356.150506
356.112339
356.113321
356.147724
356.189975
356.186939
356.226772
356.037919
356.146557
356.040389
356.111393
356.040121
356.228970
356.110601
356.180805
356.111653
356.077361
356.115183
356.150658
356.037799
356.312607
356.112814
356.150425
356.110513
356.111308
356.039816
356.074909
356.150661
356.145857
356.072230
356.186778
356.073796
356.074598
356.112580
356.072607
356.072618
356.144403
356.109501
356.146473
356.110473
356.223257
356.226092
356.189442
356.182564
356.147196
356.188945
356.151003
356.146637
356.146990
356.260365
356.222770
356.225583
356.183393
356.184941
356.146770
356.220531
356.187630
356.224686
356.147780
356.111161
356.075259
356.076233
356.111589
356.187144
356.075544
356.154900
356.147273
356.147550
356.154412
356.219385
356.220180
356.225129
356.035099
356.034817
356.036412
356.111265
356.149831
356.302584
356.224628
356.348858
356.223398
356.221121
356.145384
356.146531
356.145518
356.111208
356.144418
356.146749
356.147402
356.392069
356.314626
356.313012
356.187346
356.073119
356.107962
356.072817
356.152526
356.146636
356.145202
356.263969
356.109346
356.188826
356.109985
356.188707
356.226724
356.187227
356.192222
356.038324
356.041866
356.079500
356.005123
356.112159
356.194508
356.318541
356.267860
356.271882
356.224855
356.227616
356.072866
356.003827
356.074156
356.074459
356.005137
355.965386
356.352283
356.269161
356.225670
356.229203
356.226950
356.108788
356.265867
356.222378
356.230097
356.232360
356.108783
356.073524
356.144157
356.222058
356.071365
356.107207
356.221303
356.107447
356.074185
356.142598
356.186826
356.107953
356.187311
356.107976
356.143116
356.144181
356.108479
356.219938
356.222079
356.109313
356.107099
356.073060
356.222093
356.110041
356.075345
356.180962
356.181755
356.299466
356.299970
356.108967
356.145494
356.146516
356.221305
356.074864
356.111179
356.109062
356.149152
356.074327
356.076227
356.190774
356.193536
356.114867
356.074306
356.191590
356.144058
356.075166
356.076143
356.188017
356.264619
356.266871
356.230913
356.223982
356.227149
356.261647
356.188297
356.265438
356.110789
356.144254
356.073802
356.074361
356.111543
356.147683
356.108085
356.109719
356.220570
356.216931
356.147675
356.184775
356.110985
356.111762
356.225272
356.185964
356.111482
356.112256
356.227769
356.003753
356.111745
356.004255
356.003189
356.037113
356.112506
356.037555
356.037103
356.001662
356.002922
356.072329
356.071843
356.182246
356.070088
356.037833
356.038310
356.109391
356.109907
356.108785
356.110932
356.220537
356.108638
356.111571
356.311931
356.073862
356.072824
356.182343
356.038411
356.037900
356.143460
356.038387
356.108711
356.072824
356.072001
356.073466
356.186164
356.149004
356.109196
356.217807
356.184364
356.070576
356.071549
356.036225
356.037088
356.035870
356.036203
356.036489
356.146281
356.001167
355.967941
356.034096
356.107042
356.037931
356.036159
356.146023
356.147281
356.145701
356.109092
356.109862
356.109205
356.110055
356.006490
356.074467
356.073675
356.072392
355.968990
356.075529
356.075156
356.144696
356.071047
356.071080
356.111566
356.107256
356.105365
356.110974
356.072648
356.146716
356.073841
356.074576
356.104233
356.143681
356.071513
356.146344
356.036740
356.036241
356.147150
356.146014
356.110731
356.147101
356.074293
356.002223
355.969296
356.112358
356.148146
356.148110
356.074010
356.185226
356.072182
356.036470
356.181340
356.037792
356.037179
356.002162
356.000884
356.001932
356.075797
356.149907
356.147123
356.073347
356.073059
356.183039
356.141119
356.106341
356.107102
356.107344
356.034998
356.141227
356.035498
356.072826
356.072895
356.035409
356.107754
356.071871
356.071334
356.140639
356.108683
356.036879
356.142581
356.038127
356.142955
356.108381
356.037047
356.142755
356.037811
356.108724
356.143118
356.037788
356.070276
356.036505
356.073919
356.142327
356.036184
356.072895
356.146792
356.105586
356.107701
356.105559
356.180639
356.071592
356.105330
356.105891
356.072336
356.106394
356.038065
356.181802
356.037072
356.185039
356.181414
356.071855
356.181356
356.069217
356.070015
356.036460
356.070502
356.035974
356.144330
356.001902
356.071756
356.108713
356.107099
356.001912
355.968671
356.108393
356.177796
356.002513
356.108528
355.969287
356.070470
356.107681
356.036166
356.035665
356.074244
356.035953
356.002204
356.185106
356.113042
356.002240
356.108558
356.229616
356.108532
356.109186
356.078460
356.035351
356.038807
356.071793
356.040837
356.074108
356.035639
356.194146
356.000871
356.076365
356.002455
356.074723
356.115299
356.111062
356.144475
356.075096
356.075843
356.262273
356.182732
356.038300
356.038308
356.075540
356.115369
356.106586
356.075473
356.037030
356.037534
356.079791
356.041582
355.935708
355.969954
356.113549
356.035113
356.002016
356.035236
356.074638
356.001879
356.038606
356.074011
356.036759
356.037281
356.183455
356.148995
356.279697
356.153370
356.111762
356.110956
355.968913
355.968925
356.109209
356.040484
356.001948
356.109703
356.037793
356.035721
356.001941
356.107701
356.037057
356.147471
356.105404
356.002459
356.001884
356.035924
356.108910
356.040183
356.002390
356.075482
356.108907
356.146631
356.001673
356.001663
356.108886
356.075002
356.040476
356.109684
356.037121
356.002404
356.073349
356.147986
356.071080
356.105389
356.037059
356.184826
356.034385
356.035087
356.071341
356.003542
356.075016
356.042636
356.076469
356.110278
356.108901
356.075339
356.109096
356.074639
356.113247
356.187113
356.115935
356.036481
356.040692
356.041696
356.081595
356.035952
356.108789
356.109789
356.040205
356.035375
356.037592
356.001015
356.069913
356.147601
356.149230
356.072089
356.072588
356.107110
356.107115
356.071361
356.037821
356.071879
356.074020
356.072862
356.072071
356.073372
356.112584
356.001361
356.034534
356.001516
356.107027
356.001176
356.149492
356.073245
356.036421
356.108573
356.143405
356.071242
356.036514
356.037835
356.185396
356.035680
356.142987
356.069219
356.108453
356.072315
356.037008
356.071933
356.036980
356.068608
356.072844
356.143495
356.036235
356.002964
356.108743
356.072851
356.002159
356.001355
356.105048
356.108740
356.142919
356.107434
356.107107
356.108350
356.103941
356.104758
356.181798
356.071808
356.105828
356.073815
356.075268
356.035895
356.071239
356.145291
356.040443
356.108554
356.143844
356.036478
356.071508
356.073914
356.108948
356.074392
356.070212
356.070042
356.035987
356.141409
356.034993
356.108234
356.039650
356.001667
356.000560
356.038809
356.071515
356.071804
356.000012
356.073044
356.075746
356.103454
356.073045
356.004057
356.038063
356.036960
356.147876
356.112112
356.074936
356.108145
356.146410
356.038657
356.034244
356.074297
356.034836
356.035392
356.002443
356.037491
356.185402
356.186587
356.150107
356.037595
356.112027
356.108241
356.108702
356.111572
356.107923
356.146758
356.148595
356.183640
356.111351
356.150474
356.107870
355.969180
356.073669
356.072282
356.037263
356.108421
356.003498
356.003473
356.145112
356.146764
356.003493
356.003000
356.040383
356.035659
356.036435
356.145655
356.003779
356.004261
356.146757
356.003566
356.003250
356.003225
356.074447
356.073692
356.148552
356.148612
356.148532
356.035752
356.037079
356.035104
356.107306
356.002756
356.001976
356.109718
356.107591
356.001738
356.074066
355.969503
355.969206
356.184339
356.003265
356.036524
356.038108
356.073121
356.002192
355.968732
356.037291
356.038858
355.968379
355.967285
356.111703
356.000634
356.003789
356.003008
356.075017
356.074891
356.119622
356.147458
356.036990
356.038101
356.073960
356.073083
356.072085
356.037908
356.072119
356.080345
356.080132
356.148522
356.143303
356.072794
356.119871
356.039317
356.040036
356.109161
356.071521
356.039304
356.037720
356.072081
356.188261
356.189018
355.965988
356.001391
356.035141
356.037983
356.001393
356.035132
356.001090
356.039167
356.035359
356.036973
356.075320
356.109338
356.110961
356.108997
356.116452
356.112084
356.112450
356.113020
356.075221
355.968411
356.038609
356.035468
356.037082
356.035524
355.999517
356.033547
356.073593
356.115218
356.076227
356.075721
356.006820
356.075803
356.151467
356.076466
356.109890
356.074252
356.151247
356.070807
356.149282
356.037628
356.073189
356.072367
356.072977
356.107250
356.109869
356.146483
356.151241
356.075054
356.278574
356.145475
356.192046
356.192033
356.108838
356.144831
356.073825
356.074648
356.108465
356.109082
356.110266
356.108387
356.186894
356.145209
356.110486
356.108037
356.220562
356.186419
356.271900
356.229635
356.270631
356.228363
356.228357
355.970823
356.076827
356.078125
356.229845
356.074603
356.074613
356.073108
356.074547
356.041453
356.075792
356.109033
356.071106
356.072733
356.111834
356.110893
356.147178
356.112094
356.113659
356.181752
356.108402
356.107925
356.145408
355.970048
356.072377
356.073451
356.000307
356.034671
356.036282
356.110551
356.035893
356.036097
356.073077
356.072539
356.151917
356.035723
356.109623
356.073129
356.002413
356.072079
356.183452
356.221607
356.151073
356.109725
356.075497
356.111204
356.075344
356.072177
356.072966
356.036500
356.036218
356.148422
356.037527
356.184043
356.003748
355.969961
356.115160
356.113671
356.146606
356.146162
356.184013
356.148491
356.182822
356.149371
356.110011
356.075625
356.002439
356.150350
356.113675
356.146673
356.146659
356.072334
356.072048
356.183277
356.073370
356.183173
356.219118
356.106573
356.071558
356.108120
356.144256
356.142337
356.145176
356.143125
356.109941
356.109933
356.144147
356.071245
356.040777
356.181686
356.181663
356.110160
356.221137
356.222076
356.143825
356.109555
356.109204
356.143585
356.143788
356.147059
356.072063
356.071716
356.073122
356.072227
356.072378
356.037025
356.071160
356.073311
356.073782
356.183201
356.074604
356.075185
356.109493
356.075200
356.110742
356.143457
356.077634
356.109158
356.005600
356.111244
356.148029
356.073195
356.071879
356.074123
356.072398
356.074117
356.074520
356.072343
356.073148
356.003989
356.041400
356.080056
356.074008
356.042116
356.148739
356.113723
356.111039
356.145441
356.072940
356.077882
356.363976
356.368003
356.316904
356.078474
355.972649
356.041935
356.073093
356.002321
356.035550
356.108832
356.072894
356.036722
355.934341
355.933558
356.040534
356.042614
356.039066
356.076590
356.038015
356.110709
356.148790
356.148627
356.110519
356.114641
356.152432
356.152442
356.073997
356.116322
356.148081
356.109329
356.111914
356.112688
356.074898
356.148990
356.108606
356.003783
356.003773
356.040661
356.039088
356.152244
356.107432
356.108456
356.107929
356.221514
356.149446
356.149428
356.182651
356.185270
356.190071
356.188324
356.074775
356.184218
356.153564
356.153866
356.109852
356.073440
356.108826
356.110670
356.074767
356.072055
356.107461
356.144190
356.074319
356.107915
356.075069
356.111495
356.039615
356.150392
356.110507
356.007984
356.044007
356.079163
356.113126
356.076243
356.043135
356.081086
356.111017
356.006443
356.112760
356.195346
356.039286
356.037230
356.112200
356.075764
356.074935
356.071270
356.144044
356.071276
356.037196
356.038527
356.007668
356.072897
356.072939
356.003294
356.107941
356.072664
356.072982
356.109141
356.107950
356.072431
356.150038
356.149547
356.107760
356.108664
356.069741
356.147392
356.073167
356.073476
356.222522
356.108304
356.111706
356.221276
356.180547
356.187179
356.147877
356.109682
356.074059
356.143245
356.108281
356.112488
356.222060
356.180532
356.109161
356.179625
356.072868
356.073729
356.040947
356.077620
356.109893
356.110143
356.003745
356.002968
356.036271
356.003377
356.108770
356.036460
356.072116
356.037567
356.071818
356.071154
356.072604
356.036467
356.180248
356.072758
356.105539
356.035547
356.035077
356.073615
356.073918
356.110086
356.073084
356.110627
356.111490
356.150281
356.184392
356.150257
356.041404
356.145328
356.038909
356.074135
356.074138
356.075771
356.038326
356.037525
356.147653
356.221669
356.109942
356.110325
356.148207
356.073157
356.073464
356.000856
355.999541
356.075111
356.004661
356.109691
356.072331
356.147840
356.112176
356.001551
356.040435
355.967268
356.148076
356.039441
356.039915
356.147608
356.111028
356.113690
356.074204
356.075263
356.112418
356.151940
356.076373
356.080424
356.077748
356.079059
356.002436
356.004895
356.038633
356.038083
356.004327
356.151336
356.108204
356.108796
356.037516
356.003272
356.150802
356.108464
356.004576
356.040013
356.073306
356.077293
356.007610
356.042364
355.935889
356.001403
356.000903
356.110441
356.035144
356.035130
356.035371
356.036396
356.077965
356.077181
356.068755
356.036028
356.110296
356.072938
356.068917
356.106628
356.071330
356.037505
356.110298
356.036974
356.071292
356.107114
356.071641
356.069749
356.070468
356.072936
356.114011
356.074956
356.071055
356.071031
356.074471
356.001164
355.967916
356.002173
356.001869
356.071559
355.969225
356.001877
356.185311
356.276529
356.145600
356.040726
356.038036
356.038804
356.036908
356.038498
356.074611
356.073752
356.071250
356.071263
356.106699
356.071109
356.108768
356.221923
356.106471
356.107116
356.072085
356.107796
356.106063
356.221908
356.073413
356.036728
356.038321
356.143544
356.105203
356.105697
356.144522
356.144209
356.144049
356.107109
356.145872
356.105649
356.189467
356.231338
356.187853
356.189782
356.076453
356.220589
356.146902
356.182745
356.224554
356.265041
356.225087
356.113068
356.112290
356.074990
356.188416
356.075861
356.074345
356.189125
356.111775
356.194980
356.037580
356.038385
356.040734
356.039120
356.039122
356.037838
356.038338
356.077007
356.041604
356.151874
356.277446
356.073094
356.071999
356.143350
356.109099
356.179950
356.108361
356.182275
356.003503
356.108677
356.075470
356.002191
356.109116
356.036447
356.179786
356.070072
356.037024
356.147406
355.969537
356.040410
356.184852
356.143085
356.107764
356.108763
356.145010
356.146026
356.224134
356.109234
356.144889
356.111933
356.110557
356.144094
356.038259
356.005989
356.113116
356.041871
355.969708
355.969714
356.075114
356.112690
356.115516
356.073472
356.002117
356.109427
356.037492
356.036999
356.075627
356.280593
356.277125
356.271961
356.312158
356.309917
356.270273
356.321812
356.320112
356.237460
356.239137
356.235769
356.074756
356.186885
356.039460
356.142823
356.229155
356.144487
356.143817
356.075546
356.151777
356.076714
356.187137
356.148502
356.188093
356.152259
356.005042
356.003471
356.234090
356.189527
356.223577
356.145762
356.107500
356.111034
356.076626
356.075588
356.108449
356.191255
356.192025
356.402529
356.036739
356.111226
356.001150
356.112768
356.073198
356.114485
356.070999
356.074985
356.003000
356.002503
356.036962
356.076987
356.411746
356.364677
356.320243
356.316217
356.354626
356.404951
356.359902
356.372184
356.363645
356.417776
356.409223
356.326602
356.037516
356.073552
356.073029
356.039163
356.039686
356.038366
356.192192
356.193743
356.229874
356.147322
356.144730
356.075177
355.970502
356.036455
356.145269
356.145732
356.073759
356.075675
356.073519
356.073498
355.965994
355.966190
356.038906
356.074543
356.003771
356.039915
356.075043
356.003473
356.074334
355.970485
355.969658
355.969963
356.155455
356.078902
356.074904
356.003771
356.038570
356.075739
356.005893
356.004594
356.110968
356.077279
356.152048
356.112270
356.073382
356.072749
356.074330
356.076181
356.110201
356.075698
356.150475
356.004841
356.040252
356.111500
356.036174
356.001897
356.038854
356.072540
356.071971
356.113543
356.071546
356.071546
356.144171
356.145819
356.035694
356.035404
356.034776
356.002041
356.002519
356.144718
356.035700
356.073215
356.003292
356.143381
356.071570
356.072054
356.070732
356.145127
356.073147
356.039594
356.073650
356.182152
356.181374
356.181364
356.073111
356.073100
355.968373
355.967868
356.181739
356.183204
356.183728
356.071837
356.070772
356.034584
356.035180
356.104808
356.035213
356.068935
356.070786
356.000646
356.000624
356.106125
356.035193
356.073142
356.001899
356.002219
356.072739
356.034494
356.071585
356.035908
356.072828
355.967568
356.038886
356.073145
356.039680
356.037594
356.000631
356.072404
356.033371
356.072082
356.036751
356.040746
356.042643
355.932718
356.035650
356.034845
356.036212
356.108714
356.038666
356.108736
356.003543
356.003564
356.070711
356.069929
356.070514
356.145120
356.178614
356.036483
356.070225
356.036439
356.070500
356.140631
356.071544
356.072350
356.072415
356.107179
356.071583
356.071606
356.179649
356.109284
356.149046
356.109957
356.107162
356.141675
356.107111
356.072590
356.105901
356.073438
356.040012
356.041055
356.109702
356.107652
356.034864
356.001189
356.106399
356.037622
356.037119
356.073300
356.109146
356.072601
356.038604
356.004058
356.036494
356.145643
356.195180
356.114643
356.111546
356.036145
356.036965
356.148406
356.037408
356.111474
356.074136
356.109757
356.037259
356.108919
356.150038
356.188326
356.151526
356.195363
356.192927
356.115395
356.114227
356.078272
356.075283
356.075797
356.112019
356.187763
356.111049
356.109714
356.074683
356.040900
356.076259
356.074153
356.037184
356.038814
356.074293
356.071192
356.036100
356.036717
356.036639
356.075122
356.034405
356.109752
356.108218
356.037323
356.071527
356.037240
356.036754
356.075427
356.075679
356.076996
356.001452
356.114334
356.151299
356.113389
356.075453
356.074611
356.549359
356.037811
356.037328
356.150888
356.071108
356.070761
356.071242
356.036221
356.071676
356.072318
356.035390
356.072414
356.073377
356.037057
356.071554
356.037530
356.071532
356.003204
356.001631
356.001438
356.002727
355.968670
356.111673
356.039923
356.039908
356.109189
356.074190
356.074083
356.073697
356.073813
356.184320
356.037553
356.040558
356.109169
356.105779
355.968371
356.074169
356.074834
356.146496
356.035388
356.035403
356.146159
356.037174
356.111712
356.037728
356.005138
356.074772
356.180553
356.037075
356.036565
356.145828
356.037800
356.146006
356.003020
356.035924
356.071818
355.965999
355.967069
355.964898
356.037287
356.001578
356.149825
356.002242
356.038276
356.108026
356.000854
356.072448
356.108047
356.036053
356.070074
356.146942
356.150449
356.115414
356.075445
356.040620
356.110058
356.150364
356.076075
356.073916
356.106134
356.109481
356.106093
356.071089
356.071056
356.073484
356.072405
356.071922
356.073193
356.072133
356.107768
356.070415
356.071296
356.072326
356.075696
356.110013
356.072315
356.075240
356.110006
356.105607
356.105626
355.967562
356.037270
356.071550
356.075094
356.149196
356.037909
356.034698
356.035718
356.144829
356.035795
356.036631
356.111455
356.000641
355.999852
356.000141
356.000627
356.150870
356.005056
356.004558
356.039350
356.115223
356.307342
356.275062
356.276749
356.357194
356.272838
356.274542
355.967337
356.039447
356.003285
356.148152
356.004070
356.107962
356.074189
356.077340
356.188496
356.278280
356.147397
356.003762
356.113442
356.158169
356.144694
356.039717
356.146467
356.004087
356.004886
356.148147
356.148481
356.182857
356.183767
356.038902
356.039702
356.038403
356.073229
356.038353
356.036382
356.072410
356.002443
356.001641
356.109496
356.072897
356.106909
356.107444
356.072393
356.075057
356.187154
356.072031
356.038250
356.072066
356.036261
356.070740
356.040372
356.072093
356.039983
356.072389
356.108939
356.041919
356.149456
356.000571
356.072603
356.036774
356.072629
356.151657
356.002396
356.005280
356.004393
356.039127
356.036255
356.109434
355.999729
356.108938
356.143996
356.072355
356.072078
356.074825
356.072054
356.073769
356.069598
356.070082
356.181956
356.148726
356.036407
356.106745
356.148702
356.035095
356.105913
356.000846
356.148079
356.111873
356.040396
355.970249
356.037049
356.034885
356.035707
356.036244
356.186869
356.147935
356.145317
356.147724
356.179590
356.038196
356.072822
356.038230
356.037701
356.073666
356.107943
356.074413
356.003752
356.039656
356.038002
356.107871
356.037982
356.038356
356.112969
356.108786
356.180766
356.179128
356.112418
356.038379
356.036580
356.073127
355.968916
355.968138
356.003813
356.106830
356.000831
356.002704
356.003486
356.074241
356.038898
356.073466
356.070743
356.180795
356.179138
356.072013
356.070420
356.108482
356.107705
356.073381
356.039386
356.107120
356.111597
356.036273
356.072146
356.002134
356.040134
356.075254
356.003536
356.002372
356.149122
356.111870
355.966351
356.148426
356.108431
356.073569
356.109703
356.074521
356.113155
356.145313
356.148234
356.113691
356.002171
356.002462
356.149957
356.003470
356.147875
356.038855
356.039337
356.110653
356.220979
355.934351
356.002667
355.967114
356.000057
356.036669
356.071201
356.035942
356.036208
356.041270
356.074538
356.074018
356.108946
356.108182
356.046288
356.003469
356.037030
356.038916
356.005071
356.004539
356.111155
356.082879
356.078800
355.968613
355.968422
356.003582
356.111142
356.076477
356.039718
356.041577
356.112167
356.039115
356.038898
356.036781
356.112436
355.968170
356.040875
356.070810
356.110660
356.112302
356.041030
356.073025
356.109699
356.073086
356.110549
356.075637
356.076663
356.073792
356.073973
356.073905
356.107908
356.073643
356.037842
356.106915
356.108188
356.219340
356.107674
356.042024
356.075978
356.078377
356.039612
356.309552
356.183968
356.186807
356.222916
356.108984
356.150823
356.186665
356.077264
356.189798
356.153601
356.039353
356.075014
356.076035
356.184456
356.112863
356.181123
356.148222
356.187631
356.223185
355.966000
356.038941
356.000722
356.037570
356.001343
356.073451
356.033596
356.033998
356.001349
356.072773
356.187012
356.073081
356.035393
356.146607
356.003523
356.004711
356.040129
356.001859
356.073535
356.187759
356.073023
356.037879
356.037575
356.151125
356.003312
356.003897
356.154892
356.147500
356.113369
356.109059
356.110697
356.077284
356.149845
356.151105
356.077284
356.039609
356.078658
356.037910
356.072992
356.148993
356.152516
356.278628
356.152290
356.149345
356.115839
356.076775
356.110563
356.001670
355.967912
356.114825
356.075288
356.072324
356.073125
356.148727
356.113868
356.076866
356.077181
356.111476
356.004313
356.075513
356.075995
356.076650
356.003194
356.002410
356.108315
356.112991
356.039896
356.073355
356.073942
356.039099
356.001620
356.000817
356.075083
356.003175
356.109128
356.075830
356.111131
356.147760
356.195137
356.037226
356.001155
356.001437
356.002405
356.002430
356.110363
356.222964
356.073636
356.110233
356.106863
356.073794
356.109616
356.002704
356.004824
356.038349
356.039442
356.074750
356.002124
356.107672
356.035207
356.002952
356.073492
356.108458
356.035185
356.002448
356.074286
356.036551
356.037355
356.038063
356.037259
356.077039
356.073414
356.073391
356.112546
356.076362
356.077162
356.074228
356.074232
356.072920
356.070740
356.038808
356.038762
356.109790
356.040172
356.041075
356.005966
356.002469
356.077459
356.002958
355.970567
356.002636
356.074246
356.109242
356.073657
355.970556
356.075229
356.074461
356.041886
356.111749
356.002208
356.002702
356.003763
356.400688
356.150758
356.146351
356.182092
356.074756
356.074260
356.223140
356.220934
356.111794
356.040217
356.040004
356.074426
356.005427
356.108184
356.108467
356.109507
356.043438
356.077232
356.039424
356.040204
356.043156
356.076190
356.110924
356.109651
356.073469
356.073448
356.112821
355.967380
356.074183
356.074747
356.077157
355.968155
356.074119
356.155029
356.041261
356.076050
355.934136
355.935431
355.902183
356.036251
356.037059
356.148322
356.151916
356.149929
356.077257
356.110419
356.077336
356.108335
356.008059
355.934620
356.078809
356.113226
356.114180
356.145296
356.146537
356.108276
356.149569
356.152097
356.152686
356.152215
356.150154
356.185600
355.964278
355.965082
356.072070
356.072875
355.965887
356.107968
356.074955
356.108233
356.108479
356.108744
356.107969
356.074960
356.108250
356.001594
356.000004
356.039934
356.002120
356.036464
356.149493
356.151444
356.146140
356.150717
356.186879
356.114380
356.147299
356.039358
356.079130
356.114284
356.144111
356.114239
356.070216
356.146420
356.073763
356.039892
356.037842
356.038560
356.072387
356.038884
356.037582
356.001888
356.035423
356.147214
356.003803
356.147283
356.111186
356.076071
356.073106
356.071134
356.106910
356.073106
356.036217
356.107405
356.036154
356.034615
355.999528
356.034324
356.177097
356.071485
356.073410
356.000165
355.967102
355.966331
356.001411
356.105896
356.036534
356.002821
356.036958
356.072718
356.035676
356.036760
356.035422
356.034395
356.186870
356.186071
356.036406
356.072874
356.072089
356.072878
356.147804
356.075181
356.074705
356.038032
356.075581
356.152404
356.075733
356.073770
356.113667
356.077717
356.073739
356.114856
356.037667
356.148423
356.113763
356.077798
356.078355
356.115715
356.110419
356.001397
356.001896
356.001674
356.001866
355.969194
356.149405
356.115159
356.113702
356.075396
356.110051
356.076732
356.007032
356.076458
356.148486
356.111816
356.037843
356.004046
355.934873
355.934583
356.037055
356.184011
356.038370
356.038457
356.039242
356.077762
356.042416
356.182669
356.035991
356.036998
356.035700
356.070226
356.071570
356.184118
356.073254
356.036555
356.142561
356.109357
356.071087
356.184932
356.074570
356.036555
356.142583
356.110164
356.150069
356.150177
356.145606
356.110370
356.039418
356.185560
356.108577
356.108966
356.072794
356.220494
356.073121
356.069730
356.069230
356.036983
356.036977
356.145658
356.179080
356.111048
356.107125
356.073191
356.180417
356.143856
356.074843
356.150668
356.110057
356.074829
356.039263
356.073096
356.039897
356.111821
356.073837
356.106934
356.071283
356.108208
356.036202
356.036171
356.073909
356.110686
356.110472
356.034663
356.111337
356.115425
356.072664
356.072671
356.073165
356.034416
356.035880
356.145471
356.036150
356.036494
356.108347
356.142744
356.036515
356.109629
356.109973
356.145421
356.036542
356.107579
356.141964
356.072784
356.036196
356.037045
356.186914
356.148559
356.111940
356.187397
356.076314
356.230407
356.005621
356.113791
356.109856
356.076641
356.114291
356.225613
356.111002
356.077477
356.115135
356.144917
356.110435
356.073144
356.039431
356.073127
356.040603
356.074755
356.111678
356.186531
356.152848
356.108939
356.146044
356.111232
356.075113
356.074600
356.153634
356.073855
356.038898
356.186644
356.107074
356.109514
356.108531
356.075248
356.074669
356.186979
356.144206
356.108195
356.183248
356.146427
356.110291
356.109518
356.109515
356.076601
356.143512
356.186993
356.224144
356.265628
356.264374
356.264862
356.264862
356.143483
356.187158
356.143082
356.071847
356.108463
356.107959
356.186678
356.107835
356.145418
356.188935
356.073983
356.074013
356.146781
356.188167
356.141168
356.143568
356.222497
356.143069
356.141674
356.107151
356.144083
356.143812
356.108765
356.107953
356.144393
356.109806
356.222498
356.182956
356.075931
356.223807
356.114767
356.110375
356.109820
356.149609
356.149693
356.075427
356.224194
356.075696
356.080879
356.224295
356.074342
356.038052
356.109023
356.074974
356.107923
356.188645
356.076528
356.183393
356.184631
356.222249
356.180410
356.184393
356.111631
356.147783
356.216348
356.073650
356.216328
356.073633
356.107367
356.144305
356.145087
356.073158
356.072294
356.072845
356.264396
356.154835
356.147172
356.040387
356.148589
356.073177
356.074756
356.189092
356.189459
356.110680
356.072932
356.073114
356.188876
356.184253
356.072808
356.111183
356.110904
356.181221
356.181690
356.148923
356.111280
356.110604
356.148240
356.181613
356.071609
356.145864
356.185703
356.110956
356.149169
356.188570
356.187797
356.186172
356.109818
356.108970
356.108976
356.040719
356.074895
356.073383
356.190343
356.076011
356.187948
356.075172
356.039980
356.109817
356.110790
356.111111
356.147251
356.182842
356.183911
356.120643
356.112303
356.154472
356.074665
356.109782
356.073069
356.146388
356.072047
356.222493
356.260319
356.259139
356.189707
356.184117
356.149632
356.182090
356.147089
356.146994
356.189986
356.183604
356.149921
356.146590
356.182860
356.233790
356.235491
356.268294
356.318160
356.153209
356.075630
356.077173
356.152717
356.075949
356.152473
356.187855
356.147916
356.187841
356.153887
356.111657
356.154176
356.077418
356.152010
356.153028
356.153313
356.188371
356.225870
356.225109
356.187898
356.225870
356.266336
356.224622
356.265480
356.311352
356.109003
356.111057
356.109727
356.070815
356.188507
356.186783
356.189476
356.186783
356.110752
356.040875
355.967889
356.075675
356.109327
356.071876
356.111462
356.111625
356.229612
356.006047
356.151967
356.119794
356.119793
356.005076
356.075683
356.074145
356.151947
356.111934
356.111762
356.074246
356.111884
356.152056
356.152052
356.035060
356.036386
356.001586
356.001600
356.039387
356.145503
356.076689
356.070759
356.110412
356.111221
356.074735
356.042120
356.076147
355.970202
356.228600
356.144383
356.143733
356.003713
356.071947
356.002981
356.037455
356.035881
356.070192
356.072237
356.037867
356.003268
356.004047
356.002454
356.145763
356.036211
356.148110
355.967907
356.075153
356.000866
356.037336
356.107410
355.999946
355.965197
355.932481
355.933258
356.071237
356.069097
356.108300
356.108067
356.070698
356.184042
356.068880
356.035663
356.107507
356.070680
356.072773
356.072108
356.072441
356.036824
356.183648
356.071057
356.036852
356.142091
356.037712
356.037534
356.070742
356.036533
356.075876
356.150562
356.107750
356.108229
356.035366
356.070154
356.001855
356.002633
356.108464
356.039961
356.074501
356.222294
356.108555
356.074859
356.037857
356.073269
356.035737
356.002512
356.074461
356.036549
356.111181
356.107120
356.036468
356.001571
356.073117
356.072532
356.105029
356.214180
356.144073
356.076598
356.109610
355.999817
355.965742
356.004786
356.002160
356.110611
356.106362
356.036199
356.071572
356.033891
356.035708
356.001446
356.072166
356.036540
356.037001
356.106644
356.106096
356.072402
356.107636
356.106616
356.147204
356.181057
356.110724
356.108766
356.142475
356.107978
356.072463
355.934700
356.039393
356.001402
356.001679
356.111239
355.999021
356.000873
356.072153
356.107352
356.000301
356.073473
356.073587
356.039071
356.036265
356.072081
356.069943
356.036707
356.072573
356.038307
356.071761
356.036900
355.934372
355.967621
355.967913
356.074432
356.072831
356.001858
356.109236
356.035834
355.966833
356.000066
356.035647
356.000358
356.106914
356.036131
356.144439
356.037757
356.002983
356.038371
356.106424
356.073768
356.107657
356.072131
356.036535
356.002492
356.146776
356.108711
356.104778
356.104792
356.110804
356.036729
356.107534
356.003349
356.038272
356.038078
356.149557
356.107562
356.108209
356.108506
356.003028
356.149743
356.108527
356.074963
356.072689
356.075700
356.005851
356.040609
356.109084
356.036767
356.037836
356.146644
356.073315
356.073313
356.185007
356.105743
356.144969
356.069746
356.068932
356.035472
356.069535
356.068528
356.036839
356.036065
356.003314
356.072605
356.069640
356.109309
356.145388
356.107383
356.181737
356.181970
356.145354
356.108436
356.002932
356.035401
356.073665
356.113164
356.111522
356.228489
356.110302
356.076964
356.004003
356.146352
356.037033
356.110522
356.040368
356.075119
356.147161
356.147126
356.073950
356.038542
356.002374
356.035609
356.074083
356.073781
356.186768
356.109718
356.109383
356.039696
356.038422
356.074807
356.001886
356.107463
356.001897
356.073695
356.074052
356.107232
356.107670
356.034148
356.001400
356.074190
356.075032
356.037041
356.037210
355.967922
356.001167
356.001448
356.107184
356.107142
356.035973
356.106370
356.036442
355.967099
356.000643
356.075636
356.037030
356.035772
356.002040
356.145273
356.034860
356.035091
356.034112
356.143815
356.000365
356.142016
356.108789
356.108535
356.069691
356.035346
356.107980
356.073276
356.144842
356.181874
356.073219
356.115551
356.143565
356.109733
356.040113
356.071268
356.185140
356.110330
356.107751
356.076653
356.036242
356.071415
356.034552
356.107955
356.071129
356.220507
356.221985
356.109010
356.106889
356.106891
356.002939
356.036978
356.035647
356.068875
356.071246
356.073144
356.068736
356.036501
356.107960
356.107059
356.297856
356.180199
356.180203
356.071558
356.071549
356.001041
356.002613
356.180446
356.040276
356.075288
356.223080
356.072075
356.108866
356.075181
356.074125
356.108567
356.149963
356.034912
356.106807
356.106036
356.036477
356.001075
356.073104
356.072810
356.032741
356.032236
356.105069
355.999022
356.033037
356.105861
355.999803
356.109757
356.069157
356.076626
356.075493
356.077633
356.113963
356.038917
356.038885
356.038407
356.107940
356.041074
356.075401
356.037520
356.072626
356.146875
356.147666
356.035991
356.113745
356.075788
356.145456
356.073957
356.214245
356.111102
356.035455
356.106175
356.108772
356.040596
356.075387
356.073167
356.073263
356.074098
356.073806
356.110504
356.145163
356.076215
356.108780
356.074130
356.073821
356.111787
356.111465
356.003777
355.970525
356.004352
356.003786
356.038328
356.037815
356.004287
356.038563
356.071313
356.037554
356.004803
356.109524
356.110053
356.113445
356.147803
356.074221
356.180765
356.115269
356.038712
356.072214
356.072687
356.038712
356.106257
356.109459
356.109804
356.220937
356.144810
356.106717
356.348906
355.966789
355.965990
355.938025
355.938337
356.109539
356.108175
356.071505
356.111568
356.112077
356.035717
356.144608
356.109826
356.001937
355.966276
355.967552
356.109542
356.000894
356.001070
356.256577
356.257917
356.256547
356.152120
356.150937
356.147614
356.150911
356.038834
356.075531
356.036733
356.149745
356.072727
356.152260
356.074562
356.147324
356.154678
356.155037
356.147023
356.147243
356.074133
356.111233
356.145533
356.110778
356.147433
356.074820
356.036012
356.001633
356.073627
356.038913
356.111536
356.071584
356.071562
356.076444
356.041055
356.075073
355.967873
356.111518
356.146849
356.146897
356.034713
356.111772
356.072350
356.070755
356.108495
356.074588
356.151377
356.147421
356.112086
356.075560
356.074722
356.075312
356.076490
356.190266
356.147079
356.110457
356.074961
356.041338
356.182513
356.150766
356.074723
356.075354
356.154475
356.036249
356.036743
356.072610
356.036719
356.072606
356.036988
356.037003
356.001137
356.186224
356.109099
356.114614
356.112979
356.114838
356.038346
356.034871
356.035739
356.109862
356.035377
356.038329
356.111456
356.148994
356.072846
356.039129
356.037042
356.072323
356.037479
356.036731
356.184821
356.141665
356.071618
356.069708
356.035983
356.107730
356.034583
356.106624
356.072688
356.035176
356.142941
356.072093
356.071813
356.002684
356.147441
356.001191
356.109698
356.108414
356.039712
356.003520
356.003808
356.109202
356.109198
356.076095
356.041258
356.109498
356.002706
356.037825
356.002982
356.107164
356.107909
356.037562
356.035753
356.108660
356.034055
356.039072
356.035904
356.037719
356.109935
356.110717
356.107819
356.074091
356.072962
356.035927
356.002973
356.037304
356.108477
356.035694
356.108079
356.108949
356.107385
356.074656
356.074656
356.107686
356.146445
356.111371
356.037874
356.074784
356.076727
356.076726
356.071536
356.219015
356.072812
356.219474
356.105790
356.143940
356.105783
356.003234
356.001442
356.035678
356.074214
356.109109
356.184715
356.072907
356.037400
356.179276
356.039604
356.038825
356.072370
356.147373
356.002460
356.002472
356.108646
356.072580
356.036713
356.038842
356.143253
356.069957
356.002524
356.036266
356.071518
356.144307
356.072198
356.039115
356.073694
356.074177
356.001390
356.037241
356.038330
356.106089
356.072906
356.107178
356.002982
356.037709
356.145252
356.072711
356.001400
356.035705
356.034875
356.003199
356.040443
356.040450
356.070977
356.071043
356.037263
356.179872
356.071321
356.145224
356.005093
356.110274
356.004802
356.109231
356.108413
356.039416
356.000819
356.038574
356.034884
356.034863
356.036198
356.036457
356.035216
356.001459
356.144071
356.035500
356.036496
356.073597
355.968874
355.967800
355.966782
356.111193
356.077398
356.113762
356.190423
356.227183
356.115736
356.111731
356.109976
356.218711
356.149090
356.219482
356.219002
356.108213
356.141659
356.107665
356.070178
356.071441
356.071483
356.109113
356.109532
356.142991
356.109819
356.072924
356.109448
356.143793
356.071472
356.071484
356.035677
356.036485
356.109523
356.073891
356.072002
356.108956
356.073410
356.187395
356.148932
356.218836
356.218858
356.109617
356.110348
356.076210
356.036745
356.038826
356.110287
356.040398
356.154049
356.075768
356.150305
356.110861
356.182900
356.107092
356.147483
356.038127
356.072431
355.967264
356.002058
356.001303
356.073274
356.034655
356.000609
356.034149
356.106761
356.107145
356.108621
356.074068
356.072885
356.072397
356.037243
356.000279
356.000572
355.999972
356.110774
356.183473
356.071074
356.072422
356.033554
356.105856
355.999809
356.110877
356.108974
356.114607
356.107732
356.107716
356.106643
356.073244
356.033881
356.106658
356.000643
356.070058
356.071062
356.072342
356.112536
356.072274
356.071780
356.034890
356.035414
356.034117
356.071910
356.071577
356.074512
355.967067
356.073091
356.035392
356.144905
356.001121
356.035160
356.035704
356.035397
356.034102
356.002144
356.000840
356.033580
356.034388
356.142597
356.073680
356.000029
356.000331
356.110455
356.001644
356.112162
356.192327
356.191846
356.191857
356.191856
356.186103
356.073254
356.149612
356.037563
356.038087
356.108000
356.035418
356.037793
356.073739
356.073744
356.035680
355.968243
356.074948
356.074930
356.072338
356.072790
356.147742
356.115054
356.116357
356.074040
356.073223
356.074386
356.114542
356.146755
356.147593
356.074419
356.154305
356.147607
356.110376
356.000854
356.107578
356.144325
356.180619
356.144007
356.181592
356.216844
356.072813
356.002460
356.108057
356.002737
356.002480
356.150730
356.077084
356.152980
356.113631
356.114858
356.074417
356.182558
356.074247
356.072107
356.108743
356.035984
356.142201
356.069727
356.070772
356.034838
356.036475
356.071731
356.073108
356.039884
356.077063
356.108618
356.074058
356.072683
356.073180
356.073638
356.107322
356.219144
356.215826
356.106569
356.072853
356.001938
355.967933
356.107979
356.001185
356.107643
356.069660
356.037748
356.003733
356.142968
356.036995
356.072547
356.072354
356.073368
356.070803
356.107637
356.108718
356.036409
356.108474
356.108166
356.109700
356.074115
356.002246
356.178236
356.072517
356.142914
356.034661
356.070479
356.039567
356.108949
356.109398
356.147702
356.106675
356.107979
356.034054
356.042180
355.935427
356.111385
356.113768
356.155225
356.155229
356.155229
356.113833
356.042199
356.041881
356.113934
356.187249
356.155239
356.115288
356.110879
356.153451
356.108917
356.074965
356.075500
356.073250
356.150090
356.073245
356.074630
356.115552
356.074050
356.114023
356.114086
356.113908
356.074629
355.967649
356.114279
356.073551
356.074032
356.181586
356.149598
356.256892
356.110665
356.149723
356.111811
356.150360
356.147792
356.148760
356.113645
356.112887
356.114456
356.114397
356.113699
356.373716
355.999540
356.109652
356.075056
355.966793
356.072341
355.966299
355.965680
356.072045
356.035178
356.036168
356.185067
356.184712
356.073771
356.152998
356.149697
356.149674
356.147791
356.113699
356.145626
356.147286
356.035114
356.036715
356.112373
356.038617
356.036441
356.038860
356.107166
356.034540
356.036149
356.035896
356.187123
356.152009
356.222682
356.188348
356.109577
356.109559
356.074758
356.070213
356.109085
356.185151
356.110663
356.110166
356.110464
356.110457
356.147672
356.186029
356.150594
356.110400
356.110381
356.076072
356.110913
356.148635
356.221098
355.970794
356.073600
356.006752
356.110140
356.075923
356.112932
356.111608
356.037992
356.038272
356.037758
356.038064
356.039153
356.074282
356.038645
356.108262
356.001037
356.002950
356.002423
356.038097
356.035760
356.037110
356.002127
356.039465
356.038041
356.109188
356.112875
355.969725
356.074252
356.144950
356.069673
356.070596
356.070269
356.069685
356.177769
356.145816
356.071240
356.071548
356.069221
356.144318
356.070731
356.069214
356.068415
356.069524
356.036491
356.036493
356.034192
356.033371
356.034161
356.106190
356.105684
356.035779
356.036818
356.034624
356.106883
356.107150
356.107652
356.106668
356.035744
356.073997
356.073914
356.146660
356.069995
356.070820
356.111423
356.183974
356.074793
356.074209
356.074223
356.039400
356.071293
356.070332
356.072959
356.069203
356.142189
356.070686
356.068397
356.108433
356.069581
356.105262
356.034864
356.035976
356.002432
356.035673
356.037791
356.075601
356.039454
356.002416
356.181183
356.037558
356.147823
356.036528
356.181193
356.107122
356.071279
356.106837
356.035915
356.070771
356.033399
356.000652
356.035722
355.968201
356.001433
356.000144
356.069390
356.074308
356.106919
356.072341
356.038914
356.002498
356.147823
356.036083
356.108770
356.108258
356.071625
356.113734
356.117034
356.037030
356.037498
356.072301
356.077251
356.116260
356.184664
356.036405
356.036384
356.145719
356.075725
356.111965
356.036262
355.999211
356.071783
356.073255
356.037326
356.000832
356.071987
356.112454
356.037250
356.072668
356.072177
356.109334
356.072427
356.003507
355.966180
355.965375
355.967232
356.072292
356.069091
356.070699
356.070206
356.070580
356.142742
356.142735
356.109097
356.143201
356.142718
356.034624
356.036214
356.145099
356.038053
356.073482
356.039116
356.070545
356.146557
356.108289
356.111241
356.001653
356.070233
356.070226
356.073366
356.073368
356.074523
356.071321
356.070525
356.073498
356.074534
356.074065
356.181569
356.149480
356.037562
356.073750
356.182072
356.074220
356.106346
356.035395
356.035734
356.148197
356.004049
356.071076
356.071549
356.182965
356.108024
356.149589
356.108298
356.039986
356.149824
356.109397
356.150155
356.038271
356.038598
356.074283
356.108742
356.258153
356.071909
356.071623
356.071933
356.111197
356.074723
356.041785
356.116587
356.039046
356.072461
356.076993
356.072121
356.072422
356.072393
356.039209
356.002979
356.073607
356.002974
356.072889
356.072900
356.070745
356.038625
356.037076
356.039410
355.967058
356.003036
356.073462
356.002465
356.002166
356.040103
356.002665
355.969725
356.036223
356.034669
356.000355
356.035070
355.967609
355.968403
356.073928
356.001667
356.111422
356.000050
356.001941
356.111959
356.039096
356.002168
356.113547
356.078263
356.106686
356.107482
356.076464
356.037618
356.145947
356.077582
356.149634
356.076299
356.148550
356.106587
356.107385
356.035873
356.036684
356.145117
356.074263
356.073274
356.074113
355.965694
356.108827
356.038080
356.037602
356.109701
356.001437
356.079335
356.040202
356.147186
356.113037
356.037312
356.038133
356.040317
356.004293
356.005882
356.072920
356.036199
356.149832
356.146602
356.035392
356.037785
356.002701
356.109790
356.036997
356.002696
355.969457
356.074960
356.002713
356.071552
356.149280
356.037822
356.072028
356.183939
356.073205
356.039942
356.150503
356.156581
356.041579
356.006333
356.150008
356.075896
356.153027
356.296634
356.037313
356.003769
356.144181
356.104966
356.073146
356.076085
356.111167
356.111663
356.111466
356.036213
356.107154
356.149819
356.107023
356.001493
356.070589
356.036383
356.149519
356.107510
356.037819
356.073223
356.184846
356.142023
356.037308
356.072321
356.071102
356.036889
356.143024
356.108017
356.143547
356.106334
356.105550
356.218193
356.106858
356.001984
356.072576
356.001986
356.036999
356.144288
356.036517
356.110306
356.150335
356.107535
356.106919
356.037831
356.036162
356.036792
356.213085
356.180833
356.069206
356.037581
356.109323
356.002975
356.071234
355.969714
356.003257
356.037244
356.071819
356.073666
356.071996
356.036792
356.107702
356.038128
356.036481
356.106947
356.037543
356.001941
356.073929
356.111753
356.185248
356.036150
356.072672
356.073217
356.074520
356.148933
356.148132
356.077552
355.967367
356.146313
356.109908
356.002426
356.116605
356.112528
356.108883
356.002392
356.002987
356.143676
356.107456
356.072936
356.222335
356.179458
356.144376
356.108458
356.074241
356.073978
356.222678
356.108594
356.108579
356.074854
356.107998
356.073797
356.106659
356.106714
356.108009
356.180696
356.111157
356.072395
356.147026
356.180692
356.105817
356.186811
356.147030
356.073059
356.152311
356.146028
356.112015
356.300259
356.144365
356.038353
356.186185
356.038920
356.109135
356.182704
356.183497
356.072645
356.153903
356.119636
356.109733
356.106837
356.224122
356.223018
356.072790
356.106771
356.072574
356.071666
356.221520
356.178187
356.107443
356.222294
356.072059
356.072063
356.147507
356.113020
356.260477
356.183251
356.114151
356.079883
356.143776
356.109325
356.106806
356.073096
356.072210
356.221365
356.071103
356.071504
356.070486
356.106284
356.105626
356.072283
356.144572
356.107244
356.105828
356.141832
356.071502
356.038761
356.109459
356.146009
356.111997
356.182227
356.183000
356.106580
356.109155
356.040035
356.039301
356.071998
356.040580
356.076948
356.039602
356.076464
356.154097
356.041673
356.187897
356.074155
356.076144
356.073824
356.153291
356.073431
356.111646
356.002167
356.075805
356.076318
356.039901
356.038261
356.040376
356.040953
356.144987
356.038684
356.039216
356.005943
356.181818
356.148790
356.041260
356.148436
356.113036
356.039675
356.184420
356.149370
356.074736
356.074766
356.079580
356.113983
356.078588
356.115963
356.154580
356.148384
356.151695
356.110497
356.001769
356.001940
356.074532
356.075050
356.317590
356.324270
356.150620
356.073209
356.111572
356.108739
356.077365
356.079031
356.223779
356.074949
356.109758
356.109227
356.075191
356.314365
356.304778
356.039679
356.036632
356.039434
356.038892
356.073130
356.038259
356.075778
356.075907
356.071259
356.070720
356.074649
356.150585
356.109019
356.151420
356.074095
356.109928
356.186025
356.144937
356.073484
356.072045
356.075289
356.075062
356.073565
356.263946
356.110436
356.180744
356.111187
356.184237
356.148191
356.036716
356.037039
356.038775
356.071221
356.073921
356.109036
356.183594
356.077628
356.144004
356.179427
356.141837
356.107370
356.104482
356.107678
356.039651
356.073642
356.073170
356.039670
356.110053
356.109727
356.146140
356.149092
356.040908
356.264930
356.152970
356.153726
356.264190
356.262305
356.264068
356.263571
356.039935
356.153066
356.153062
356.107672
356.177147
356.108520
356.106525
356.069684
356.141923
356.106525
356.071655
356.103931
356.181954
356.146613
356.223717
356.223722
356.144487
356.187585
356.074942
356.187571
356.143205
356.180403
356.110159
356.221559
356.221535
356.109276
356.075265
356.143506
356.106909
356.108420
356.071855
356.107708
356.144626
356.222839
356.109269
356.076688
356.073100
356.072856
356.152987
356.073381
356.152516
356.110908
356.110407
356.109271
356.181842
356.147155
356.189416
356.189701
356.144821
356.145481
356.262816
356.182599
356.188976
356.146659
356.188129
356.188424
356.148901
356.145867
356.146216
356.111021
356.185799
356.075730
356.186292
356.036380
356.002676
356.001350
356.110702
356.002170
356.112423
356.037621
356.036785
356.003302
356.003314
356.035266
356.000314
356.039720
356.073920
356.074332
356.071799
356.071009
356.320934
356.037865
356.037828
356.002231
356.146558
356.035996
356.034695
356.036547
356.037554
356.037247
356.001907
356.035655
355.868112
356.039896
356.040161
356.146681
356.110507
355.968973
356.378965
356.190596
356.148957
356.038337
356.114627
356.148878
356.002175
356.003446
355.968346
356.002369
356.073635
356.110971
356.000852
356.112311
356.077827
356.115969
356.114709
356.156525
356.279873
356.225660
356.154719
356.082115
356.041543
356.154709
356.279083
356.074499
356.074661
356.075685
356.074551
356.151247
356.073325
356.075374
356.074536
356.075372
356.150449
356.073189
355.970213
356.075473
356.112021
356.109340
356.035181
356.111765
356.078801
356.146927
356.042007
356.041476
356.076362
356.076350
356.076347
356.076328
356.183864
356.108470
356.109084
356.073463
356.037495
356.108584
356.074221
356.042035
356.147036
356.038048
356.147836
356.144757
356.077165
356.004586
356.074184
356.967649
