47.469127
40.964459
44.410297
44.863145
44.430357
40.101109
43.624579
43.172414
43.749045
43.125230
45.422107
46.229750
43.696516
43.168206
47.143534
49.675884
48.370626
48.219305
38.144469
48.166503
40.809277
43.538428
43.831403
49.012371
48.157917
45.946526
44.089655
54.155715
51.161793
52.480984
47.019742
52.745893
50.277972
50.802363
34.961097
40.408493
42.838452
41.702685
37.545196
37.555890
46.239011
43.878901
50.133028
40.552536
43.820192
42.823796
40.085004
40.437873
48.051118
41.918816
61.971337
40.470181
47.288897
46.683862
41.029494
43.155176
46.268563
52.759129
43.090870
43.221183
37.490112
38.387624
40.146067
40.024986
35.268456
37.581390
35.046995
37.326603
40.874956
38.164142
40.858355
50.952651
54.202594
37.747923
37.112889
37.598466
40.884311
41.087193
41.139113
39.628916
41.673649
40.179470
35.042857
44.209962
37.441241
50.715173
38.263608
43.460541
38.116600
46.138536
51.183512
43.497067
43.449842
39.668093
40.774069
42.601731
47.250622
46.504444
38.255289
38.304546
45.823052
40.151189
35.456502
37.495674
47.249773
41.940573
38.258313
51.833189
40.112122
41.287844
43.952998
34.982900
41.252311
41.657631
40.823417
34.955357
