130.976035
128.069758
119.828891
118.604576
121.636563
103.148393
109.225744
108.019054
112.160214
113.060277
106.959443
128.333619
113.672823
106.403123
106.544022
107.376241
110.107593
117.348715
112.155693
102.517768
102.035809
106.875218
106.374559
107.203388
110.089745
118.009580
102.641523
103.326718
116.566613
107.350685
117.328284
112.489342
112.110075
103.304385
102.675106
115.233006
112.786214
132.538108
114.009737
120.072197
114.752058
138.384766
117.576116
109.223407
116.726612
113.475429
121.745801
119.111086
112.633763
117.874873
116.962473
110.180898
107.426351
110.808659
114.816514
113.969957
117.208445
114.015886
114.612132
118.863614
136.333578
136.471572
141.327170
142.120596
112.446274
116.007960
104.232505
103.532155
107.389873
112.819106
99.955388
105.169210
109.294794
108.564388
115.729402
112.483473
116.530232
107.709533
104.070745
108.405266
110.649118
109.917712
105.399346
108.040585
108.383886
109.337437
114.598348
120.327430
116.617110
125.507383
114.415796
116.462532
101.855941
103.850668
109.725202
110.201953
126.273640
115.450802
114.505273
113.198009
109.277678
120.790458
119.809149
110.326956
110.893984
107.355637
99.610610
103.346977
117.894696
127.023644
119.122164
122.524290
110.955176
122.627176
115.392402
110.372272
104.392734
121.645207
106.955183
111.975315
98.484910
105.175213
102.594417
119.855458
138.479318
104.619181
103.914463
118.072427
116.979845
103.414840
110.067554
114.055004
121.409448
121.956498
109.334876
109.417577
124.285704
119.788329
123.366985
118.008111
118.910184
118.224813
119.107368
127.153679
127.161193
116.160988
124.103537
122.095037
124.047114
114.872148
121.451257
113.362597
130.141254
112.901692
118.953303
109.836181
121.749060
115.696649
113.135785
109.463294
122.749470
141.274961
123.325746
134.191520
140.332209
110.507549
113.927776
125.756779
129.567245
123.284551
117.188342
110.171677
114.054757
106.830231
104.104183
118.957216
116.884629
107.546145
117.813777
117.938195
115.471636
125.293683
116.307075
111.726312
112.638296
107.848696
121.775522
112.547859
110.108411
111.756864
115.519160
126.168898
109.365728
122.051819
117.074778
122.103224
125.892010
121.586331
99.913800
111.768930
108.817906
118.589981
118.620099
116.131640
117.110340
107.237951
113.691581
105.932167
102.441663
106.950747
102.697502
102.693597
111.529794
129.163611
133.816736
131.804692
129.724536
126.780962
130.175139
131.782947
130.722847
119.726446
114.645799
119.601622
121.614294
122.867130
125.982556
110.466837
125.875993
129.114164
111.923388
112.399447
121.741178
108.817796
108.860319
123.964509
123.335338
118.867307
108.252968
111.754926
119.257982
109.299285
112.307449
110.038167
119.620152
115.347192
115.257206
90.622731
91.508192
105.163598
102.276040
106.005633
105.953400
122.411014
104.882269
120.688922
95.532967
113.814987
103.284908
103.397126
108.685040
113.713349
108.158459
109.617394
129.554456
137.350590
141.601468
129.523917
137.288817
140.909440
116.028807
114.263377
108.788374
113.911046
100.485782
111.804283
99.156325
108.075990
117.348608
112.471001
109.444605
108.882832
118.499186
109.159925
111.115192
113.096757
109.322256
102.498564
107.123428
117.749762
118.080947
116.268651
115.243785
111.006020
114.633462
102.742660
106.240156
102.580868
98.380085
111.403944
109.344367
112.064622
102.056628
106.847275
110.755309
107.368009
117.845389
108.497574
109.027889
108.252917
114.692610
118.854702
117.922282
123.930847
120.619178
123.247772
111.914003
114.554265
114.512152
119.755540
113.854856
115.333313
110.996892
115.028067
121.161253
113.777550
113.261507
113.854985
112.149385
113.814695
112.154294
113.517960
113.479832
107.118444
116.695574
116.420430
119.397935
116.783967
111.263803
115.916104
118.389739
106.901193
115.994941
112.935458
111.212196
107.596934
126.863565
125.535749
121.706255
112.826290
108.187434
118.114959
121.129010
125.473546
120.724813
128.522374
123.459765
123.852719
126.853530
126.643420
123.411621
120.652127
119.990097
116.145367
123.893950
118.645162
119.046459
114.016668
108.649512
123.233139
110.931975
110.749508
132.472224
116.587758
132.588744
127.016957
131.209656
124.544415
132.240686
119.916213
120.563761
123.865245
122.886188
116.347123
124.327043
129.261052
129.334993
116.556307
124.065096
124.308931
131.213205
121.571948
137.877083
138.899900
133.586059
132.212483
122.583652
139.958323
119.741994
124.796205
110.307398
119.077883
119.349436
132.546118
131.303369
132.472110
133.258139
117.510225
126.560956
144.197794
126.780920
130.427509
133.687117
130.283653
128.555357
128.093374
137.863367
117.528545
125.900592
125.270445
107.573071
111.812292
118.291530
112.100371
117.321884
125.987667
110.146362
122.478749
122.166755
107.149692
106.561530
107.231547
125.849519
110.766868
110.734062
112.764469
117.086474
113.107462
118.115249
116.970003
117.968561
117.460099
124.754903
128.738225
136.356776
128.213498
108.283332
120.612507
114.944644
125.878040
123.286834
119.903776
116.454456
115.286085
115.396543
118.848603
125.158085
128.693884
125.146506
111.654567
111.886701
111.755456
116.137292
113.388744
112.624633
112.489880
112.549334
107.456361
117.350444
100.489727
108.078113
115.347699
119.699116
112.354615
117.803499
119.685088
114.373996
112.605696
107.757438
105.301263
120.502445
121.208003
126.038561
112.288264
109.727029
112.491820
120.857881
120.454598
115.346183
110.869397
101.962231
120.741420
115.262518
115.283087
119.871000
121.207520
116.260086
125.498740
115.312515
106.476922
102.563320
108.393463
107.856253
110.612109
122.199521
121.639498
97.653568
101.771508
110.850711
103.749541
108.116758
105.768904
103.062692
106.492895
114.859279
120.129512
110.043710
94.026366
94.797234
106.693157
107.557918
109.312694
108.069712
112.617654
108.822490
120.773752
120.450601
102.923273
118.867813
108.582301
108.835888
113.085622
100.248744
105.544440
109.439576
120.352091
114.402226
112.914393
113.588710
122.091674
118.684680
121.477222
117.797668
124.022529
114.926235
110.445105
122.976543
128.437535
103.374825
111.471919
103.998367
121.865350
108.374981
111.684360
127.679240
111.961329
107.517457
106.871496
106.850416
117.327084
103.281792
102.585662
109.743942
113.024187
119.057097
131.222793
115.607300
108.483302
108.478058
130.247650
99.647857
99.126379
106.708459
114.442200
114.361271
118.877827
119.804092
113.759510
98.339251
110.939768
112.854355
98.880271
108.561431
115.408625
112.269932
103.325471
112.389251
120.526959
121.469383
126.704898
110.983294
111.442722
107.364915
101.906902
102.467484
106.881838
109.374867
110.043923
108.005037
108.077525
109.280326
102.999521
111.222739
111.610583
112.177265
114.173735
117.916355
98.205664
97.333850
112.569808
96.813262
118.498461
99.136660
106.658492
99.479142
100.006307
99.564306
105.841284
105.760511
110.984637
111.929385
123.158525
116.602918
110.973302
107.411348
126.918766
110.060312
108.224521
112.821459
117.917402
124.166914
115.355411
126.546471
121.033322
108.234390
111.354468
105.325610
131.837332
132.854020
132.822987
131.806323
105.110582
114.026455
119.528471
127.592675
128.485936
127.445835
113.383898
128.978102
118.215900
128.032235
117.735898
114.406734
120.378364
108.292051
106.836352
116.704483
112.318329
106.234818
109.586632
127.046886
119.623235
108.248559
123.299857
116.968811
132.451681
99.164268
106.557949
121.355754
127.673869
111.238757
112.131951
137.728453
146.127381
136.236811
138.782633
135.268706
123.594425
122.561068
123.608123
125.604582
130.914900
128.081206
139.740274
138.827228
145.115260
123.191399
130.440686
130.311751
114.650892
116.022297
114.799153
108.085649
115.360246
114.678817
126.952817
124.129424
118.936629
115.336715
106.634401
117.150405
107.389560
110.238685
115.135640
102.616850
107.527443
121.686603
113.398483
107.565308
118.039851
116.374330
107.430812
116.627796
116.478615
110.209451
110.947454
103.978819
131.073530
109.788442
103.461387
118.156216
108.220265
103.492463
104.159338
108.207750
113.743805
113.078974
130.492040
130.539369
115.579135
116.083655
131.477228
128.606295
129.657766
106.779515
130.458490
118.886593
123.985216
118.425826
128.632817
127.617347
133.035904
129.261430
129.287245
140.137127
141.618485
114.951567
109.951849
106.759975
111.619344
112.341606
134.659920
131.796963
125.335486
127.324272
126.392310
127.365310
135.706376
113.593940
118.151593
109.791394
108.146250
112.167354
117.979040
113.431888
113.994011
114.649593
112.423836
112.426899
109.175077
115.353782
117.961250
125.894653
120.579481
137.385440
113.849178
112.427054
98.395693
117.308796
108.009270
102.698514
112.946355
116.782002
123.154724
113.236032
119.655217
115.177661
115.347701
112.850090
112.833002
117.818654
123.212033
114.919429
109.622067
115.204158
116.311953
115.581320
126.885386
115.001748
128.061564
117.541016
123.774884
117.610768
123.083658
122.098973
102.539117
101.917813
118.857709
110.088764
119.988239
109.475990
109.648788
108.194272
104.796228
118.830264
112.797493
121.945719
110.037692
108.234667
107.542004
117.123511
112.836871
103.032124
105.841052
101.160897
102.203069
118.797552
111.977843
108.251676
109.370852
109.421728
120.926946
120.621490
118.827955
119.332121
111.660188
115.362966
140.904900
140.847025
136.437525
126.379202
106.995282
117.871421
117.618671
115.476146
113.978030
110.671581
117.832675
104.689057
118.187391
105.681269
117.873211
111.958650
114.995901
113.332063
123.923301
112.540736
116.585156
106.933248
116.577806
106.908166
119.303421
120.858351
107.728778
121.793169
102.451272
106.869912
102.470007
107.606819
103.967392
116.629783
110.345272
108.995210
101.803938
111.538093
112.657746
112.562302
113.281901
106.275320
102.564405
122.985958
102.551803
115.778279
102.615441
111.517309
108.865854
108.798990
111.492725
119.983991
106.955384
102.662522
102.028665
115.342293
111.875331
106.094117
111.520813
105.707372
110.780518
102.400139
111.707516
105.711317
126.270601
126.327930
134.616344
115.022697
104.461732
103.977792
112.477930
112.421723
114.252875
123.598399
111.595937
119.697987
115.266394
123.829244
113.462727
113.003062
130.414678
125.327124
116.720139
112.874510
105.432555
118.596515
118.911419
115.008405
119.445248
125.582629
119.946923
116.546872
124.600377
131.207113
137.845616
118.068390
110.571285
128.499618
127.772381
128.391132
130.465849
124.435113
124.938750
112.028592
113.178501
114.893387
108.749458
114.874433
112.043579
112.777370
118.765816
114.924436
119.984420
126.379486
111.874925
104.045090
111.039498
111.741633
111.017071
122.349004
108.536509
113.582561
112.621260
103.795136
103.772266
114.151633
112.793402
108.108470
107.730149
123.329961
108.457104
126.313645
108.912276
103.927277
109.716792
107.448395
107.948418
103.333491
106.468780
138.523827
125.038700
119.155074
123.344966
121.419867
138.458506
105.098033
120.932126
109.203939
108.263511
112.837140
108.263469
120.889776
110.303984
107.176612
103.171570
105.577968
114.474444
125.219547
117.934747
111.776803
123.205265
108.489092
112.444913
109.157021
108.433661
121.089437
113.012343
112.731577
124.811193
125.152799
110.005007
110.068893
108.184971
107.496738
107.457027
119.410884
116.737672
109.220186
105.465759
111.642872
106.434492
103.116893
105.565415
113.854403
118.516954
135.697986
118.067346
123.335488
113.181583
109.890564
125.695246
122.609134
115.788934
113.370545
117.720454
107.838954
116.554638
107.889964
117.601222
113.974905
120.544764
122.592647
121.940804
121.573378
125.739916
126.051489
109.824134
111.780831
107.470660
107.535827
107.397947
105.539423
112.929291
99.978457
108.042095
104.293620
99.095155
113.229013
99.204729
104.876504
98.898504
112.550139
132.079222
110.293507
115.405784
118.141892
115.933729
113.614899
121.363871
115.762878
119.593828
119.017711
136.542719
134.644154
119.931920
120.523737
108.195739
108.144524
109.648106
102.468098
111.426468
112.331215
102.607408
116.398696
119.552534
120.619704
119.200499
114.013615
118.840181
103.954823
111.643488
107.495160
103.954293
121.509429
116.715278
113.183327
125.612074
129.685150
110.757342
102.606716
110.901429
122.401388
126.668230
129.636026
120.672589
125.970634
111.946234
131.478534
123.942430
123.973679
119.155596
113.159160
129.664947
115.485201
116.616492
112.612447
133.816397
112.577947
117.365896
118.914607
124.774350
110.391265
122.605175
109.014148
115.285864
110.118417
108.246659
110.097631
114.323926
112.777522
121.316809
121.250586
108.363538
110.230187
108.261986
110.146471
111.094884
115.427477
123.434567
118.588850
125.056530
119.635455
131.574793
127.974764
123.703076
122.378747
117.488943
112.367750
110.681240
122.485083
118.976216
123.702110
121.160376
122.867133
125.203273
127.951246
102.946811
108.160857
109.663346
114.009543
109.625621
109.662878
131.743298
114.587364
114.072709
111.547694
99.231439
118.745721
118.926848
118.857282
119.913697
119.972252
116.385086
119.094862
120.369320
128.638575
129.236724
132.494659
128.122633
127.716137
128.805481
127.245442
121.427086
120.917366
117.180427
135.605969
133.531341
125.833078
121.337360
124.302414
135.637713
131.823596
128.264216
125.267315
120.981450
120.420485
120.988570
119.666523
120.936826
128.712909
125.106351
136.162479
132.413213
129.248444
136.549389
133.092933
135.374809
129.773690
129.277274
121.446669
127.499249
124.761869
120.886135
119.955881
124.106574
133.792371
115.543576
115.502089
108.408152
112.716179
112.256305
108.594830
109.059400
112.155765
113.356807
114.148137
129.342156
129.107180
130.148857
117.954783
118.916164
130.932460
143.689584
133.650264
120.885173
119.852130
124.559043
122.174783
117.768431
124.585742
123.886610
121.895154
110.001978
130.277366
136.230766
133.601107
133.974054
132.932003
131.986644
113.867898
121.958301
119.929302
122.575552
124.850444
127.880560
128.451976
127.372892
129.620085
121.767625
123.607283
126.821344
116.467117
114.121974
119.125811
126.173093
110.197125
126.817241
116.317504
125.192049
110.658376
117.179546
114.392917
118.011024
116.597169
118.987878
122.644733
118.868753
116.062229
120.719527
117.330390
125.624049
127.707700
128.437598
123.507254
127.379953
117.210648
119.304835
111.102732
111.457703
119.149018
119.908089
124.830904
120.635680
126.692437
116.495136
129.773290
124.979010
123.401463
128.037123
139.891304
144.660721
130.987047
122.423127
130.276924
127.773450
122.481187
131.259410
131.843866
112.182325
114.017257
111.493352
113.777052
118.051376
114.444793
115.635365
115.620383
117.251591
119.981732
118.392189
113.511711
109.094427
110.228959
116.952773
116.984771
116.225250
112.819887
129.113652
129.701300
113.891449
115.161186
119.676463
119.001927
130.871837
120.420297
119.177759
122.377167
113.171809
114.012856
112.226483
113.842878
114.451626
114.689000
114.627393
122.141170
123.818320
123.440778
118.069465
118.462415
114.391867
116.608370
123.475966
114.094606
114.688391
124.745521
118.054525
118.012260
121.586818
130.046285
109.756358
109.971741
121.479682
117.314396
121.504135
120.904857
128.929301
126.655121
121.748517
121.367013
118.357294
121.335577
128.972000
124.957599
115.065206
118.830427
124.260747
119.351116
117.021247
115.302811
120.166118
111.902476
111.149052
111.130302
116.139675
112.284650
112.290650
121.168900
125.042149
111.269274
114.502009
104.304097
104.383231
99.246232
107.903839
95.000421
143.134106
124.228974
120.984773
119.335934
126.557041
121.924673
118.091391
108.765712
123.232844
124.508498
136.541697
114.705791
117.471917
103.933057
103.032206
106.602764
110.397498
110.447797
114.173026
108.682290
102.649174
104.203042
118.097806
113.725709
104.000458
130.864584
113.631403
115.126088
113.939504
118.690158
125.738405
107.579067
107.461775
110.813495
108.382078
109.353619
107.597069
108.528818
117.971556
119.558587
120.153075
121.502500
109.098302
117.459142
118.921344
125.713607
124.722201
142.208005
122.289597
119.107254
123.703204
119.857716
117.671030
122.878527
112.802252
112.727419
119.504846
111.229876
114.647676
110.522551
109.624337
118.752521
116.491016
119.035602
120.340680
123.488627
111.826705
116.127845
120.415466
122.584186
135.125795
99.117695
114.307510
131.524387
118.084939
102.390123
94.846305
114.926379
114.389736
108.091904
106.116341
128.510582
120.692512
121.148679
120.764146
117.104593
112.384757
118.050271
101.764484
99.531317
108.051945
113.528904
117.215152
108.120796
115.709737
104.849369
112.385692
104.766454
111.665696
116.149075
107.306656
102.680173
104.811883
111.831064
111.938289
113.571937
112.815616
113.067023
125.485847
111.849654
102.806503
99.930896
95.673106
112.812850
99.979771
114.013927
103.227216
110.404280
121.005709
117.407684
120.269311
120.051231
123.317813
118.818743
117.228186
116.585752
108.269103
107.551765
130.392451
131.524718
137.709699
129.989422
137.259527
127.055821
128.851367
135.450856
136.272572
125.418087
122.194402
124.198127
130.080468
122.516852
121.172651
128.344707
128.527063
121.720913
112.784817
122.859101
113.187894
122.661217
119.896133
124.407146
120.638162
112.884792
109.142370
120.828235
116.875987
116.803074
126.031299
126.394586
125.410304
117.643442
113.316630
108.918812
118.406634
114.943877
114.501550
123.211999
130.896673
121.062199
125.357827
125.109511
130.732440
130.669226
111.254217
108.164407
118.218430
119.416254
108.971790
124.601896
110.166978
119.924757
117.738918
119.900822
124.556457
128.898961
112.600389
121.703753
120.553249
119.909376
126.673732
128.023918
120.012788
127.611319
120.824103
123.223625
113.506970
129.385400
117.749595
127.125420
120.592040
121.506731
123.911669
114.339404
114.255574
127.706298
127.861351
120.004321
117.041121
112.084376
116.554582
115.421463
125.111258
121.946998
123.226665
114.927234
118.704832
128.425034
121.513507
114.583885
115.377036
126.673796
126.339830
122.695072
126.450495
117.535195
127.470526
120.900261
125.096207
122.406165
118.730153
117.604422
113.564929
113.521156
121.407428
123.396293
117.670323
114.404375
115.380311
131.864407
114.816727
129.834556
127.006040
125.278006
130.582610
129.123012
130.180300
126.652253
129.402544
124.587242
130.343094
118.103389
116.978437
109.172527
116.963899
112.830442
112.966381
120.846855
116.979506
126.162483
126.154327
130.323387
129.325322
118.478573
123.798850
121.031453
122.549457
118.866198
123.860041
122.097818
109.284734
115.907032
114.547062
126.854204
134.767994
127.848440
132.964203
128.387553
130.400768
128.937919
115.294666
123.883830
129.296041
117.826005
117.872011
117.551294
127.852884
127.912196
127.477832
127.206481
127.426769
125.818297
131.689393
114.966639
117.205699
111.205537
111.899384
120.964536
113.816600
108.542692
109.313865
108.579659
120.296922
130.245005
117.207681
108.273172
113.458037
113.455486
129.801030
128.835325
128.767498
114.321835
113.790715
119.797986
119.439009
119.027964
115.941014
118.190666
107.460908
126.170435
107.685853
111.333259
113.897328
112.706356
116.309581
109.438850
107.314907
116.460749
111.639539
112.523398
108.076101
116.886708
115.937400
126.838839
114.146704
111.947101
110.949074
114.171933
121.037617
107.642627
115.912189
105.573920
107.507064
112.473598
102.739178
113.248241
126.405575
124.057869
126.320073
119.781710
118.806388
127.331545
126.359579
117.181663
118.341439
109.428299
117.629651
110.400577
120.403711
115.105690
120.615114
109.009327
118.228785
119.854253
114.684601
125.298919
119.879942
112.865980
112.798218
112.125458
123.908315
117.325293
111.935790
113.013175
107.590007
116.576442
112.921511
108.659969
110.722139
106.711368
109.785468
108.451283
103.905378
115.230286
115.638013
131.986350
133.133360
122.873791
112.028434
112.371561
111.973982
115.886816
107.538217
112.491448
125.444474
111.774743
108.158201
112.498559
106.971714
110.768317
109.569960
114.590581
117.265811
112.897202
103.441563
102.788380
121.343561
121.060738
135.638429
124.383538
125.331909
121.977066
141.220154
117.375460
121.116362
127.633076
110.364124
108.211264
112.793298
116.626340
111.933006
120.979175
127.099631
111.983504
113.130661
111.824529
114.635103
109.117299
115.340523
130.654727
131.011660
137.180230
121.031746
114.796100
103.640711
122.439536
118.239762
123.118293
112.197917
127.892992
126.653834
128.336950
112.140461
119.970776
123.136531
105.176837
105.326910
107.474283
113.147578
107.454844
109.588723
108.799154
110.329298
110.497333
112.983461
104.103640
103.369770
108.534613
108.649489
103.910653
105.229024
117.903109
103.312406
112.934698
126.940350
110.118368
124.166302
137.379667
122.324312
112.668842
108.821968
108.061281
121.809367
127.599483
107.660728
107.763557
113.554157
115.032141
114.410987
116.590761
106.429269
106.445167
117.159710
112.386332
124.201645
124.869189
114.788230
113.685371
109.538929
115.488782
115.731452
112.893420
108.387503
107.653505
126.215796
109.215468
107.533144
112.774722
118.660041
107.765317
108.479585
118.912453
122.273339
122.325120
118.104705
124.995402
121.320765
114.709618
125.191487
110.075495
110.092386
120.413000
116.710011
121.674375
114.701359
109.727338
104.240517
100.647628
136.973432
117.971502
105.335818
119.724351
112.248240
108.074960
112.441769
122.476376
108.087631
119.788087
115.351378
128.378717
121.195026
125.328667
127.440162
123.339763
128.402233
124.928605
119.964927
111.084239
124.060215
119.907309
116.576752
123.270465
136.733053
128.189207
134.417155
122.904646
121.529644
110.905700
121.113315
127.160921
123.872758
119.462050
108.718262
109.488803
135.677939
127.964690
141.001502
118.204365
129.339284
121.462325
117.682483
118.726969
118.202981
133.136315
145.480844
137.770049
134.812918
144.885116
146.122223
132.063165
134.869242
118.020447
116.390596
97.553488
98.300576
113.507488
127.631286
122.136595
121.889388
141.101903
128.973200
121.613070
102.596518
113.520197
110.262808
108.519385
108.851577
111.088250
120.665297
105.148184
128.410606
132.196250
128.449226
131.110889
130.687414
101.770126
103.180647
112.290476
103.213776
109.704263
101.683645
130.055680
137.646465
134.968745
131.708662
129.448118
119.450974
108.441008
131.558868
131.222971
125.691045
118.422194
117.521280
118.209588
117.682846
127.514466
113.382889
128.519112
114.465229
133.145073
120.491323
121.095689
124.274245
121.134009
130.795421
121.544490
123.801197
123.274300
108.526814
132.315458
132.237260
132.720991
138.862062
114.207875
118.229568
125.161629
126.899587
136.025191
131.738215
102.629505
118.726461
110.172641
108.997197
109.336611
112.237232
106.951072
101.982714
117.367902
118.535174
118.966048
135.980392
103.460287
119.776696
117.119165
115.232718
115.886180
113.886278
124.892830
117.450054
120.747805
106.987810
111.547562
102.671474
110.136961
114.550716
107.436240
111.392965
110.822971
111.522423
108.992901
102.499239
104.490353
112.296898
113.187090
117.071726
112.073755
112.913061
103.780525
114.523575
115.608143
108.302423
121.540546
106.966600
121.491164
107.359578
105.838933
110.922132
101.880720
97.661731
117.678383
114.752329
112.422019
119.919853
107.696013
107.030504
112.597219
111.279461
123.662699
107.687199
113.758996
112.454069
112.469682
112.426762
111.520174
122.664971
113.381490
106.894496
121.882990
116.170238
114.100103
102.582231
114.817725
102.583251
115.202367
106.032717
115.206995
102.626006
98.291210
107.333757
106.827689
110.703151
116.571505
107.531259
106.538352
123.392269
124.339637
105.171415
121.726799
108.605578
107.565011
102.572756
112.931632
108.950610
121.729116
109.626208
102.339500
113.946869
118.581063
131.690379
117.442767
108.002259
108.447901
113.468571
103.910889
117.766185
105.789995
115.719746
107.984432
100.504013
112.243383
102.447664
102.564638
106.880217
108.167491
106.871373
115.557491
119.794394
104.160518
113.294368
127.928477
131.734369
107.523521
102.499299
109.045512
106.938722
116.152878
98.441521
99.655456
106.641314
109.473400
102.658251
108.290707
115.376603
108.943056
102.495900
98.284566
116.752044
124.841388
108.468378
112.517367
112.568596
107.832818
104.422120
109.558460
113.800342
107.646306
120.717413
120.900881
127.947342
125.892995
125.768395
123.153911
109.037533
117.316992
109.043005
110.100911
110.067931
109.434534
109.397963
123.420118
106.747397
98.275456
99.010772
111.454850
97.429993
101.152426
101.933793
116.582169
117.662558
118.927020
101.757008
107.163385
106.993593
112.440017
108.976854
112.712750
111.283180
106.287657
117.407630
120.851395
107.440683
113.295276
103.188806
125.883251
111.795171
102.697631
98.301731
102.608281
111.278866
107.952895
107.863327
102.035071
112.188054
101.926169
116.576759
101.917473
108.988837
97.397543
97.308328
97.610219
98.308255
109.792259
118.624915
119.900097
106.697578
106.855447
100.473929
122.285441
123.270800
107.702004
100.229233
99.403648
107.972893
123.345415
116.301533
118.753560
101.802510
107.569626
110.788744
99.099598
111.599744
102.524041
116.585825
117.493927
103.264734
106.942637
101.606911
108.216617
108.228309
103.958750
120.649927
107.017166
103.392291
103.400912
104.067920
106.972920
102.675912
112.141808
107.378910
104.412611
103.097173
108.389256
110.946173
117.069148
112.681533
121.035298
113.844897
110.117501
117.096054
112.843101
123.175335
97.005780
93.451091
93.328746
93.206156
108.025047
107.415866
104.080896
112.052972
110.145267
118.369216
114.619732
120.506884
111.807704
118.850761
108.158239
109.693688
102.717830
112.642557
105.431642
122.576200
115.398633
109.249518
112.562502
104.725251
103.795234
109.759599
116.905297
106.851216
117.263067
117.887135
131.482948
116.047959
123.985000
115.630526
117.805706
129.667572
127.572605
106.665739
109.498004
110.754121
110.802137
127.372611
123.018354
113.043412
105.578786
110.566760
113.179930
113.221352
113.479765
124.906906
127.507571
105.036282
104.222241
102.513359
111.452164
106.822722
122.343701
117.716609
115.948969
106.507708
106.445250
106.482361
106.394607
121.373211
105.768678
105.705466
103.084510
98.022446
111.425743
121.677312
123.563566
128.495209
123.772353
128.891000
122.790028
114.860494
116.164817
114.746580
113.231450
116.702838
103.418955
109.006816
115.154130
119.693390
117.725160
116.565301
119.414435
109.632348
123.453811
109.881079
118.243471
122.120225
123.137705
115.180163
119.716519
122.679287
118.690523
113.044599
127.533597
113.451499
116.681659
111.809611
116.558799
104.558388
113.388781
109.832222
99.817260
107.256536
107.124370
118.244715
107.588998
108.805310
118.417503
112.957831
103.800189
100.002208
111.005870
114.637537
113.720465
114.110130
112.972657
117.782693
114.550750
109.605938
150.517241
148.141633
146.196119
148.490035
104.002020
100.595726
114.462939
108.782791
106.879520
108.786645
119.587175
109.438059
101.856059
112.714150
97.798781
112.910359
98.866281
108.919381
109.225363
118.183495
118.320207
109.118249
113.729421
102.360013
122.559911
137.210979
125.950837
125.927447
104.120198
117.841373
122.308513
109.293944
104.681092
117.917188
108.394469
122.573134
137.312311
122.724084
138.002542
126.077490
122.318627
128.432775
118.023156
123.226357
121.709679
119.817023
116.124236
113.583810
114.375952
118.152022
115.494270
121.099994
121.623110
120.554040
101.584075
101.939203
109.583326
115.305846
111.010818
110.980496
122.390186
106.915858
112.486496
121.451550
112.947029
113.357210
125.028829
96.735247
104.914334
104.913970
102.133144
111.601615
105.878507
109.881705
119.843625
116.618464
104.699477
102.481335
121.895833
115.840469
108.244011
107.581996
120.444331
117.166740
125.064330
118.549502
119.472964
114.211336
108.959205
104.638990
128.918974
108.847166
113.180501
109.388434
113.225034
113.308972
113.108886
105.582223
116.356852
108.056636
108.790001
120.187238
112.726289
122.146656
114.146621
105.848259
118.187541
102.537698
118.050539
112.950707
116.756505
122.218428
109.258664
117.943809
105.833050
105.257838
97.407797
103.839614
103.819699
110.217431
109.525235
102.384126
123.167477
110.145595
120.228458
110.796237
103.191826
112.170448
124.938376
103.861642
99.582776
103.500020
98.250178
97.675996
112.984662
113.343694
112.285076
114.047651
105.459229
108.085954
107.730349
109.850520
111.354959
111.892670
109.125110
108.527850
108.484394
117.506930
113.411957
104.514106
109.013939
101.428570
106.609293
110.156004
110.922067
102.998832
113.246769
108.900630
112.010030
113.279715
111.344436
108.358769
108.309882
113.206419
117.480590
99.694204
107.776800
101.228519
102.630311
115.433183
114.572600
114.095827
131.656172
111.642055
108.626879
115.246708
109.981847
107.729268
120.500498
120.230918
113.971393
115.198428
114.552743
118.336370
118.310374
113.279403
117.509686
118.257724
127.427873
127.361125
126.698422
123.725696
124.262483
129.123447
119.459236
108.265818
123.207199
110.082401
109.430743
108.295271
106.854981
122.493465
108.789708
113.137997
108.432147
128.643769
131.371518
128.614815
113.070897
119.021936
105.182890
106.060875
108.872084
109.049446
116.045924
103.427202
124.854748
125.913809
115.767507
114.758744
104.267529
108.785504
103.320922
113.550396
117.859190
106.455881
111.471188
107.924029
134.564468
132.184117
115.944581
136.755076
143.488548
144.177830
136.830660
138.418365
138.631949
114.109777
125.262260
110.945474
126.277749
116.793790
115.055266
117.539274
117.681673
115.172658
126.539671
109.000981
112.716266
112.764124
129.387783
130.540607
127.346805
120.291805
127.601531
124.736085
122.589145
126.549168
123.728669
125.770388
140.766825
140.044240
141.727176
108.310505
103.663321
102.964762
118.526495
121.239537
107.073298
107.219038
108.043528
117.839276
113.510471
127.536384
111.451357
110.752313
113.511075
102.657589
118.147941
108.757185
110.027767
109.406004
98.182829
101.788871
120.226485
146.738588
147.685163
148.975789
143.486539
145.773142
146.169293
152.438166
150.934272
153.013679
150.414417
149.891260
113.899891
114.519420
127.710285
130.643317
126.523937
113.860347
104.196303
111.663623
99.577135
108.329663
112.282939
125.928960
101.905314
103.366034
113.116040
103.226522
97.516645
98.263087
97.508091
96.758852
111.422534
114.152143
107.704419
108.402485
105.213945
104.620251
105.274410
103.404586
103.906911
105.739695
93.981093
105.947249
104.065786
104.714179
105.963867
122.225612
112.385134
107.993265
111.655135
109.002514
109.596079
112.100512
110.217648
112.364840
116.172975
108.542445
103.247203
111.691526
102.497331
114.886100
113.882447
117.272324
117.529024
110.764494
102.963688
102.375043
116.856102
118.513154
101.874613
98.241161
98.205877
114.801868
114.833452
103.209278
102.563000
114.734006
105.615025
107.001411
102.571729
103.274792
106.911789
107.815067
107.840958
107.304676
94.199323
94.224851
106.798307
115.229637
111.573609
114.637761
117.949556
116.979948
119.756962
113.665440
113.115833
107.803587
107.132903
113.021388
108.472762
104.188068
99.902963
103.309959
117.973973
127.457090
103.143541
113.543774
114.410709
112.757231
115.562826
109.282877
109.405980
117.770252
123.877341
128.299142
115.976814
117.496309
125.869517
124.020725
114.858954
121.913099
121.513284
120.448484
116.049592
124.202286
123.519836
111.823774
121.551881
110.519349
102.569690
120.707881
99.841287
99.106002
115.243359
108.259102
108.881906
111.902303
103.029477
107.513035
107.271668
108.818754
111.521346
106.711105
110.768966
112.911505
102.301868
117.559227
114.625534
117.698947
117.076276
114.359324
112.818783
110.961865
109.551947
108.974944
166.959620
98.400825
112.425165
115.078362
124.147884
109.088115
111.241437
113.199379
112.475210
94.060089
106.755599
118.229267
103.206983
103.906381
116.395034
99.657576
117.063490
102.459450
104.470136
111.436120
108.250003
113.177212
107.547672
103.131133
114.842939
116.055160
107.474605
110.476650
102.406707
104.172656
110.518488
102.352989
101.254756
96.982631
103.414647
108.315749
118.811449
103.055190
107.916478
107.272576
98.805014
103.175959
116.529995
114.618150
103.961958
107.214648
110.279255
105.153578
108.051293
108.696518
108.092513
123.210779
117.550011
101.983752
117.164089
118.411756
115.705192
111.972123
112.003123
118.818943
117.082105
98.386883
102.450426
103.774790
102.473016
118.716354
109.553831
108.251175
116.051961
115.132433
111.105243
112.331187
101.291770
117.930287
108.884116
96.914946
134.496787
134.365388
134.668064
111.842139
128.193168
115.297938
119.602693
140.719090
139.474335
142.520554
141.314221
142.214571
139.383809
99.108508
111.538155
103.391441
125.069383
104.076076
113.082136
114.490610
113.704096
128.611202
146.358605
115.493355
113.503498
129.484724
112.842751
105.914692
104.611818
108.672549
122.284202
120.402615
115.931370
119.174121
103.882625
99.655430
99.069246
112.059003
116.577904
114.773602
103.272595
104.048299
108.601039
106.985361
122.772515
106.787577
112.441092
108.409067
109.049539
109.472604
106.849217
104.410023
103.191366
113.006799
107.627187
101.945154
114.767596
119.848482
117.386186
125.521716
108.076048
119.887266
103.159815
106.868814
106.819826
111.062551
112.576779
117.739904
103.320712
101.891478
98.337176
102.284193
102.331670
108.989066
112.317144
107.677710
108.310054
116.775861
122.834472
118.923857
113.779549
118.121739
107.885064
113.132010
105.428456
115.862695
112.158949
102.448423
106.715360
108.009450
115.914980
107.781622
111.621203
101.967541
109.751540
104.350649
103.623667
118.194296
112.294285
97.359227
109.264401
109.367279
118.025376
108.020903
103.153926
112.857567
112.747472
112.820649
111.371811
113.213041
99.021139
103.190405
122.196170
101.830069
98.414764
103.203617
98.977098
123.101650
103.962582
102.653020
108.264408
101.693516
113.464406
96.705341
110.235427
105.874360
110.148571
115.207768
109.419101
99.587602
104.963160
104.914412
107.742934
110.353518
111.162996
106.725767
103.084804
110.274991
106.872785
116.921282
115.165997
107.963103
99.844254
112.336270
99.755159
98.621536
118.585543
113.163121
106.288032
110.821602
108.756029
110.076762
111.324898
109.394566
117.701674
103.304695
107.563517
108.911904
120.574895
108.213342
105.834839
114.625486
140.088306
144.280086
122.032414
118.287502
127.206886
124.896264
129.228034
118.753872
123.049401
124.389366
123.738390
115.390916
110.024013
119.849649
124.608018
129.363771
128.303268
126.060457
101.935875
105.602397
121.113066
110.860298
108.063781
103.142222
121.743930
108.024413
108.109854
108.519448
115.954548
117.075431
120.447397
118.345992
127.561149
118.827683
119.513527
109.258073
108.836976
112.553765
115.278092
113.996196
115.203875
125.870780
131.370956
127.656462
110.169240
118.668595
120.314657
113.341548
105.779384
105.950248
113.752861
113.794125
118.996895
111.114747
111.844142
109.554283
121.733801
107.571750
112.988431
103.473221
104.166897
107.395911
108.910986
118.245476
115.612770
121.735996
105.256146
106.689181
108.006048
119.149947
115.348628
108.545246
109.350804
107.665303
137.319113
125.150539
113.729934
104.470971
106.900207
107.601291
113.758978
108.985203
119.617903
112.729034
113.162796
109.349088
109.351268
98.413893
103.108706
106.531565
104.002223
103.426676
103.812029
106.539468
154.907599
116.442028
122.881419
123.835266
122.742420
97.696119
115.528686
117.504237
104.064036
109.048247
109.049607
109.457532
99.122718
109.468960
107.117526
119.754531
111.847912
114.581730
94.110258
103.210341
104.069007
113.865884
104.523850
105.788974
104.013612
104.197264
106.096499
101.145257
123.253787
104.853455
118.342918
94.325497
109.414805
109.398793
104.853626
113.517912
104.702082
104.499486
115.081725
110.865686
117.145148
113.895890
109.988284
110.686507
109.460569
95.517113
115.932445
110.199092
93.239555
109.504862
110.605247
120.308698
113.773352
110.816527
117.270738
122.243347
117.833652
118.724223
116.273399
118.445708
116.920248
117.725083
117.845916
122.200252
109.017717
123.774716
116.938381
122.193215
98.031852
96.656566
97.361443
112.162394
96.725602
97.361314
96.790887
114.317836
115.000435
114.313767
105.069739
104.075439
103.215123
123.550478
124.774818
124.879363
125.508136
116.071417
117.058535
122.148350
113.365977
105.628568
116.105143
119.435099
114.901637
112.839189
112.911956
116.758977
107.575067
106.844230
117.458677
113.076902
104.432145
119.930887
119.279615
123.396383
126.785350
123.788716
112.164435
114.558826
110.812681
106.185907
112.008985
101.269645
107.406256
110.162634
108.483499
109.125748
123.984547
117.702935
121.371583
112.866965
112.194300
114.560139
118.053199
103.999304
108.894257
107.824206
99.037747
109.020842
121.358324
114.362913
118.604609
128.930229
108.172007
109.556857
108.806235
123.135254
98.083978
120.244981
114.302308
107.284412
107.312128
104.614059
105.280859
115.044963
107.416519
108.581159
108.385741
108.533233
109.923798
111.258588
106.291395
114.017461
104.262045
103.775801
107.300232
95.725043
108.042316
116.745591
110.243723
115.608429
111.454660
111.963584
112.717502
115.110561
91.443278
118.633947
108.376098
128.251536
110.274258
108.807560
114.774064
116.124108
116.161763
113.979162
115.241599
113.278309
138.505002
107.829334
120.109759
115.264028
111.517994
103.303303
116.207621
104.718610
108.092360
116.966430
112.774418
99.523912
101.608904
106.890518
107.450691
111.532512
113.118212
119.867739
111.649620
113.635073
121.100536
121.155210
105.689804
110.849394
113.130042
109.270816
114.425443
112.501311
121.465054
117.315154
122.399930
111.233208
127.038879
111.992445
119.049638
119.670964
114.650947
128.055107
127.873201
119.566884
119.759599
114.739618
111.699814
111.900011
111.959314
104.270824
104.277435
104.796947
114.289148
113.647586
122.951088
118.619040
118.110343
118.204139
115.381371
114.345930
123.999961
130.706860
132.633751
115.649929
131.539993
118.464620
120.943140
123.561048
120.741046
129.641247
121.248740
114.330553
122.555131
116.617301
128.569532
108.622716
123.000538
125.010525
123.547945
118.093485
122.318456
114.778949
130.646010
115.571810
107.887401
123.425243
113.808936
120.449381
118.161147
126.845606
118.371074
122.807643
123.224587
118.133887
107.826274
119.873851
122.535582
118.359774
122.422206
114.594585
124.802610
115.367313
119.356315
119.748520
112.189449
118.827309
117.708802
131.620984
132.131957
120.708164
120.944721
138.286548
140.403889
138.710219
108.207566
119.043776
119.124904
116.767198
117.537702
115.468196
117.813297
115.589289
120.783808
128.018064
129.605920
127.231829
128.830471
122.820491
127.946966
128.608872
127.985989
127.896852
134.411815
139.724880
106.772056
106.784880
115.773829
119.613979
121.558283
106.491182
103.914605
105.769393
109.449718
126.275460
103.772153
117.893707
110.681760
108.776046
103.795125
117.893821
110.331872
126.224148
116.622635
112.039896
112.242069
115.205302
115.185137
110.118691
106.491349
125.664700
113.984055
125.383602
107.578175
107.510928
107.434509
104.869208
108.845696
125.324851
97.662043
106.968750
93.403844
111.626446
96.834021
111.525210
103.717049
105.989250
101.166777
96.903465
111.263546
111.294390
111.765048
103.287931
107.608247
126.122034
111.884141
107.481144
118.170394
108.150393
107.437874
122.094602
109.917715
105.030089
112.614248
106.858525
101.883028
122.143123
113.182953
101.985802
102.900289
111.739459
112.513810
94.157229
98.503210
97.613478
117.104708
118.035789
106.304452
107.593761
114.900557
110.878737
110.740245
121.365466
97.635594
105.891613
101.866656
110.188466
106.825966
98.257556
106.099386
101.934355
101.936609
108.029386
105.528608
110.184003
106.896702
102.604473
110.804583
110.832657
121.071390
111.565405
108.286573
107.682272
108.873031
102.650237
109.014047
110.793219
120.089154
115.383260
114.563376
110.186936
113.167746
117.088152
107.687520
106.224232
124.819152
120.952763
107.508674
112.804428
107.436964
126.246760
107.201404
104.624850
111.571021
103.902628
108.827009
112.397317
107.531103
121.745395
110.041957
110.045820
126.168418
102.559665
122.206120
108.644917
107.457126
107.555792
98.847428
103.207720
115.805818
106.186759
105.527613
108.150016
103.219659
111.363209
110.879911
96.899931
97.699068
110.299474
109.498958
112.153597
115.242286
115.765159
103.333981
112.539780
108.576856
111.135905
126.994476
111.226554
125.285005
106.226217
118.245838
108.226075
106.162491
101.274743
104.814273
106.203336
115.760972
112.716374
113.813578
118.161364
112.656768
109.735462
109.824254
110.510012
113.255028
105.525756
113.249797
116.013787
108.288738
113.312943
125.156252
104.132311
123.782421
108.362262
117.808069
118.783650
107.497141
104.461667
108.276745
109.732505
104.015821
121.823551
111.531818
113.225654
110.518384
110.557647
121.867423
113.249823
108.880336
103.416331
114.645431
110.266175
113.400090
114.060912
117.223980
120.378531
120.328722
121.577141
97.431473
114.481091
117.576485
146.550822
107.198353
97.740143
103.019119
102.294736
128.947000
104.825443
109.307047
110.180034
95.051657
113.616017
117.982405
109.869065
119.361524
115.105031
112.621071
115.974674
115.598592
111.188884
98.277095
110.880653
107.143604
98.900065
107.172564
120.810354
125.494770
126.204550
124.489611
125.577211
117.185777
118.045326
107.723594
118.653249
113.835175
114.314861
118.541600
115.447964
113.187776
113.705402
112.547539
112.489310
108.476013
112.626335
107.554276
107.396037
104.106715
112.495331
112.391907
111.913789
109.008053
118.883047
110.029153
123.748849
118.179598
104.769241
121.175640
119.123842
112.233295
112.994347
99.156420
102.386980
98.470112
107.337437
120.615832
116.827843
122.507110
116.351062
125.787694
105.900940
98.193671
109.511822
98.928722
108.117256
117.980171
110.995344
125.173764
124.065882
112.004441
107.083879
113.250595
112.571293
120.425483
101.573973
101.546935
98.336708
102.685562
116.034704
108.054418
108.349536
106.211998
108.024914
98.103078
106.539311
105.854425
106.539698
99.859676
99.026719
107.391741
103.198276
101.974923
106.860373
108.081110
122.379511
117.999028
108.614164
102.764655
102.245692
120.395654
121.431106
103.233202
108.003235
117.046784
98.885853
98.858945
115.965839
108.584966
103.146870
103.265608
115.151118
110.764004
110.824285
103.307522
98.930112
107.504472
106.846418
110.138969
106.752383
104.248490
116.152321
116.141116
111.764320
108.325449
102.508665
110.884125
110.299396
98.367609
98.097078
102.926503
102.540619
103.351609
113.746783
110.567647
103.482218
94.905285
94.103564
103.524605
122.876476
129.565218
130.241632
128.716824
116.227144
110.720142
119.476721
131.372586
113.906548
110.089406
125.842851
109.573309
117.887052
121.116976
112.912351
114.360094
123.179635
112.382808
112.468157
126.607299
115.373489
118.050969
122.283681
115.115791
123.364533
108.174504
117.459004
119.576680
117.125026
104.507688
105.045841
103.759752
97.781932
103.304348
102.917039
98.872482
94.615464
102.389823
98.236955
96.458685
108.849538
108.293654
106.967949
107.692252
109.554833
104.490811
112.228864
112.398100
112.489361
105.857956
97.374181
106.450684
106.451375
106.652918
103.298265
120.679285
106.201214
117.514592
111.277134
107.676373
103.352615
106.913613
116.674308
102.529972
116.704562
106.935608
117.307583
114.240318
102.560958
101.781691
103.103298
101.643014
110.223420
110.252279
103.796499
103.018522
102.337822
102.391745
107.124206
110.884552
107.651020
102.654490
106.729534
105.936302
107.964850
126.435251
125.452350
125.262374
118.022296
106.217619
103.928297
117.237155
113.011976
114.438021
114.749456
115.602283
114.679279
109.779275
106.664790
112.159640
114.509102
103.316261
108.052211
122.287153
108.185456
108.189482
110.674459
110.622546
119.059838
108.614860
118.937982
106.078559
93.180723
116.378871
111.163707
109.087260
103.854355
122.023788
106.285387
112.105855
108.310936
112.664892
116.499543
106.977004
108.523061
100.440671
113.657541
128.162442
128.162193
113.007400
100.442647
115.081870
124.160136
128.230523
114.348464
114.059074
116.414306
110.475258
118.647712
103.246882
103.818016
113.594127
112.842586
112.091556
112.137436
103.817947
112.075482
102.642787
102.622377
117.972388
108.953438
119.975075
118.968992
120.151363
99.165237
114.406835
108.510749
135.369939
113.513876
112.064536
113.766185
110.561796
113.618723
110.743763
108.501227
153.393745
100.560007
113.167212
101.940047
103.250980
101.161868
101.754426
114.960026
118.242310
109.415775
110.813614
122.868574
123.064091
122.867196
110.930130
109.061196
109.503795
118.520791
115.909101
116.832053
116.880414
111.282429
114.977318
113.725770
113.864759
111.492415
112.567322
106.815951
106.821238
118.459237
122.081769
127.194772
130.131272
115.036898
114.448094
122.921838
123.579827
126.809384
118.930952
107.826472
107.179034
105.349300
123.429442
103.033596
97.521956
122.434972
116.612625
121.819926
116.642975
117.383747
124.646986
104.414996
109.266007
112.892580
111.638360
108.228170
107.602189
100.991385
103.793452
103.150292
110.182968
110.166800
107.495318
108.089738
108.081753
109.393290
104.574324
98.210121
103.898241
110.825802
97.948434
115.296129
110.804200
114.619316
106.211822
106.963777
103.427897
116.722587
117.216125
103.181931
108.455173
115.941650
110.745199
111.124504
105.799159
103.129884
116.461114
112.853012
116.491326
106.285679
101.991146
106.946763
112.837692
108.967361
128.953683
108.276137
118.853903
119.796762
112.676158
112.302972
115.291247
118.851807
111.763247
122.239171
108.268469
112.217650
126.182761
116.132179
112.160323
101.997633
107.434006
116.501161
112.332221
116.680473
107.992666
118.568891
103.258863
102.551765
103.195652
97.541640
98.177671
112.147983
112.091696
112.678663
126.581161
110.785937
107.568338
111.496925
129.366232
117.324562
121.533282
107.300530
117.291792
111.459725
116.439653
113.471969
116.327640
106.210990
112.691536
102.572216
120.705260
108.280170
107.547028
108.808166
108.265601
124.975377
119.929968
99.437938
111.554250
99.864429
104.173148
116.148979
107.630293
108.699441
120.924998
107.495245
108.170920
108.496541
104.927675
111.937882
102.524091
117.182239
101.855931
102.430309
98.175584
98.315026
112.196830
102.979584
106.273511
111.418850
104.266682
99.062748
113.660105
103.936153
106.871887
106.924385
123.272077
102.667806
101.079928
117.779382
105.868399
106.558041
97.365406
107.127465
111.712128
115.262688
114.923995
106.901723
107.582685
114.592209
113.929708
111.122037
118.731518
118.025727
120.556620
107.535261
107.634882
112.271528
125.607149
115.540997
119.172053
103.737558
103.036323
103.725104
98.197841
113.104207
113.670579
108.281845
115.006307
116.149261
116.298984
117.693822
117.883248
112.940604
99.580646
117.456064
103.101086
112.674083
124.960697
108.469105
107.393152
103.323942
117.950194
117.000901
103.306213
99.074212
126.875210
102.193990
119.671864
120.465770
104.950746
119.464426
122.713386
114.537590
110.133046
130.597499
112.625775
117.051874
118.043157
106.948379
107.643783
107.604960
112.878316
128.187291
124.897464
107.487747
112.427683
108.337884
106.147579
115.947106
107.567940
111.894687
106.818824
104.683419
108.316080
119.487134
111.247470
121.631877
107.651869
107.660116
121.630724
109.041090
115.671957
102.318840
98.423339
112.262096
106.499059
113.615210
108.184474
104.349851
105.171341
103.380628
119.527555
120.227249
118.641412
115.019012
132.845001
113.756058
123.565868
115.503189
111.195798
119.233079
128.532355
114.764174
117.636942
126.329743
117.650216
114.089369
116.789120
132.732365
122.590917
114.537272
110.264896
112.755337
113.254066
99.658096
110.151747
118.119447
109.359053
103.337594
120.134283
103.855027
103.784355
104.448276
110.145034
115.315266
118.709979
119.012857
105.856070
119.653606
117.251043
117.142836
121.386665
113.420619
117.572087
117.605502
97.547689
106.497405
97.572743
107.694549
122.093221
107.113158
110.158843
118.666339
110.855448
145.443084
124.121922
141.965909
120.223373
104.838449
124.873008
109.719385
119.919767
102.650294
103.961289
119.932062
109.939101
120.702738
109.797732
141.768239
103.289636
109.196683
113.433381
111.225649
108.258806
108.397879
113.503058
119.508918
125.956636
118.117492
111.771885
122.599158
114.523408
118.065050
120.411561
132.343610
116.263775
131.319702
115.492861
115.692475
130.730966
130.832342
132.576657
115.630141
114.918631
116.490182
123.638153
119.117361
127.823509
114.310386
127.740321
118.879971
118.394095
119.295387
114.390897
118.794125
120.835524
131.796508
130.016878
119.227295
122.266303
122.176793
119.551452
106.421955
106.516071
107.220141
107.817344
112.141927
102.689848
103.169185
108.435265
117.220994
104.457084
109.233744
104.912702
105.555413
146.880846
143.904593
114.072806
115.007719
104.017487
108.969753
107.095157
111.479843
111.491936
99.807924
99.153890
108.509390
114.401680
112.315024
99.686537
114.458184
109.220702
110.935552
105.172676
104.595795
128.205649
104.097452
100.382931
154.545551
126.672031
113.986420
111.205334
98.165278
114.595401
103.445448
102.521116
102.473865
107.250992
109.432415
113.394109
113.488149
103.316342
103.336522
122.537242
105.780137
104.525804
115.051340
110.260633
132.735125
127.999163
109.243340
127.959236
131.638643
128.005445
105.330937
117.558321
102.509098
117.969899
108.311186
117.355681
107.577250
104.127903
103.991039
107.165295
110.935248
107.902264
103.766898
117.767616
110.909196
110.854967
119.574192
113.792959
101.075112
121.144144
105.163245
117.185947
121.184607
112.861843
115.002904
98.607614
98.537629
103.928597
109.964158
119.544425
109.209357
