108.827972
104.970671
94.470498
90.877582
107.588853
90.594700
96.395906
90.265632
94.977821
90.258676
94.964137
90.355230
90.381107
94.973637
102.350415
102.239132
103.551534
100.386812
93.948394
112.000078
111.746089
95.864615
99.296219
98.930133
93.961360
93.912736
103.605373
103.637508
100.001874
117.096240
119.211312
117.566977
95.932977
95.233418
95.835207
99.914395
101.222230
91.713318
96.023356
105.004786
100.687779
90.195418
101.823077
92.175144
101.789522
87.243315
92.106572
98.671879
99.584627
90.371397
96.226343
107.041265
96.038064
100.481388
96.612313
101.341614
82.454823
81.236847
93.591659
93.229356
92.397340
92.904028
112.248668
95.774311
91.752514
95.936265
77.700556
86.412113
94.601375
99.096141
101.059481
96.801240
105.047419
91.072740
106.817149
101.769274
105.691002
99.488961
97.638135
97.067413
95.176046
95.349112
96.498295
114.969332
102.206765
109.688784
114.787375
97.462817
108.170063
101.240871
109.621347
96.205804
101.217843
85.724446
95.299033
90.070980
88.796306
95.828329
95.792116
104.067228
104.116362
95.535192
103.071555
101.041181
98.446938
102.086366
102.335746
106.643193
114.423380
91.630228
100.411349
99.848256
97.554307
86.043553
85.286596
98.195313
85.340700
94.978420
94.974224
94.596933
109.015670
109.408824
104.878623
104.853656
109.990894
111.216262
108.312984
100.872321
101.558920
112.933344
102.559382
105.653655
100.001921
96.652171
112.958272
99.136573
91.322529
78.628565
85.558876
100.397699
100.000749
86.951456
95.013730
111.995052
117.345510
111.970400
116.625534
95.540901
90.816011
91.133181
91.573415
87.929665
99.161997
92.198254
90.268799
99.119929
108.815358
93.809316
99.178403
90.539263
99.774187
95.589650
101.541775
102.029765
98.090462
98.105971
99.736546
101.331995
97.372046
96.393779
99.474503
98.732334
103.160497
104.751071
99.739096
107.251417
107.318627
103.994335
109.662115
106.733914
106.827870
99.396654
96.259679
93.521840
112.557955
97.741548
89.673749
99.938998
100.259040
100.146518
92.089461
108.660134
107.128555
110.438446
115.282356
116.269055
102.647673
109.607490
118.430305
121.040682
112.953121
111.356394
99.417970
105.230425
90.390933
103.871787
99.017468
98.720581
101.080415
101.571001
115.477407
97.301250
97.923247
114.973472
99.963752
103.659261
106.078400
105.631403
102.342867
102.337265
105.133783
95.423863
96.175471
91.136929
103.972906
91.512398
99.779284
97.974460
96.043352
101.905911
95.321573
104.763134
99.837947
93.881231
111.613705
101.850697
104.006227
89.720797
91.596691
99.347599
97.440831
88.927356
89.630254
94.357353
99.702240
85.520249
94.658943
97.670772
86.106151
94.073629
98.435537
91.371615
91.974987
99.748606
104.065369
104.934221
101.075235
106.697108
94.694832
106.348282
98.517387
94.259205
90.178470
107.736925
100.243360
114.280729
89.775836
109.343064
89.626598
90.679793
94.486557
90.827372
101.202495
101.838441
90.284444
93.829769
93.964006
89.604633
90.159187
98.400765
85.311711
99.605716
86.386237
99.635079
85.367336
85.764099
89.675644
103.476136
90.441719
103.871421
99.810244
104.445790
96.489810
110.452808
110.427574
97.458701
105.755138
105.122005
97.979315
104.019459
99.899172
98.362587
103.472732
89.811282
105.627059
90.974982
123.190954
114.510305
121.776823
114.442206
112.606668
111.889076
110.852267
110.894550
116.949118
114.601962
112.508677
109.273232
102.559174
103.568808
110.279507
109.542422
116.598281
120.421570
123.556335
113.633636
129.708694
119.797314
110.241657
95.754970
107.497467
106.784538
95.544867
92.076501
91.090424
110.301499
90.286592
93.907148
98.450169
90.441672
90.292878
102.603826
95.688479
105.729906
96.363680
106.461092
96.450374
98.541675
102.335924
106.898001
102.731544
105.906273
95.708558
107.681614
107.410816
91.280290
106.681128
105.433186
107.641284
108.126977
108.152360
114.803543
116.321991
95.238624
91.996605
100.404017
97.091390
91.293933
93.737654
110.832269
110.897382
108.626455
104.165776
105.147619
111.853995
99.440047
90.339304
94.258740
99.007183
91.986417
92.062782
98.183169
98.186926
106.814604
91.368168
111.464789
93.856295
95.651672
104.971273
105.030306
107.082297
96.403813
98.610396
103.252189
103.958471
98.898124
103.946594
101.616452
103.149076
94.082296
100.994790
99.783421
99.916992
99.097115
86.496087
88.305716
85.379812
94.045294
102.512862
101.916959
97.258469
91.234303
107.411974
94.453527
115.568565
115.585061
112.619604
110.931136
104.121674
91.395245
95.997975
94.047139
106.982703
97.952574
97.039033
94.400317
89.502205
106.356241
97.209520
94.539111
93.187246
90.342019
92.918564
90.113168
93.337452
112.516691
104.156843
110.837006
96.271302
101.367970
98.924838
85.036812
95.310660
94.607976
96.351068
104.070516
95.267076
99.133516
93.821834
103.314135
94.124542
93.968132
94.138110
94.304757
94.362023
107.133871
107.308890
96.416785
106.085088
108.655693
115.234582
101.679426
111.512527
105.993319
107.931248
97.818309
88.964659
98.441409
95.877787
110.180546
104.202297
95.405723
90.261328
90.847066
98.190392
94.515204
103.249212
90.323292
94.643330
89.565534
117.716370
102.070361
107.598176
115.305291
98.855042
94.801684
99.562247
90.323330
90.303512
103.776553
103.493491
98.990369
103.143592
91.282521
96.352509
90.280569
94.972788
110.120231
91.540592
95.911992
104.288052
98.769060
98.942673
99.492868
98.720132
103.636786
91.227503
91.190094
90.004051
90.981410
91.001644
85.905383
106.638676
91.639585
99.924233
81.964892
86.220302
94.087188
94.167952
94.646112
110.260280
111.863731
99.996591
94.966645
97.542215
97.108530
112.458347
111.521217
113.388020
102.591936
93.532089
92.848488
93.688779
97.795605
103.705782
90.281357
90.342435
95.250688
106.542766
94.553007
107.532775
106.243369
107.692293
107.646608
92.236286
108.451255
83.574759
94.909153
97.915704
106.326488
98.690606
99.297500
122.289324
102.164488
102.659935
97.108992
108.091341
102.527148
100.380761
99.791610
95.431004
108.213508
91.996821
106.006043
105.970988
122.978000
102.682746
102.843355
99.831728
99.853343
95.588247
101.451532
120.736546
108.047478
102.058021
103.025465
98.398668
95.824495
109.617705
97.692161
102.402248
97.686102
103.887762
105.341363
97.774385
108.828625
91.451155
107.140809
99.286040
95.096100
99.334208
106.240465
92.271446
91.050241
100.086984
100.079490
102.269027
101.849791
111.569017
107.863516
112.926408
106.328321
112.529143
104.746357
110.977341
114.145894
106.820098
114.141667
106.972608
110.543590
110.511402
112.222597
113.046258
112.787615
102.797211
116.871644
98.477253
107.201700
96.067601
113.988764
118.390268
109.791837
100.828372
98.235659
97.660719
104.743223
102.572920
98.833884
104.720166
101.831059
106.346726
96.985600
95.706755
109.508646
111.131667
111.693834
116.977546
115.018025
110.105938
106.028825
106.347324
105.416564
110.834026
100.335025
104.021939
104.885587
99.915697
100.326753
101.657254
106.791836
106.899505
111.413227
102.546720
106.702996
110.728999
106.756877
115.280533
118.416224
108.855699
114.412621
107.177797
110.349623
109.981607
109.435373
117.813968
95.258683
95.176711
96.031068
95.135473
95.046684
105.222762
101.046780
99.858047
106.219228
107.255879
98.041173
106.308672
96.932077
98.031164
101.473345
105.131428
104.677745
104.247141
100.025550
106.148521
95.882297
107.591315
102.303974
102.834704
107.551177
99.455614
106.842964
103.751348
99.836311
101.473032
99.909380
96.259538
96.048172
102.982604
111.766094
92.885896
108.947236
103.012904
94.891177
95.572876
88.629294
91.651061
88.036666
100.769467
90.937011
116.888266
107.393594
106.663979
92.855579
92.225150
99.163784
111.357779
107.929069
95.810494
90.374833
100.086419
106.303985
91.994129
91.169266
91.739913
96.537381
105.431972
99.769241
93.275166
92.829978
91.983102
99.370708
99.992522
100.555256
106.212313
94.966122
96.204486
109.190825
115.926790
101.769098
100.561715
110.519901
100.821527
95.693463
99.315849
99.233839
102.121166
98.096079
101.533622
109.588820
91.680255
92.087534
91.005284
106.021146
86.228861
87.925899
106.953452
94.952198
105.394687
105.404824
106.165038
90.917873
99.157806
108.556232
95.371684
89.655664
94.915453
98.308319
87.378028
91.573343
91.660482
94.004794
106.443283
104.803095
100.744749
98.601616
107.871187
114.056316
114.688226
112.253286
113.058757
120.833533
109.420972
107.077362
99.805916
108.504739
99.765795
103.923562
99.566005
101.144856
108.486870
108.265444
95.191808
105.247745
101.980973
103.466491
105.762440
99.521473
106.898608
105.317713
105.982504
95.612042
105.180009
109.162131
105.458724
104.544935
109.185937
100.533605
108.502437
107.733368
99.839997
104.648903
106.997276
105.008438
101.142019
111.612904
111.842126
107.006157
95.974001
106.434821
111.366679
111.935154
97.899885
94.726215
103.608485
97.956079
106.230903
105.285060
96.422669
98.620321
98.278075
103.501252
91.507109
90.326529
94.622802
99.614371
93.976812
111.089856
110.321536
96.905803
104.905145
101.020114
107.620591
97.943214
103.318408
94.238899
86.179572
90.490981
104.149944
99.629970
95.322587
93.981553
109.867046
98.214700
104.064008
99.814667
95.706627
109.524812
108.823942
114.990085
99.499052
98.973723
98.876540
108.054983
113.526597
94.162061
101.155386
106.459807
104.872070
111.775162
102.659825
112.572053
94.709192
95.511912
93.431698
92.387960
95.011589
87.020742
87.753188
94.214553
94.293766
103.878967
107.588274
95.687484
112.151850
99.912319
100.116415
106.674677
95.567337
86.447350
99.710252
95.776707
97.302196
94.571941
89.506454
89.522089
96.378585
96.132831
106.192430
99.226949
97.505604
99.272489
104.723779
97.007444
99.692836
100.723585
100.094831
103.178123
112.394417
95.752287
96.596502
111.387964
92.374641
96.639141
97.066295
107.091007
99.128528
95.227489
91.092190
103.974339
97.148858
107.818893
106.151800
109.554274
102.772240
106.668743
106.748604
114.420399
116.387037
94.618078
107.288991
99.804773
114.212072
115.337535
97.742288
97.069558
101.794766
102.310794
111.902270
96.425125
96.885845
110.233510
122.557569
120.155719
113.562758
120.840302
129.677385
112.571655
110.914316
100.783354
90.090500
90.818826
89.547548
108.760759
100.117111
99.880952
115.902090
111.415178
99.520570
94.821041
99.590374
107.693289
109.297091
84.604620
93.525003
84.516362
90.216819
90.247688
113.103850
114.758525
109.287515
100.147055
108.787494
104.662856
107.343032
100.218781
115.229546
101.655209
107.641260
112.389155
114.731195
94.771292
96.885362
103.229133
94.521627
110.437819
96.453272
112.210349
103.451065
97.871833
94.005351
93.256749
94.540303
102.845001
95.834561
101.881421
89.002890
98.291008
102.084417
90.321959
97.136899
97.815515
93.199204
94.196551
86.008578
102.289501
102.244491
99.624841
97.623039
94.234922
99.681175
86.122575
93.693145
111.339295
111.266809
95.124086
94.143906
94.130017
87.143955
93.946975
96.877543
93.636843
97.227858
99.231606
101.768668
107.802104
89.704771
93.781598
89.756290
85.425785
93.711533
103.516377
98.866108
89.105140
88.524177
107.152998
107.752081
118.791823
111.981640
95.974307
101.853604
101.590544
95.344432
89.172645
92.954858
88.641209
92.352062
94.283369
93.412238
85.816568
90.518690
94.377241
89.419187
90.644301
98.012557
93.757938
85.299000
86.589343
93.591097
102.748562
88.481972
92.268958
104.309798
93.251204
89.049113
102.620502
86.704467
86.680647
90.939019
99.155996
89.570085
97.921941
86.125507
98.429545
90.971061
95.096236
100.156559
100.204662
89.995047
85.316212
84.746018
96.482596
95.839663
98.755638
95.518046
105.136942
101.413033
101.281188
97.970206
99.757202
95.742143
94.501609
116.827331
98.990633
93.927434
95.110194
107.689990
106.703650
106.451068
93.039850
91.332494
104.341971
96.724451
99.745487
105.988742
91.385773
94.500147
91.299395
91.261388
97.287433
90.215146
90.157199
97.323971
89.478825
88.414550
104.654431
102.663772
89.655408
103.059667
104.739696
108.339076
108.463308
109.592347
104.562909
94.351029
87.148686
87.388312
87.481682
94.222333
100.651868
99.857795
98.660771
102.607761
102.168340
102.918760
103.951840
100.699448
92.053817
99.386761
90.957680
98.660651
97.863317
95.006058
91.226114
90.559611
90.066089
96.547332
96.826567
98.151383
102.263075
93.243733
126.531220
126.410158
127.748601
88.027640
92.217095
87.128427
100.933445
101.751734
95.735296
95.046448
103.197514
99.030833
98.537063
99.125368
94.383500
90.770272
95.159760
96.227974
95.668421
94.162312
81.867638
111.017065
109.419080
95.798210
95.657030
111.161159
83.110096
111.776743
109.571755
104.210261
105.221417
105.161469
106.762008
101.521881
93.121686
97.219519
100.969294
101.172046
108.302086
92.181624
102.994924
85.584258
86.179072
85.381325
99.061840
99.953062
85.439820
90.751138
103.697913
92.772139
89.687208
97.888227
94.285243
107.261545
99.966729
107.516083
97.736799
102.011134
122.082075
102.383517
97.574571
100.148127
104.692945
101.124259
84.528009
87.749924
90.246607
94.687976
81.816485
91.473278
93.458260
94.954300
95.080442
84.711377
94.115422
85.065125
95.815709
103.257373
101.421463
116.164426
100.338131
100.465253
93.603529
101.244377
96.903246
85.803350
89.640208
96.726311
97.185334
90.038772
91.358565
100.380098
93.353676
92.066972
101.361805
88.390517
90.395585
89.739831
86.171612
98.582024
102.904239
94.334137
91.407822
107.050294
90.317376
92.196856
106.193300
91.099416
95.860656
100.218939
96.513379
100.698656
100.699884
99.730203
99.867173
104.129245
108.379261
103.483040
110.478142
104.926855
101.656838
107.688653
100.207152
92.984842
101.110585
90.835618
89.878347
96.474738
107.495414
109.120999
106.797483
100.548583
92.310401
95.050055
86.645704
94.470473
109.036047
90.954642
94.669004
98.341208
89.577703
89.176562
85.018783
121.483953
114.322935
113.436982
113.477914
90.818305
106.671305
92.687601
107.569996
118.197953
119.698278
121.363849
118.323057
120.019919
121.154811
103.929071
104.082533
95.618924
96.100015
104.455035
96.351672
109.388043
112.646194
109.041586
114.138953
115.749824
112.067794
106.469208
110.880142
96.430688
103.651010
103.474654
104.520457
103.699365
111.116445
115.470749
111.130558
125.732627
118.778348
114.779187
117.542880
99.758379
94.642515
83.576833
102.532199
104.207291
97.002133
101.266039
90.293370
99.750857
104.536951
94.864769
94.302105
103.142153
85.732839
101.245760
127.133588
126.896222
130.292172
124.924224
124.990684
126.838607
122.339929
126.809469
131.035416
131.641136
130.794855
129.189845
128.529615
95.866649
93.091348
100.968186
99.333375
103.984659
106.752489
106.528758
109.610986
85.466492
93.009144
89.677716
90.865319
102.616003
81.306642
93.590851
88.688885
85.196273
99.847807
83.641568
82.338549
96.834324
95.430073
85.017582
91.442464
102.249253
95.610758
87.163980
87.068876
85.295457
90.857773
90.228346
87.088560
90.202251
91.346698
96.843180
91.087003
87.820784
94.097908
94.582670
90.823685
89.582008
93.033735
98.296431
92.777862
88.728874
92.804166
92.841379
97.187037
89.248861
87.248700
86.102338
93.945741
103.624876
99.049484
103.268612
93.299652
100.088611
95.804064
84.781900
94.061129
81.158150
108.298030
95.615692
91.117269
100.254583
104.118149
98.036626
85.903020
107.373404
105.101820
104.893931
96.009853
103.210603
105.805752
93.961675
104.357608
102.533288
94.228494
86.319269
101.767691
96.297205
100.252933
91.063798
90.667030
95.123941
94.743525
94.392704
93.843094
94.921221
89.593027
90.027828
89.529478
98.099868
101.928604
96.942684
94.236842
99.068128
85.960861
85.385761
97.453234
92.032228
101.122271
95.819917
145.492093
89.459298
89.394231
100.761402
103.388905
103.453695
85.416013
94.132690
94.530660
97.748151
93.608612
94.341355
89.052698
85.486420
89.050464
99.158370
94.199302
95.759458
89.917864
90.784084
90.573331
98.383435
93.678211
94.170892
104.076720
93.969161
90.089970
89.671700
98.408720
99.831828
91.633673
96.290155
90.969431
91.426501
90.178923
90.255724
86.108500
98.274286
86.606422
87.982372
102.993711
87.336891
117.310583
117.407410
106.100227
101.508908
122.210444
116.759573
125.817512
117.643353
102.806819
103.784978
98.136483
103.134978
95.365313
81.009091
99.073769
80.994102
120.629707
122.617866
90.190120
89.789716
98.514796
100.415332
101.037319
120.113502
100.870839
104.990638
105.588643
91.920252
91.718407
96.635771
88.537692
102.377991
101.604140
94.715942
94.151670
94.667949
90.834781
94.217565
97.942344
90.241979
94.654279
90.845394
93.782316
104.057552
93.525516
97.658001
94.645304
93.608545
94.079562
86.059999
98.400597
91.388841
99.837830
98.020509
85.217864
102.456633
84.607776
97.320374
92.077183
94.455453
93.934150
91.380049
98.636404
90.604757
89.107231
100.252158
95.593402
91.171380
99.436769
93.612222
98.148186
90.010206
82.803011
85.657471
96.760541
88.234905
84.734570
93.495948
82.054794
88.830733
97.598743
92.111185
92.127084
85.716661
84.697779
86.741840
90.973072
89.759796
101.570177
118.390656
112.584491
117.900027
112.533953
82.772344
99.952424
91.366704
86.148078
86.850693
95.631684
96.733909
92.894603
97.117150
92.201216
92.225013
90.297744
91.034676
99.039152
86.930655
90.169041
95.917162
100.425189
96.297573
102.450554
95.012035
95.498055
81.997150
121.523788
107.353843
104.928728
110.631485
113.972165
102.341994
110.242983
108.579599
108.608895
93.269684
93.896548
99.569509
100.739857
96.768046
96.253541
96.977052
106.265684
104.710957
97.099939
107.442630
100.583987
95.849383
91.630355
92.848907
104.856493
106.673071
106.832919
107.437205
99.075514
94.021628
86.179642
95.125389
95.138167
96.944823
93.968509
99.631850
98.589606
99.686026
86.120603
86.637991
96.235663
102.267649
96.337094
99.684710
112.056037
107.673831
94.798006
94.297019
94.780287
102.442651
89.010518
133.594774
85.853154
85.887791
97.488553
98.689003
88.887881
99.269325
90.569951
83.651888
89.987530
82.932491
82.237759
90.255196
95.367741
82.301124
100.257213
85.890913
94.270568
96.046338
96.228927
103.315104
94.407225
82.075992
86.159897
86.185312
91.527303
87.318549
92.200248
91.978229
93.062959
99.983855
100.303189
91.885141
98.962891
81.074825
107.620507
91.232546
95.377824
97.507633
94.498886
99.188886
86.535817
90.014609
87.317208
95.508240
84.449979
88.004198
95.000575
87.337490
89.381508
95.924950
101.974708
93.193882
91.915432
100.334562
95.113003
98.946441
96.697960
98.011678
98.957791
102.584282
103.257264
101.698039
104.661239
98.965062
88.437768
88.449846
87.798636
92.178836
109.103266
89.573621
90.211644
90.265276
103.054360
101.633402
97.433155
102.547782
94.727850
94.746642
100.566068
91.992965
94.432271
95.700318
91.448928
90.333068
92.691087
99.434926
103.893006
105.291288
99.405751
102.298645
107.618527
106.115622
93.916606
93.281221
103.335201
99.025069
101.798404
89.094286
94.168942
101.908379
96.895401
94.103447
101.644892
90.707936
90.758857
95.483029
98.822487
103.054864
98.745786
89.104587
95.391223
86.065809
101.584266
91.035916
91.057632
96.928967
98.946516
92.748932
101.954031
96.545427
92.771233
87.987162
83.240754
94.877541
95.499108
87.379992
87.483420
95.475575
91.338727
84.394910
83.823646
94.305909
99.872658
96.064666
83.239757
98.131352
103.110537
106.682526
91.337713
96.771578
99.699340
110.276403
93.948749
90.807607
93.875666
101.153633
90.299418
94.079581
97.270511
99.139204
89.498854
98.998949
100.256159
105.618001
100.289620
100.869447
105.831984
100.828089
100.945904
103.878729
115.323373
115.185694
94.899581
101.078974
109.375490
106.419703
100.922455
108.506812
100.349862
103.930311
104.387068
100.321777
102.654366
96.759592
109.381988
122.974744
120.168979
99.664875
105.045776
96.952868
95.676948
105.726493
95.751527
106.445146
105.720548
109.801161
107.473336
107.469030
108.858745
114.122998
97.809378
89.615534
103.165419
89.617950
95.128259
104.101003
97.891261
97.735454
93.419433
89.585705
103.264093
91.225971
103.228607
88.822146
89.430455
93.036171
93.744156
88.916561
98.168231
94.926214
97.159893
93.651276
85.864410
86.591637
89.635440
98.481244
94.481159
89.042588
93.238341
97.251412
93.918567
107.548420
97.785476
99.050180
90.318988
104.799744
90.322543
94.571580
103.138802
94.324644
100.786256
93.822301
88.413372
98.165478
96.502382
94.764968
97.356870
95.485841
96.680071
96.184386
91.648727
96.600172
99.452160
98.644797
99.180571
94.626578
96.244077
95.225978
107.644281
98.584652
105.974173
81.940277
85.505932
94.895077
81.966917
114.060297
100.790838
120.230888
90.218381
90.279882
107.753255
99.103585
94.954989
88.020922
104.297311
98.877715
92.247226
86.428952
97.286831
89.664899
90.270303
101.829276
102.689150
89.595648
101.353401
98.183142
95.599726
104.678002
99.845098
95.542344
90.644344
95.495850
102.348402
97.073202
89.923342
89.821168
81.140019
90.395506
95.219756
105.291104
105.969792
85.409518
89.667825
97.726738
102.792258
85.436131
85.433260
93.766346
96.958144
89.604576
89.710586
91.453902
97.621066
91.352052
98.437720
85.434502
85.434110
97.568063
94.250071
93.865513
94.227583
89.061014
84.658521
89.901674
81.223608
94.200046
87.144772
86.587418
84.848119
92.879613
107.522954
108.827378
110.456701
95.797837
94.736819
99.729279
103.385448
103.446308
105.243633
103.633017
95.488363
96.710727
95.256472
85.644552
81.481969
89.893321
86.038085
90.028323
84.330193
100.437205
99.129669
89.166341
92.959638
84.554090
100.076339
85.167391
84.439889
86.133855
89.668077
97.767370
97.938870
92.915067
92.870346
85.770375
92.833944
88.860591
92.773676
88.937583
99.993102
93.392287
93.346197
94.057387
86.608970
89.576205
97.204701
85.421747
98.212426
81.116595
81.756371
92.213555
87.844448
96.783025
91.500883
87.179263
91.406891
85.419916
85.368809
116.605882
104.532720
103.624969
111.305886
116.504450
103.290008
90.822575
94.910582
91.379853
103.417374
91.176815
95.800910
92.255882
99.319948
92.249837
112.243216
122.014754
103.392916
104.527598
103.342848
92.247385
92.292484
100.801278
88.647929
90.412729
84.555700
81.241215
77.822692
95.517848
105.304864
99.200441
123.120300
92.140866
107.404498
92.165507
105.170827
107.466091
105.298344
117.731315
103.286024
94.798553
90.044981
100.006690
95.533194
90.525171
90.438718
93.565204
95.538407
98.615514
99.751811
107.440813
91.480953
109.411912
91.117705
91.838050
91.266254
95.876732
92.199711
96.000801
87.716329
129.833711
86.045953
88.474829
93.672723
86.592763
93.533243
92.847060
102.983523
103.724226
103.270467
103.794011
104.003980
98.013524
100.425717
90.189395
95.898470
94.614450
104.129362
107.546184
109.262334
103.041757
105.270340
104.645934
91.408154
90.795804
102.910661
109.680260
90.515419
95.759353
95.672528
98.734417
103.031462
111.448357
103.648921
107.413867
100.861514
95.155333
95.876499
94.657291
100.958151
101.884477
85.951783
98.360682
94.784317
99.101053
89.155072
85.449241
90.627748
90.083395
81.315860
84.609894
85.701499
93.990159
95.120555
93.939415
89.650185
94.544493
103.112579
98.167483
99.314781
93.825747
88.558819
88.539919
99.105401
93.160824
102.560187
95.289104
105.645779
94.964491
106.255873
95.134496
99.117114
96.843772
89.228327
106.897140
106.139101
100.986653
94.521944
94.560782
100.200214
94.441109
85.991194
93.503698
95.101750
97.821139
90.051077
90.694735
97.794404
101.968409
100.279852
100.865190
93.382943
90.054107
85.959447
90.097535
91.425502
89.390854
111.815544
95.210000
97.802074
90.413887
93.309730
85.223319
86.479966
95.469425
98.502908
93.155124
98.393301
98.447993
101.836202
95.337204
105.082880
106.151625
99.666319
97.301681
89.258026
90.429009
102.716865
100.735209
102.898091
91.332587
90.350795
104.214662
94.916412
104.799923
86.133027
100.986593
97.411404
99.105320
108.411560
102.948898
90.802537
107.488613
98.436560
102.632140
91.348090
87.100869
93.894082
81.190650
98.501319
99.955463
101.972274
85.495971
90.254824
94.773910
98.179983
94.704290
95.786108
105.468763
95.177890
104.494825
90.989572
90.384481
101.092927
99.658177
98.050723
101.770273
98.510049
101.250026
101.889017
99.954304
95.504340
97.111423
98.698196
98.635661
89.006661
90.777698
103.262956
90.389306
91.569869
105.026938
125.625816
122.771024
118.023521
104.256495
96.595972
96.467151
115.700058
101.105000
99.826931
92.862895
86.589401
93.549015
81.882380
86.167556
104.205919
118.991919
123.218349
95.826777
101.744507
99.478567
100.631734
109.104935
109.163856
109.298075
104.849356
108.581086
100.081488
96.679629
92.117395
88.959273
89.669188
91.422723
95.105700
96.353593
99.764604
93.922739
124.127473
94.544342
99.126047
90.118796
90.093226
98.762563
98.940797
156.361464
91.527728
86.240560
87.872414
96.789901
92.197274
91.831421
96.745066
89.751275
93.968692
104.483911
116.624665
107.440748
91.484880
92.125418
134.255018
106.727723
100.350235
85.297947
96.443304
90.330733
91.568697
95.454578
96.248925
103.613522
96.550547
95.340105
107.886495
89.954853
107.856538
106.837551
98.153404
92.818655
91.599753
91.044052
96.473532
90.329356
91.510847
87.396091
105.910253
93.980483
96.018524
102.845762
91.939274
101.505241
85.761700
84.999019
94.581353
88.932827
91.565727
100.407547
91.565449
99.711967
90.049536
99.771761
98.970878
88.230753
88.772101
112.435623
