53.625023
50.181828
53.645568
63.556860
59.946354
57.984427
57.833853
60.192540
61.210421
60.472437
60.601303
68.961296
60.722726
68.820022
61.319334
67.290342
67.245651
67.290886
53.393785
62.940128
67.380595
67.421941
68.739049
64.280753
57.868677
61.020925
61.670620
57.175164
53.394799
53.840548
60.523790
57.341239
57.250419
60.595754
62.787176
67.229302
67.838741
64.521705
57.387283
62.446647
62.653863
60.245477
63.313137
60.417826
67.149627
53.327370
65.228948
64.673892
63.521043
70.186792
54.077447
57.503675
64.843759
57.988482
65.396878
58.055167
64.716126
56.981860
65.477067
73.862314
64.672033
67.790104
64.728753
65.535054
65.929580
58.232072
61.216841
62.214360
72.924482
75.033966
81.023474
63.673037
60.420695
63.644780
68.601939
53.614310
68.751649
53.083351
64.412006
58.648161
53.082323
60.396655
68.415928
64.997052
69.035766
57.691833
61.803908
73.887533
70.203535
70.769241
67.218690
64.986094
58.643656
65.010895
60.869733
54.069047
64.309701
62.089275
56.910555
66.226194
49.165857
70.608121
66.540554
62.244968
71.454152
68.005302
72.130644
71.454150
69.317450
71.562718
61.350925
65.087106
60.301472
69.716960
61.346997
58.062463
57.916680
56.441517
55.158286
63.696868
60.664545
60.036036
53.857923
57.642587
79.687332
73.505344
67.056487
59.135552
62.315060
65.120970
53.322543
65.601650
63.848732
61.414939
65.620743
64.435040
57.472945
61.880020
65.123005
52.973993
53.920296
58.066398
59.558734
53.407516
63.981279
60.960848
53.832377
54.295515
59.702091
65.940598
62.270406
73.771495
56.987962
57.905871
69.168318
63.835137
57.440432
60.549302
61.109212
58.010122
64.937368
58.033874
61.279755
53.255937
66.786713
58.165859
56.694418
56.719298
57.749967
57.717832
59.377117
58.176377
60.248509
60.936086
60.735438
54.173439
59.771903
57.178876
58.160352
57.766339
57.208671
58.604411
60.821699
59.938100
56.483801
62.148052
57.570573
56.955298
56.623540
53.481524
60.586081
56.042466
60.114892
52.629887
49.641055
64.114769
50.117560
60.505021
67.080097
69.801496
69.754163
65.799138
61.710492
64.905184
65.138858
61.215792
59.832192
60.742976
50.791448
60.577967
46.750077
72.987530
56.180787
64.751447
64.498005
68.748586
66.821717
68.731611
66.806099
53.472710
63.738177
68.967575
68.172570
54.273625
68.299058
75.301418
66.395534
68.357781
72.194517
72.775923
67.473060
61.933913
65.572735
59.587278
61.007970
67.784706
69.503397
63.210623
65.125065
57.579584
56.969261
69.192986
70.607731
67.921677
67.917828
72.499529
71.173677
76.732318
76.669364
71.476335
67.336220
68.664985
73.614922
78.381462
67.942248
65.459795
53.821275
68.101897
65.307666
69.222540
63.552589
65.200654
83.202493
83.133924
80.230804
81.017355
81.906446
76.013693
77.579408
79.383787
79.129128
81.395114
81.060501
77.173298
73.084444
64.585082
67.844241
67.219720
71.291172
65.005338
63.255191
64.566830
50.083045
60.938769
59.787461
60.381519
61.026032
58.859056
59.628243
52.915332
64.722805
56.049904
57.104868
57.755860
50.999855
60.772690
60.759321
56.912454
56.904218
57.831212
53.849174
73.694656
69.982864
58.250875
59.195781
62.916512
53.469489
66.205571
53.825306
53.892003
66.782600
64.837447
63.859047
59.120037
63.563328
56.748719
57.364571
56.534409
53.853480
60.489705
58.393774
53.248948
59.480677
55.883099
55.199250
56.034776
74.645777
72.169032
74.943821
76.825223
77.903841
92.252699
61.323049
60.360341
56.884832
57.877200
76.836672
59.819062
53.448041
59.301465
56.406047
65.997327
59.217809
56.157195
56.911122
59.346533
59.703098
62.793048
57.088195
72.124410
56.330411
56.840535
64.364993
63.850264
60.046685
61.708207
63.287587
62.314944
66.005742
63.506891
65.494867
63.428852
59.240426
63.160726
60.418831
60.280435
63.285116
56.327338
60.196888
62.893464
58.737670
64.018127
60.160986
59.138663
55.156148
53.548526
57.022799
59.777693
61.408156
75.164936
69.472389
65.630028
71.454152
75.090955
72.350524
63.791312
55.892070
55.827065
56.651767
57.147069
52.642074
53.326109
61.572957
53.332993
60.040345
53.565596
50.509747
57.778627
56.539662
52.583962
56.539682
59.578811
56.021419
56.081393
57.240419
50.558203
56.576693
56.707806
53.514211
64.511770
64.452748
64.611565
64.554065
63.139053
61.012272
101.440676
76.501009
84.851305
73.588057
63.018025
63.005345
61.003198
76.842248
74.856397
67.804441
58.571982
56.360719
60.951192
57.206630
57.702314
59.541025
57.328545
56.506238
60.026191
56.806376
77.661606
62.402955
