95.311049
94.019322
102.833555
102.797354
99.124235
97.720704
92.308480
100.026383
92.070763
109.401631
91.245811
103.450810
99.226954
86.389754
89.846042
121.118326
101.071905
100.880466
100.050156
82.947499
86.511002
100.831053
98.218859
99.718510
101.709868
104.716822
101.832642
96.407007
96.537518
95.194419
95.247037
96.533509
96.676747
97.468271
93.277920
98.731168
103.243768
102.347710
85.615830
89.238324
99.231396
89.032523
100.072911
82.199383
109.430488
104.392655
105.113764
127.921857
115.966293
105.660689
98.878003
98.200008
99.894527
121.485403
105.617331
105.810020
113.997989
95.901654
121.434150
103.114009
104.927195
104.252431
99.749028
96.984909
98.590044
108.421393
107.957110
119.620602
105.647843
111.011206
104.063985
100.683170
102.362814
105.898963
110.082328
100.061662
105.179384
99.389061
97.467839
103.866004
118.822628
103.223386
103.244158
102.753618
99.558343
103.673871
94.498783
103.184345
94.076571
95.205769
107.727485
111.063108
110.214934
117.520686
100.884808
116.537787
101.584347
98.791683
99.402070
112.370201
112.729263
98.324365
107.792504
98.254173
104.133152
102.423876
102.536187
96.346525
102.491674
111.118090
114.536792
108.765519
105.527980
93.597204
94.396064
99.338156
95.397382
99.480753
110.515902
111.680856
98.796578
103.096217
110.624237
112.912950
97.748593
98.350798
98.996603
104.340879
107.025580
106.967664
107.484123
105.172906
123.633624
106.645266
106.002802
105.415040
110.250726
110.028255
127.027342
108.766390
98.318745
93.876617
91.286312
110.373638
94.828473
103.451019
104.164489
111.093561
104.163507
108.587656
111.337172
99.270665
104.267563
98.737173
111.495506
108.581270
101.616124
97.298854
89.739950
91.048765
117.551703
100.243801
116.612233
101.641332
103.890691
108.436539
98.186208
105.522712
101.732947
101.419782
97.342601
111.106889
114.407745
99.934482
107.923526
112.975712
117.224851
101.352864
110.750784
105.685073
104.953631
101.223676
104.401772
122.604138
122.578209
126.080819
136.338764
129.026965
121.560288
103.545733
119.595653
119.134405
105.188086
102.929036
90.823569
96.408443
93.106697
93.142792
95.318463
92.444665
128.907336
127.079467
126.329921
129.033290
129.358989
130.218543
121.563519
121.609184
121.679739
128.054863
125.301671
124.789553
125.787932
128.292567
135.574711
125.288479
136.303185
112.851568
99.495261
104.909623
100.567987
126.984753
129.400177
135.650567
134.208985
104.516100
103.366360
117.762151
101.453697
112.192222
104.413291
106.108341
115.410336
120.999996
113.926814
98.945664
99.689248
108.627538
103.735712
113.714547
117.251727
117.903100
117.949079
112.149612
98.716930
98.533376
97.890246
97.744366
97.933440
101.526188
117.185217
98.343887
99.822148
108.431086
104.227721
108.638584
102.690120
99.442330
100.574836
110.714496
106.303582
105.189406
114.023380
113.987764
122.202623
95.043639
103.477081
96.950444
101.426797
97.667976
94.979022
103.848847
104.993939
95.193835
95.887382
115.028972
95.145006
98.734396
98.776374
94.869167
94.290360
103.486945
90.821657
103.554355
116.253184
121.936840
106.527219
105.280816
110.075621
100.229646
111.136373
107.385442
102.682693
97.277785
93.632894
104.025249
108.497877
106.443972
105.326991
104.191672
103.555348
117.012029
100.891740
104.334188
90.971472
112.517443
112.705912
100.595657
99.946193
100.627158
111.319262
108.630214
97.931707
97.294158
92.945925
112.183966
108.474919
93.701542
104.230814
105.055232
102.828894
122.855070
100.744296
112.896088
126.922304
128.363117
129.298565
121.630089
121.553924
125.306025
117.327383
116.496628
115.479504
106.511288
101.508273
99.126127
98.824610
102.667002
98.551253
101.538215
106.449796
107.104201
99.401369
98.866398
105.120407
106.346295
105.718500
105.865615
105.085444
112.090349
113.744126
123.707804
112.624180
113.787888
115.338943
114.731866
114.926846
108.536027
99.733458
101.344285
96.121348
108.544596
100.424140
104.246312
100.295302
117.452753
121.123480
114.212407
118.432377
114.208682
114.257385
105.890769
104.898662
107.905537
106.185503
114.798164
108.875609
116.887430
117.006200
98.685735
97.650824
93.318048
95.155807
112.981778
90.296007
102.203452
94.608550
88.985928
107.214111
99.840447
115.695386
108.518530
97.662244
103.555394
114.779677
100.012598
105.234608
116.758655
126.226978
110.692667
110.566092
93.837792
94.492749
103.422797
108.406619
100.165834
99.638711
116.848319
125.235423
110.441533
129.990266
109.197473
108.042093
96.865401
112.891749
133.039182
102.739050
94.989320
98.079760
98.256843
98.943825
107.262784
107.854624
98.215227
100.822227
98.807944
98.272743
98.775622
102.231937
97.552206
98.013823
93.305172
94.403042
95.371841
107.071791
108.972881
105.294585
100.806963
106.683960
109.934277
104.777319
109.428429
101.078154
109.259781
101.053198
105.246335
115.113255
114.690576
114.514995
114.858843
105.777533
107.489339
104.517699
112.981232
112.914012
108.649041
104.499231
113.454956
112.730395
105.122022
102.881377
121.142647
118.980287
120.516680
119.923920
111.904768
107.270991
112.140051
111.955056
124.194912
120.669098
114.626131
104.651492
110.164628
105.653238
108.956256
111.127095
108.025317
94.415643
94.638638
101.446199
112.016929
101.567813
102.131789
105.981230
103.410369
103.846274
103.257650
102.573053
103.282449
102.218660
102.192191
112.070202
102.326879
97.242618
101.602338
115.646313
110.516152
114.726540
117.027052
119.049430
111.570847
111.989133
111.465107
114.522579
113.136528
116.929602
100.588434
115.308708
103.319047
108.440982
107.383191
104.485504
100.157177
112.146214
112.580528
113.592514
99.074447
115.666044
113.634161
117.921945
115.314571
121.454369
106.214155
120.336444
115.831770
122.714328
120.112164
116.273729
115.159180
116.436406
109.742398
106.067545
109.597424
105.128115
108.852645
112.295660
103.412519
104.323804
117.905863
117.929795
103.355259
107.706374
109.356764
108.323034
105.633756
108.317923
108.412419
111.876946
100.960138
113.173443
113.134441
99.974659
109.054917
112.150242
109.894887
109.073952
116.679820
104.702147
105.968653
113.782300
113.094823
105.007884
110.168764
120.736819
122.240249
127.329862
120.771124
103.795755
112.066338
102.259253
98.761068
98.785722
108.509458
104.882609
94.692899
103.507934
94.705783
101.438934
100.721321
115.791746
100.776867
115.870910
127.024632
125.343866
121.339529
124.828713
110.481143
109.346414
115.483356
108.670626
102.879130
109.529803
118.472479
130.844700
110.285239
103.459090
90.481550
90.513438
100.094479
99.399830
103.327537
93.983813
124.426271
128.224980
121.232104
120.243482
124.482706
117.951527
122.711102
120.602652
110.263336
98.929534
94.850589
106.804947
103.088633
102.507599
121.345059
110.435730
98.854965
107.987681
101.595323
98.193292
97.326352
93.720120
93.832633
101.036816
117.301484
100.856468
101.699698
97.964636
98.051913
98.081345
107.947890
103.595284
97.682002
99.127053
100.937542
104.848367
109.727924
100.348758
109.191546
104.101669
101.320298
117.535660
113.388362
108.420684
103.329432
100.593970
116.954473
102.022159
102.172833
111.883461
112.492820
111.547782
108.331595
114.430432
107.957251
94.099959
95.472472
100.431382
100.272608
94.541091
94.564981
93.837454
103.551308
89.294230
93.340223
112.246836
98.038110
97.561155
92.570763
111.821909
90.185547
94.417973
106.441855
95.020366
107.700728
98.944718
107.278594
98.769081
110.963303
103.957392
103.211644
106.865797
107.198590
97.592262
107.361497
114.234934
103.725333
103.620369
109.847374
96.137070
97.471538
99.209790
98.688704
110.586743
112.963372
98.808266
98.902430
111.043099
114.400379
105.427751
94.646698
94.569992
93.983996
106.224109
107.632159
108.842758
99.701126
111.266648
98.739798
105.514039
105.891398
100.369750
108.552581
99.793584
99.730169
109.323970
112.925132
102.876748
108.054408
101.279741
108.630739
111.987730
108.555739
109.686000
109.079627
107.201052
102.405688
98.850069
107.114675
98.584620
103.142665
109.522960
113.782932
108.232977
100.726201
108.508692
100.267303
99.509084
113.974756
108.826857
110.834495
98.852156
102.610556
98.360137
103.096293
116.007183
102.735600
103.098607
111.447660
93.416305
101.421726
106.014426
114.477007
112.851082
112.654325
113.063843
112.389828
89.597775
107.809608
102.694117
90.610431
96.006704
105.204750
106.254904
99.889750
95.463566
110.380093
98.224001
98.253341
113.945359
97.565345
101.434799
101.493413
94.473980
98.766673
102.128295
99.295622
103.436251
99.237437
101.499210
110.808176
104.392948
104.411616
109.847080
98.609962
118.332360
113.478879
107.165808
117.349131
115.139197
107.155801
107.261203
114.397865
118.912662
119.576648
115.771364
107.008698
114.978643
137.099116
117.350977
123.052548
120.657982
127.556053
121.961129
125.422446
121.284004
120.899503
110.945851
112.220047
123.913478
113.428682
117.046939
112.908721
120.547121
119.010907
115.457771
119.316432
125.269905
126.381130
124.874203
123.173024
124.254827
119.870506
126.087131
134.305331
125.058519
119.846582
127.143794
127.042921
87.062876
99.813819
103.880443
107.177478
107.495334
104.558399
103.851087
115.987884
115.082443
132.409381
112.609305
104.433949
107.354302
116.690869
107.879994
106.482055
99.589627
98.906029
103.590137
108.747928
108.659521
99.397783
104.802837
104.244956
111.431414
111.381771
106.475269
105.830434
105.203894
103.324132
111.734935
127.550625
107.806363
111.155101
105.594174
99.524325
103.908697
104.933244
107.244560
103.905636
121.831453
105.550035
104.326763
105.603762
112.632578
111.718346
105.895693
120.816693
105.326287
109.202444
110.457031
115.051079
120.603298
117.382712
122.839261
124.565893
123.639948
122.826632
116.493098
117.524549
110.762044
132.796499
114.862831
130.842372
115.886784
107.277771
107.268611
113.837582
104.945500
117.842576
100.495396
100.140635
118.798553
109.316158
105.338457
109.199120
95.517374
108.356818
108.527444
124.808794
124.040464
117.386765
109.660232
111.126370
109.250841
108.671059
112.884669
117.192910
118.802021
118.016015
112.890459
112.784001
109.270580
109.288136
112.260593
128.055878
123.505729
111.432841
114.816021
113.912892
110.743529
119.836344
102.557007
118.751986
120.775186
116.844923
106.642055
111.819422
110.294987
101.464023
106.806692
106.225415
110.138923
110.520979
106.942118
113.072538
108.716079
105.077922
107.794522
106.916058
115.769187
101.231544
100.909606
116.676400
105.347456
109.583704
109.622403
99.455038
100.120164
92.737748
104.582754
110.131487
101.464160
104.774796
104.192270
106.736373
103.666404
105.052437
116.286552
114.558931
98.355290
95.780959
105.678524
104.462468
106.820485
106.757128
105.717581
99.840442
107.631197
116.696388
106.780291
106.917038
103.894609
100.331090
104.567882
99.759871
98.756303
106.536381
104.812567
100.174457
107.150692
100.660606
96.779634
94.525179
112.989457
107.973417
111.661328
102.596090
102.554274
112.219179
108.260290
121.088749
119.437812
120.108169
97.498765
105.678907
104.468061
102.755083
118.140778
122.562850
118.115927
104.170835
105.804181
110.753328
110.721600
104.490274
103.748737
105.763014
109.958163
117.894343
116.220632
116.906081
110.133603
103.647801
122.592661
118.776730
113.597972
104.660229
105.258527
109.096732
104.508917
112.566668
110.054149
111.743920
104.371988
112.854591
98.211219
99.096474
108.667346
107.712956
99.127862
100.347713
99.073886
99.028285
113.590568
113.627848
107.556191
100.256209
104.652120
105.006866
105.000155
110.970867
112.107957
108.169404
113.958258
112.288825
104.215303
108.178287
106.386750
99.621858
110.892222
98.904402
102.869967
102.522547
102.642141
106.214352
120.662691
119.680048
109.714497
109.389851
118.576367
120.621564
103.817626
120.538563
131.137219
144.259268
98.742113
98.067861
93.441865
109.308706
98.270024
105.602237
106.241238
103.050492
103.755145
103.103890
105.934028
94.068347
97.693650
107.722253
94.041528
106.639080
98.389349
103.066565
103.066541
103.736307
103.531952
104.227015
100.027297
101.812369
107.309547
108.048379
100.195220
95.999935
104.757438
112.412600
109.390018
104.508068
105.137643
102.739264
117.102096
94.058921
109.335448
98.977192
106.960329
103.877291
99.435379
103.813862
117.989471
103.341933
107.874375
99.632718
107.351604
103.960625
105.037240
100.264147
104.016892
103.310159
98.948479
112.357707
109.629173
105.987306
109.427259
116.738154
110.902233
107.229416
111.480585
102.952430
113.623245
112.721640
105.911272
114.356604
102.129481
112.113085
117.418143
117.063177
115.482415
111.770632
117.324190
112.830836
108.288249
115.546240
111.225788
106.930964
110.805810
113.688394
113.578358
112.683929
103.645937
98.227772
97.475040
98.780214
101.477830
102.162041
96.625466
93.259820
99.002804
112.158788
112.188628
111.225611
97.732037
104.931782
105.254920
99.805676
102.939571
97.360372
98.146220
115.177948
105.189091
105.314276
107.502520
95.877506
93.265696
93.230418
109.193408
107.664648
103.630966
93.987101
99.893840
89.711451
106.248707
95.307669
105.188959
121.243940
118.532923
103.598777
107.976586
94.215450
90.649009
90.648650
99.405379
97.489034
108.662304
104.134613
113.808224
106.257528
112.002259
102.058676
96.654816
94.744915
94.797555
101.636227
99.866899
96.511193
100.716806
101.797075
89.200662
125.172593
117.670577
119.926749
116.885068
117.400002
114.497629
109.050801
117.357469
115.446492
117.358591
116.505590
118.803997
120.270500
104.811724
104.985464
113.270414
113.185625
121.680910
121.571216
117.550216
114.163865
94.602304
94.654391
100.378511
103.663817
89.014176
104.278694
104.466887
103.522742
102.637656
132.571001
114.947204
100.222408
110.131682
104.138970
121.504122
95.404355
107.285501
90.390592
108.464613
106.361664
107.520470
97.939661
94.626183
105.872617
108.579081
95.332325
95.358281
102.674306
94.729198
106.799734
111.701655
109.535642
104.426016
103.144806
112.808127
98.919345
103.843006
104.343843
103.688901
112.334004
95.228679
95.985546
100.591695
103.073740
101.959967
126.191922
99.950813
105.814976
114.910532
109.969283
105.120328
105.277576
110.146929
113.894270
111.854891
120.522213
114.795515
107.964557
109.180511
109.062787
104.667441
109.105741
104.550508
118.017955
118.066038
111.519595
103.301784
105.059486
103.664377
100.011795
99.050828
117.558020
104.958897
107.285775
104.723647
113.079533
112.104251
108.386620
113.644886
99.096746
107.215249
113.585017
103.580491
100.255368
116.429953
105.064324
107.612318
113.184309
104.030631
111.043783
119.034605
119.452952
109.846620
126.803856
125.888641
120.326184
117.196948
117.421317
115.520430
121.044531
120.744118
119.753274
115.241756
115.510642
118.615553
104.945121
104.969991
104.483513
102.971595
106.004683
114.527511
106.758152
109.185707
111.069650
119.808777
121.960466
117.102199
104.031546
122.306624
104.077698
121.393169
108.511086
109.973309
125.771267
112.365283
104.717337
107.622780
109.004666
118.200041
122.765907
105.948644
120.811576
108.666627
111.929543
113.742512
123.125210
117.652584
121.085266
106.825331
117.058274
111.604114
109.470508
111.013304
122.024918
109.491444
114.480978
112.174434
113.922933
114.872777
96.018774
105.019458
101.596609
122.694915
87.057827
105.125098
90.647485
105.616152
106.807827
106.091937
102.477801
103.292153
98.598776
97.925103
101.460817
104.105245
104.748591
104.462588
100.786289
106.720562
104.928067
105.903118
121.674399
96.787096
120.410004
109.134194
109.468024
101.766846
139.560336
128.768691
121.367569
120.672926
133.003776
130.425411
124.125481
121.426798
121.369686
102.533113
102.509890
109.521577
122.434385
131.345733
133.042441
121.752314
104.936259
104.886665
125.892826
115.603841
104.213380
112.780800
120.447338
114.448817
117.254532
112.235686
111.236796
112.890323
111.869610
113.834197
101.642372
112.097511
102.283798
112.112320
102.929755
118.738015
105.436138
104.053284
105.062095
107.670992
111.089193
112.590025
114.304251
108.460884
110.141935
101.252391
105.566169
121.764909
104.234253
105.969619
109.518978
108.481552
105.959763
112.437158
112.657908
117.345660
118.328735
112.607782
112.558105
117.170411
115.533279
115.851818
111.344254
118.485611
119.072735
117.563521
117.467144
119.832643
127.906863
128.525836
112.962106
120.166353
119.305815
120.903028
127.342677
95.718442
103.151454
95.777783
102.656101
97.449991
94.625265
90.203840
94.482835
108.344900
100.722914
116.467763
99.582161
112.945509
115.471340
99.123005
99.758541
100.861790
100.009152
99.724086
102.731776
122.444450
110.367429
106.810906
98.791057
99.422070
107.022857
94.850765
110.343047
110.740179
106.716293
103.773793
103.622155
103.347248
107.424402
107.108921
115.045512
117.941156
111.051581
114.496296
114.339949
117.882532
99.630146
103.970642
123.835160
111.743807
109.047348
105.342633
101.849085
106.817258
94.644985
106.793210
109.529105
111.695983
103.796894
104.328235
104.295664
107.028802
115.445230
110.163515
119.500189
111.213808
113.564048
113.069930
123.955724
103.302808
103.200604
103.196240
102.231609
117.795926
102.194587
117.197984
118.259954
99.038696
109.752323
119.641312
119.590331
97.514259
106.236389
111.944298
111.063633
115.989672
112.687537
112.682143
116.189186
114.535898
116.121966
110.873228
127.295212
124.649942
107.427336
126.515940
110.153657
116.057632
115.502419
111.327111
115.451029
110.105654
110.077419
114.252729
113.989537
113.944605
113.931513
109.660088
123.088359
106.183005
122.522241
106.298427
106.703219
104.721569
97.780886
97.711959
121.475214
105.967997
112.419656
109.745318
122.909833
120.221964
116.712596
118.703278
125.797431
119.740693
124.172851
125.336888
126.019437
103.987407
108.156729
105.040799
107.573707
104.622901
110.174892
111.110053
105.909634
100.713455
112.860583
114.421199
109.339118
109.569143
103.009549
104.268164
111.990363
102.611249
107.448775
118.223264
116.577236
118.220357
126.343323
121.916969
109.693271
118.141147
118.762954
117.068583
118.041954
107.782327
107.773647
114.569216
100.406401
110.005327
104.948217
109.174514
100.931964
102.529716
101.923186
104.187844
100.052536
117.140764
120.799698
110.386867
108.553861
107.990587
112.957892
113.026548
106.911032
103.985757
106.243441
104.273408
108.624082
100.491291
104.217498
104.277434
113.845152
95.342673
94.124211
102.274455
102.788003
94.020694
102.360111
95.248002
98.898854
97.531288
102.268251
110.975302
113.380615
118.069158
105.663080
104.456339
105.176185
105.765399
114.444382
110.017752
109.018093
122.404248
119.652613
116.475882
116.413950
115.669088
114.772645
115.463399
123.477548
119.309930
118.666606
114.596516
108.595172
104.055066
109.269382
101.971691
94.037523
95.511997
104.261480
117.991609
118.601340
118.008711
92.504135
93.904144
102.810889
93.159454
99.625223
109.351463
104.500096
96.878498
100.118324
104.731247
110.237752
105.275567
100.846821
103.458975
113.042623
112.927115
107.990819
105.765938
105.243974
108.504107
112.109322
114.767219
116.155308
113.801999
104.053365
103.396715
108.870598
113.158804
117.317636
116.300820
105.415736
115.741789
112.551834
116.761839
116.784733
106.091274
115.758637
118.043246
117.052913
117.554254
116.533194
104.267194
100.580027
100.891786
112.760168
106.931572
118.151120
98.908068
110.119127
103.627336
112.204083
105.356572
114.517623
116.219049
119.264402
116.890720
119.299698
98.311746
98.234173
106.910932
111.230329
90.880477
104.169723
103.494712
121.474293
113.987026
109.749870
101.567229
103.883238
105.719368
100.811711
95.033318
98.705122
102.167564
97.061798
93.638157
93.662906
103.251064
106.730633
101.406878
105.628719
121.628816
121.629575
103.786151
99.767197
104.504559
104.528989
104.578089
105.182894
105.722930
90.975349
107.869121
95.225839
94.545244
103.334833
95.600152
94.352007
109.912635
109.690190
98.089915
104.705809
93.817550
99.437639
113.806481
99.405050
102.166883
97.927904
142.693919
97.612196
106.323823
102.257560
109.751266
115.164174
112.341043
116.170321
105.235197
117.015515
119.034968
118.969261
95.396975
108.564352
114.436471
96.707086
111.530346
97.591309
102.473193
106.816197
115.998617
94.263748
103.409699
100.710393
100.118781
103.755625
114.148046
100.874476
98.159223
94.414792
95.620619
113.697452
126.692834
107.654917
99.665687
105.543180
105.971597
136.250898
133.314221
98.327118
108.532729
100.099894
103.387581
107.937621
93.191446
94.452626
120.996017
104.819866
104.507631
104.014559
109.758830
104.817470
108.562609
110.507802
101.591060
100.338926
95.440711
103.387635
104.176935
109.803014
110.720169
103.818171
109.981882
99.379246
99.472939
101.319133
108.413071
108.313863
95.381739
102.726960
102.211061
93.185361
93.211150
94.872965
107.716563
103.917990
104.203310
100.462945
109.885588
106.339154
106.993754
104.845930
109.108933
100.201254
115.937085
115.953384
99.482300
101.382216
95.917570
108.352573
99.096546
109.367168
99.050498
105.899990
115.019360
105.269666
102.497222
103.875849
99.518022
98.300093
103.544671
102.487184
103.133660
106.744651
98.140078
108.283544
100.404481
100.254155
109.438889
104.023069
100.938038
114.382250
94.555489
94.089771
93.930825
104.244835
93.784079
97.649881
93.897076
97.488577
104.027095
102.490614
107.912310
93.710898
97.740199
101.492105
96.306658
93.092804
94.550901
93.844072
93.858228
99.201559
97.926528
101.848607
100.727233
97.483399
102.553152
91.067146
105.116875
109.257456
108.855781
114.316944
115.642429
106.891317
106.544968
113.407076
107.586322
106.981732
106.753503
106.759284
109.288006
100.934579
100.207448
101.170139
106.101063
109.256881
101.704832
101.023775
101.564364
104.959416
106.541970
105.075118
100.541470
99.060206
100.026855
99.541530
94.896411
107.934766
99.633287
95.566340
104.269870
108.593786
100.981724
97.325574
111.883494
110.666104
117.538379
105.494865
100.356591
101.516725
86.853829
117.305799
90.499266
90.365067
102.948849
104.997654
100.517173
93.720279
97.230217
104.888109
121.284259
120.066421
120.138742
120.276753
122.670140
121.274087
99.052552
98.919707
107.625089
110.546308
106.706671
115.789101
117.002805
115.793741
113.956859
99.771180
104.668704
112.002027
100.033224
109.992722
115.748238
105.140477
110.286171
97.757603
107.867629
114.192571
99.056102
99.037736
113.574841
100.871517
112.553112
101.258699
101.939795
101.863532
107.310780
110.064386
105.777304
108.981098
113.648149
108.385341
100.094352
94.115279
103.201903
99.218304
99.887689
88.719530
107.086680
95.092982
96.256140
94.483434
100.888571
101.810386
105.163535
106.832765
99.960501
95.801655
99.939173
107.895233
107.840427
113.050358
107.600802
107.925238
98.165712
93.831592
95.338932
106.107834
102.625364
116.551709
104.003342
114.545930
111.292918
102.964023
102.272941
97.817204
113.675588
108.509541
116.206731
111.582706
120.682263
99.937042
98.205401
93.956734
109.099149
108.842616
109.293027
112.728627
105.068940
108.579229
94.668760
94.106853
100.244993
94.669291
100.258215
97.221399
105.511045
94.523072
95.145297
107.522338
93.931039
104.544374
105.061082
101.634189
95.787480
101.840395
106.439599
104.514237
98.860989
99.588093
95.005339
95.958178
97.697317
103.483445
102.889673
95.005211
113.429175
112.705883
108.422725
103.662656
90.622553
90.649756
108.563162
94.069088
99.241352
94.825047
95.404104
102.941883
102.913446
98.880378
98.716079
112.194499
98.091431
100.734426
99.435171
109.309173
107.848715
94.808354
103.358396
101.483597
93.009685
94.355310
102.126659
93.709440
92.573691
90.532221
94.314813
96.085486
85.507275
100.521152
96.561345
95.083576
114.652652
127.840392
113.803464
107.342687
108.503394
99.032266
104.196528
112.091317
99.611190
88.992921
90.397945
104.148744
107.908120
115.383487
114.657777
107.545559
112.063144
111.195666
112.042417
107.810418
111.525438
103.251354
107.407309
104.301543
99.137539
112.155830
99.162029
121.829261
106.937950
103.740531
108.267201
103.349482
99.088662
99.112519
117.669858
102.833738
109.191046
104.864193
115.488164
110.463679
114.016023
118.131520
110.344153
109.070368
118.932736
110.286538
111.061897
121.032323
130.685113
132.542122
125.880459
125.783989
104.210420
104.233075
98.614988
99.678645
107.580581
117.390596
103.562014
98.218293
98.854363
98.172020
107.178090
108.648263
101.900723
102.664728
101.524652
91.110220
98.047767
106.794356
106.941770
106.851593
109.178985
106.985541
100.645352
126.369793
95.552678
91.270186
94.884476
94.214080
104.367045
100.965849
105.790273
109.989289
111.207191
98.137529
108.332894
112.062346
109.439769
113.782087
112.688561
109.190744
109.829652
99.029475
106.275575
99.611808
113.541474
115.070426
105.653234
108.859033
110.634816
116.761142
106.122019
108.369042
105.910111
117.836348
113.016936
117.999908
109.549308
106.184819
109.598832
114.383965
115.482374
106.784836
108.325546
114.372833
103.959345
100.546508
116.816934
88.843404
100.758959
108.128278
101.134030
113.074997
108.190743
108.304141
112.600078
100.961192
113.036219
99.938100
102.879970
107.050088
105.706270
109.221145
108.975163
105.958663
108.353878
119.128912
116.811525
93.952457
124.849898
113.484775
118.493396
108.045927
105.249910
109.326801
100.952627
100.303320
100.270997
115.237352
109.426104
113.559024
113.842019
108.949080
107.869967
117.839271
120.094973
117.758659
108.538232
91.260755
93.292794
93.136816
89.846323
100.041099
91.286057
127.877262
114.756086
121.353759
125.644930
119.081482
121.344102
123.770746
119.329636
119.128325
85.597592
100.019344
83.693313
114.702998
101.712125
96.662617
111.306434
112.255701
100.007197
122.464153
126.736924
111.982808
112.511408
119.790143
119.816117
119.637529
115.079389
115.541307
116.282673
133.765594
130.542842
102.441342
104.921278
94.644314
98.589704
98.530125
97.168924
103.638892
111.425895
107.359877
107.931962
103.577959
94.373683
94.514807
93.903091
104.421622
104.471056
111.602031
119.367692
131.317590
134.537463
130.227722
116.962734
119.802908
134.903433
126.397470
124.033736
123.895051
123.813696
128.880466
130.201227
131.996609
128.791507
131.773623
130.588271
102.192022
101.502804
117.013714
102.106678
99.648597
104.227216
118.063698
116.265839
104.276587
119.418681
100.406512
99.787083
112.234300
112.320903
111.805736
115.391926
99.522210
103.364459
111.762847
105.986746
106.691961
104.913870
105.908813
98.874925
112.917219
109.175167
114.291762
105.707347
99.804538
97.564704
99.634039
95.665574
107.931029
96.493668
89.724317
93.874588
95.102448
108.166440
88.814160
88.922419
104.164624
95.246250
109.718507
110.442925
112.814867
103.168040
98.268825
95.350586
102.463099
95.412046
102.268460
105.921033
95.957225
103.069839
95.348260
107.218886
102.991395
106.527112
102.042995
103.902422
98.828542
106.543018
97.649443
103.104346
102.451303
104.125642
105.474855
116.629387
114.935913
119.532350
108.278322
116.201866
110.109416
120.815419
114.517421
115.060029
118.986661
113.481223
106.890630
131.990682
120.811194
118.566925
128.661099
113.463300
118.644280
114.564129
118.584647
99.994471
116.436180
100.686578
116.461597
116.244371
108.137703
109.215311
105.172011
110.869605
107.717766
111.887454
134.033433
122.827784
122.728800
113.544922
113.089845
115.504968
123.790514
98.281813
103.991869
98.993532
100.664589
99.077826
103.287514
106.343768
109.054564
102.663746
111.334111
98.183585
99.437594
99.457738
97.592581
107.354636
107.282850
107.720649
101.506464
100.093826
115.537417
107.226442
116.332122
116.469123
104.513448
103.427788
108.458625
103.231830
107.073315
101.402905
100.191554
115.402069
108.444912
116.316970
116.375647
105.055649
100.117675
103.583088
108.552902
108.985829
100.881090
103.673487
108.670741
114.693699
105.129410
104.545452
101.359543
138.533613
127.997063
127.825514
126.325115
127.178961
132.770678
134.637345
118.926543
118.368471
119.316178
118.142134
124.267176
117.425215
114.129385
114.643831
115.387909
130.174227
135.781113
130.176104
126.113846
111.213660
116.370555
109.167991
114.936022
122.512968
127.538061
116.585545
111.064678
118.416501
103.382770
98.685741
108.638720
112.084524
108.769826
108.778236
111.999103
115.049832
101.333969
131.825583
125.888705
143.327782
146.638018
146.640000
143.278890
131.897316
141.716321
140.346961
142.324111
139.815776
139.208356
112.539905
116.048455
119.831972
115.751586
98.688949
107.783830
103.599256
112.993510
108.534877
104.962321
131.396307
125.926476
92.348019
100.276117
99.381921
108.124720
95.632771
99.546440
100.170147
110.508410
100.335740
120.305260
108.135513
113.471432
108.821594
109.616120
98.645481
98.435112
99.939553
90.589064
101.726052
91.044891
102.809700
91.283219
121.612667
99.506327
98.615970
103.361071
100.684481
99.477125
104.831618
107.858666
103.693283
106.700036
106.703227
112.692482
94.101476
94.711823
108.531092
106.862294
101.511833
104.361102
99.972696
103.753937
103.780780
103.763313
110.737420
104.936686
90.439345
91.982549
94.529802
90.057260
102.567961
98.363837
102.877633
103.702747
102.909866
111.965689
93.279985
93.905000
111.059509
110.244007
111.077688
107.775984
93.361535
112.166166
94.699485
97.890623
110.742567
101.443288
97.057303
97.136663
97.721470
97.086110
92.930697
93.634867
111.402972
105.575569
103.194499
106.712215
102.837709
107.866124
100.311597
100.981514
98.724148
110.400876
109.461206
100.046183
105.452176
107.031317
100.151657
103.656399
103.690608
99.371564
109.003743
108.346427
93.465780
89.548883
93.812279
93.091663
89.615235
97.654014
93.029190
117.054692
100.921557
100.325300
103.492904
93.923824
99.261472
98.234249
98.177467
109.649723
110.064143
104.565913
120.317649
127.651509
128.118736
129.810983
117.499849
118.063603
98.940886
102.589648
103.804718
101.979161
98.992356
109.265550
104.453851
98.235210
89.013702
92.618102
93.786588
94.255168
94.391855
99.003494
99.684006
114.103854
107.791062
104.249859
97.599745
100.702560
100.084370
102.932845
132.618951
110.987336
94.730476
90.505046
105.108681
107.754900
95.520230
95.475207
99.775591
93.207563
103.646435
99.067004
109.355478
104.334450
104.280639
105.138346
98.134658
108.614152
96.466427
95.980238
104.964715
95.644549
106.256959
109.979051
106.387162
98.727891
102.146463
100.372687
102.971090
99.772378
109.698327
99.478534
105.879913
115.021891
109.941154
105.927672
110.451487
100.923594
109.326641
107.394291
116.301729
95.418510
115.390295
126.409621
98.256071
110.602787
99.485649
110.114950
108.474106
94.375761
98.138819
99.341728
102.874776
102.802431
99.027412
107.803963
103.849768
104.180344
95.216374
94.633701
98.202144
111.189350
103.441743
95.654726
106.153056
98.334185
98.205143
96.945680
123.314993
113.832907
98.745253
102.183183
101.553288
105.890447
101.521859
105.885323
111.781463
106.762676
98.989098
118.787350
99.624728
101.189552
106.215618
100.379313
93.616606
113.518077
103.813006
100.080028
104.152966
108.659701
95.882565
95.202615
104.000545
89.645460
125.925422
118.554412
113.175461
119.747230
97.057217
89.706996
102.290878
103.378410
94.783612
97.004315
105.516891
106.270367
105.199704
105.811904
111.931403
112.259353
117.911263
99.611912
104.606009
112.885701
103.051593
102.376798
109.059344
99.858626
103.076159
110.724682
100.079646
114.389148
110.058149
104.981949
117.398009
107.121691
94.871515
91.813306
89.609621
93.938104
104.611989
100.539541
101.309822
104.281975
100.700934
101.407468
93.588775
88.891103
106.763099
104.075715
105.693029
104.800610
101.349059
98.919823
103.343394
101.246595
98.676836
95.151533
107.281624
106.495154
101.478079
135.255509
136.584209
95.971472
91.224372
95.537125
115.343646
99.532439
99.446199
103.728185
137.809965
137.545903
135.600174
138.740570
156.224125
112.064765
110.094101
112.002347
108.288011
116.361472
110.582216
109.793869
105.702006
88.706728
99.038552
113.407545
100.898424
99.487518
103.531618
94.511894
95.787172
99.371789
98.096176
94.732312
109.326689
112.072030
98.266952
99.582376
98.880743
103.621662
105.911224
107.060828
104.167267
93.883082
98.815470
111.166822
107.763864
108.683490
98.313187
89.116484
97.982162
85.493759
93.749467
116.824535
100.874270
105.248374
103.349849
92.606478
98.470799
89.099975
100.629706
99.360906
100.122788
95.186699
96.045602
110.509220
98.654928
108.947213
97.550445
98.879862
105.113892
101.837340
105.775556
98.335156
94.017352
101.935374
108.383406
112.975299
98.329065
104.187467
102.466506
96.914017
102.366338
100.685758
102.996428
93.991649
110.938176
103.777925
104.393028
117.821666
103.251856
99.562522
104.053756
111.056996
111.576513
108.976682
104.035367
112.151936
124.299094
108.399885
104.755595
106.804288
114.788483
106.775450
107.511594
104.606108
100.356299
100.417498
111.718622
103.329584
99.881334
111.675892
95.975294
96.123975
107.277588
104.989228
102.938971
95.323016
91.014183
112.984202
115.765602
102.621301
113.030021
108.449103
108.327453
101.696661
108.639613
100.605817
108.029962
95.070459
108.397876
113.169327
104.615418
107.721294
98.412509
98.443087
116.004305
104.540473
121.221923
103.984348
103.056149
95.946250
99.350814
103.828913
97.851328
98.641182
121.684892
110.443838
125.476727
110.843275
109.393705
94.029856
100.050965
99.672193
97.546587
106.540443
96.389130
106.482215
103.535818
93.484363
89.836843
102.798823
93.400372
115.427211
126.243079
116.115677
94.012442
93.431188
106.892539
98.624279
110.224703
108.780766
102.985090
102.887115
111.304278
95.151606
102.710222
102.650318
111.814706
111.232077
102.262738
102.202836
111.348216
102.543432
103.852952
111.642392
117.017671
98.916656
108.813215
102.438474
99.152663
96.902171
94.652117
107.387971
99.844572
109.327260
100.190615
97.915344
99.546268
103.930751
98.262910
98.169630
98.273187
115.530703
107.302663
107.212024
103.264192
103.355703
105.827649
102.774299
102.526714
102.900178
99.653582
101.833145
106.592620
99.480220
97.632879
94.006532
107.560410
99.941549
98.149463
110.281621
106.634341
110.281221
93.156010
93.841482
113.013872
107.860738
117.862033
112.451134
101.413535
95.195057
121.782186
99.613652
98.972778
109.403712
104.306130
99.591203
99.767794
105.898263
100.608397
94.294800
120.842514
113.544028
116.363002
98.288057
102.725683
100.405800
105.172851
111.398454
92.443775
114.009521
114.975170
109.304202
111.215017
114.693109
104.761393
105.389938
98.361165
97.216262
107.901590
112.492136
114.041603
114.044162
110.310645
110.314583
108.134685
114.034638
100.045518
101.392116
110.367303
111.403490
93.193758
93.133740
105.592497
108.401322
107.750337
93.777092
102.517110
93.158750
110.663034
102.163697
108.434021
108.386679
89.715005
98.304285
94.908229
108.256845
112.827411
112.668788
114.131438
113.977146
103.327342
104.003974
113.327071
95.415541
112.345025
106.234447
103.514320
111.558728
104.056614
98.427374
100.058849
98.525566
108.158991
106.396686
110.148839
99.667466
105.672761
102.006174
99.570053
98.593160
98.950300
90.915672
97.955815
97.824324
97.831854
99.121601
121.231175
120.826149
119.798798
120.264540
119.821829
121.448857
117.128858
111.130444
121.852217
121.739276
121.743572
105.928340
109.655776
116.071401
121.804394
122.807368
122.103309
123.112537
117.039680
106.769593
109.524699
114.481035
113.719371
108.596497
119.274559
115.413495
110.105920
118.319444
119.479260
109.204388
103.322219
100.757227
104.382223
103.857866
114.386092
104.063104
99.652796
118.517719
114.277171
106.926128
104.973549
109.450919
108.681239
114.220047
109.365019
113.364414
99.698723
103.289105
104.751989
110.048467
108.250842
105.137717
108.819133
110.398337
116.161369
114.553684
111.748198
99.537445
111.839325
106.758621
110.254754
108.335561
107.549800
134.764774
103.802276
104.474351
101.258786
98.200165
92.398664
101.450598
99.317824
104.959639
116.298022
114.825499
114.090173
111.334903
100.147639
98.872102
95.241420
105.881918
106.022943
105.507112
113.045557
108.456780
106.653646
95.918461
104.468776
96.710577
108.711703
104.889140
109.392641
90.456764
89.646050
102.700852
89.734663
93.721568
98.557417
103.192258
102.495416
99.421770
104.271371
109.358142
104.420660
104.950648
105.652800
105.668716
95.005956
93.102503
96.507910
112.781358
90.501948
109.594853
89.788960
101.853941
104.282595
88.888799
107.643018
90.019088
94.282444
89.473591
93.657346
89.554664
89.608414
101.700394
99.478492
102.346503
99.983022
100.148177
98.908674
93.938260
93.990652
90.635560
90.377164
102.561766
95.129522
105.565124
95.660164
106.198573
86.308213
86.254050
106.011221
97.674704
97.749578
109.162671
94.077285
112.852049
103.437839
98.118445
103.387588
94.783654
105.403937
105.470414
106.955226
111.401405
102.795790
110.507080
165.751833
138.373001
136.003996
137.004577
118.170927
112.651638
103.810354
113.855243
114.377874
114.874112
114.317182
108.035039
104.869409
112.004448
116.285815
114.398433
107.951438
98.983578
108.366009
98.789475
105.861165
111.751946
113.494235
98.885172
103.188594
111.912201
112.423238
103.289582
104.562036
103.215556
102.547713
104.545507
109.511507
107.979368
108.689101
102.148219
94.451030
94.583288
103.916037
98.934857
112.297344
112.417656
107.207955
103.437621
116.244582
96.249336
104.866525
96.204716
97.394593
96.489002
110.835794
95.577693
99.122748
108.350304
109.510994
95.577308
105.646631
98.936872
115.222338
106.813162
98.688429
98.233505
107.720290
99.714866
108.767965
103.264217
105.631183
107.569141
105.766516
99.817591
108.252511
100.408483
108.795897
107.196482
89.616284
107.100769
93.840058
107.722049
89.534580
93.670620
92.513163
106.064966
108.389577
89.616346
85.494474
91.583617
93.947880
93.877915
103.350944
106.375941
94.600639
110.870885
104.029301
107.041421
141.006898
112.259317
113.241512
88.863532
98.437617
