77.145647
64.984361
58.811957
68.650132
76.667992
62.385135
68.419286
58.843967
68.608259
65.714071
65.778098
68.750540
78.506433
73.981405
65.736740
78.604241
73.080080
76.780073
77.460570
72.315196
78.018196
72.586987
76.664421
74.175961
76.009873
65.770437
72.868055
69.893396
81.247261
80.636495
76.127985
73.598139
69.805311
68.569801
81.838757
92.669212
74.164273
78.951741
72.514706
92.600652
75.124724
74.054341
87.611560
81.529934
80.334151
88.979063
85.426615
87.483514
82.948219
69.312996
81.704517
84.636984
82.945077
81.097706
81.589159
80.422415
86.738215
89.834689
82.423008
89.049656
70.490098
70.035371
86.777433
78.823813
91.628595
74.988174
74.111775
68.755940
72.469283
77.511549
72.404477
70.130878
70.172407
74.502422
75.235510
74.543007
74.129587
65.472081
75.706693
69.692209
72.588594
72.537737
76.945873
72.510448
71.772273
72.270500
77.542450
65.125913
83.545244
80.926636
81.610645
82.273738
69.687008
88.105745
80.938761
82.430181
85.436841
88.000613
69.831881
66.440807
79.438005
69.149266
73.126727
69.739924
74.141974
76.971423
78.497007
79.171659
82.316513
77.742689
81.132573
75.222007
72.742525
83.444011
68.702964
83.506024
87.144087
72.369569
72.443898
72.752853
72.424719
83.371624
82.339151
78.603870
80.690328
76.066613
75.659532
73.902624
82.596089
73.574472
83.350290
82.097094
69.392106
87.610293
83.831904
73.552051
67.856254
75.085745
78.397417
74.503541
80.640651
78.109630
80.053566
78.083556
75.913839
85.184111
58.839242
69.101480
64.683987
68.827884
72.338980
72.864923
87.025461
80.697965
73.884443
78.451089
77.690974
86.915901
81.380287
78.657116
65.698349
69.061693
74.937022
71.922029
71.061776
70.062359
80.857161
88.396233
87.677265
89.974428
94.408456
89.392231
70.535362
79.092021
78.282738
82.917261
71.552836
70.078863
81.487901
73.560367
82.843860
79.100514
78.396711
86.092183
77.947474
80.791331
79.037653
78.325482
81.052125
79.098672
75.098386
73.197638
73.445832
77.721353
76.591651
77.065244
80.834407
81.506433
78.221363
82.689235
78.570191
78.767179
76.606558
90.175892
101.843385
72.734957
80.995996
72.699138
80.991315
76.811598
79.579223
75.639654
72.562573
75.598229
69.302562
65.693023
84.274820
73.374899
76.090140
84.617305
68.518379
77.131880
84.676255
83.785347
84.776260
70.660429
70.666645
78.993077
67.959497
67.900750
75.938445
83.071775
69.863394
79.318742
79.653595
62.183357
67.879865
67.837268
65.061787
80.429213
73.360562
76.783905
80.617322
73.374390
81.496303
91.584492
84.629731
82.115317
77.542745
85.497878
82.200424
78.912228
79.831498
72.681932
69.787205
77.226595
77.698264
72.635512
73.958113
81.460292
78.295436
74.193477
88.995119
99.288866
84.513082
85.169004
84.543106
91.162872
90.631245
86.162376
80.240944
84.423138
82.701537
87.562333
83.759641
73.417345
79.621539
69.191904
81.563981
79.288434
83.661851
81.270183
73.373123
77.253215
83.691488
79.542849
82.069920
80.256549
75.237523
81.778086
73.349875
83.794625
83.813566
79.875324
78.908889
87.299416
79.766778
81.986955
78.954089
79.289524
77.424204
70.611728
77.635160
78.290637
81.924000
77.861835
86.817180
82.435133
81.937628
83.279122
88.959260
85.471947
85.523032
86.224983
74.081107
70.578572
75.152108
69.266587
87.862835
70.266972
72.089401
79.010054
92.602349
84.930613
78.675862
82.716761
75.148581
70.606375
68.976575
76.282738
76.859576
72.519478
72.454633
69.690649
65.450893
69.805187
66.376645
71.430863
83.259707
81.880308
82.990256
82.566448
73.649181
73.684749
69.819516
69.736502
72.868586
64.975619
76.711977
74.475079
69.894784
95.785385
86.619559
80.128173
83.208793
79.085289
82.601513
81.856386
76.789004
83.252458
82.616707
72.457943
65.052880
72.580223
61.710812
62.267067
65.697800
74.816572
67.939799
74.866963
83.132925
68.189783
78.882861
73.896304
78.291479
65.366434
78.941716
74.117786
69.129274
83.111645
74.249445
78.495442
75.247985
79.200770
91.211812
94.031835
71.927971
76.468676
76.353021
72.413849
73.970745
76.292200
81.904101
75.783011
69.576335
69.640817
77.887016
76.609735
73.000417
74.681556
72.488610
66.236682
72.988650
78.611629
81.659168
78.752470
82.769403
76.047463
79.440058
76.277053
75.404861
65.478470
68.063728
64.543090
77.190642
69.611584
69.643915
69.136835
68.397660
69.811387
77.891069
78.288748
75.785560
72.768647
73.972860
70.574440
78.587927
73.526985
72.878626
69.086977
78.848625
73.485187
65.587403
79.011877
77.460015
72.960708
64.994268
82.569624
67.983894
72.862665
74.219766
71.342261
72.753733
66.497336
62.384180
76.833333
72.656524
70.534797
74.108440
66.147506
61.152019
62.147333
65.439015
67.980966
68.465014
78.434275
73.563032
66.677289
73.074305
64.469459
72.402660
75.241217
73.369996
72.894710
72.535490
68.261772
64.320125
69.779335
79.969230
69.319377
72.309511
64.875455
79.751564
78.493315
66.267596
81.845556
75.231737
71.693380
84.927962
85.774341
89.691432
76.058160
92.854281
72.792229
74.749944
81.313997
73.900258
81.344022
74.021014
76.631111
77.448259
83.190359
75.010313
69.623998
73.725882
73.888952
80.618778
77.773811
80.028413
72.812393
76.889616
79.190879
66.506446
79.170510
80.506399
59.054842
80.035792
70.067819
79.032571
93.663923
90.501941
92.168905
61.704832
73.860381
73.256547
74.438716
77.636903
81.904043
69.369897
69.849058
81.866926
81.880149
69.902417
69.355086
79.779024
81.856142
61.654857
62.158196
81.894898
70.960102
84.183230
84.042959
83.923721
86.981334
90.411429
91.420616
95.302655
85.709423
88.092589
87.841937
95.709991
86.175442
88.863927
89.984775
90.938072
75.363915
75.872313
83.094797
80.210935
80.089702
75.464878
74.387933
79.089308
78.178598
77.378663
68.819933
65.162903
80.996666
74.454612
79.625790
87.490287
81.324596
77.472807
80.851873
88.937003
84.535072
83.435130
84.169223
72.786765
77.255253
73.932793
84.588327
79.022631
72.576477
72.452922
80.724851
68.497686
71.924558
73.502117
74.024967
74.606455
88.299128
83.871970
81.684845
86.346653
87.049333
88.565186
86.419626
87.206490
94.266629
90.554039
91.743333
93.759983
87.464813
81.756360
86.213965
81.300468
103.200006
90.268598
78.247507
82.598440
84.609161
82.115148
80.913865
69.682727
70.379783
86.075687
82.345106
82.337172
66.696070
100.176334
95.941582
103.102778
99.881178
100.863836
99.825763
103.021365
101.842055
96.800982
98.420627
99.099003
99.327168
100.015196
100.112805
87.630229
90.336499
90.335995
86.135531
82.905046
88.531860
95.028569
81.972955
77.580668
81.945845
66.321585
65.794892
65.190097
73.164232
76.542974
72.766807
73.305946
66.745895
79.003226
78.356007
65.895134
62.386874
79.018950
76.711716
75.198270
72.579599
74.389168
73.790429
70.712548
69.931839
77.375401
73.064438
66.378664
65.288884
71.417742
68.964204
71.916990
66.774861
72.371371
69.427601
74.975069
69.093022
69.169404
73.928258
68.182067
85.788585
87.869395
88.102842
62.152635
78.258211
72.051666
68.687504
65.169324
82.215305
69.230503
68.958703
62.233193
70.339697
70.451446
75.311318
70.948832
77.874103
77.930047
77.460118
74.069986
68.549904
83.911139
83.794826
68.190003
64.545922
71.927205
76.154108
65.074873
76.231984
71.644279
74.109055
82.802389
69.332127
65.787659
80.596649
72.481658
68.867271
68.515143
76.201611
72.310495
73.957481
68.860448
79.191500
69.058510
68.504977
69.023351
72.930088
72.227351
73.738252
70.830691
73.074732
95.186673
97.298527
74.726829
98.690138
93.372590
97.295581
96.875911
95.567787
113.447762
77.659088
64.609362
65.251092
72.034045
76.530469
69.221220
68.977764
80.695673
65.579213
72.385768
72.272572
76.422860
77.130143
68.733176
82.916667
91.198042
72.079734
76.232882
72.162653
76.269380
76.298828
74.657835
73.419163
74.219131
72.152155
76.429598
75.638742
72.633908
80.067514
76.244310
64.988812
73.835370
86.711128
81.446126
71.672416
68.989680
68.103203
81.908630
69.042456
81.251963
76.717856
77.507177
74.087892
75.201914
71.373286
68.077419
80.388521
84.576710
76.902871
78.294701
83.254915
84.697406
76.162736
76.416469
76.278921
76.337087
76.448559
64.597069
64.483082
80.421250
77.224516
76.269026
77.772811
74.120751
76.312385
76.760344
67.657218
69.251434
69.691358
73.562131
75.734301
69.277483
75.160798
81.313567
75.151155
75.754068
64.440489
80.637602
81.302396
74.299152
73.023204
73.555961
65.525421
76.977060
70.761423
74.291381
64.569012
65.188220
67.484720
73.291625
73.776450
74.271141
75.466398
90.257769
85.507879
79.923689
78.887464
79.792696
79.883826
81.650076
86.197796
77.303392
78.181042
85.785124
93.533664
69.020606
84.531025
68.015509
67.995057
73.845419
72.978325
69.270542
74.406978
70.487640
74.912203
69.199841
72.316660
72.858234
69.638301
69.139168
73.965992
74.856597
67.004605
69.265766
65.623147
65.568169
68.855768
73.586468
65.616456
65.573375
68.556289
72.334745
69.600095
68.147619
73.007601
70.913327
65.469122
73.262290
73.697741
64.670888
61.834742
65.286891
72.407449
73.935778
68.296396
86.026995
81.917739
69.858740
69.307523
85.961813
69.356593
71.071895
77.555371
79.760813
77.706499
77.061583
74.868875
122.808130
96.346404
94.905821
94.798727
97.065010
70.955947
75.436492
82.294571
73.868029
76.934656
80.651225
91.550956
79.215061
80.782439
81.617981
61.150094
65.695656
77.569133
69.557919
69.955288
74.794965
77.383535
76.592347
71.621630
69.392550
68.045506
68.607628
64.664066
69.807653
69.775086
64.540155
65.491964
124.146329
78.328792
69.318883
65.933343
65.924574
65.918468
