270.269404
270.266355
270.382521
270.301527
270.386023
270.343473
270.198479
270.374488
270.268923
270.233739
270.307164
270.308921
270.308142
270.266226
270.268292
270.343769
270.343754
270.266861
270.303342
270.339644
270.383969
270.264989
270.264257
270.306165
270.312014
270.345648
270.302705
270.198795
270.233902
270.345145
270.233543
270.232552
270.267904
270.267765
270.306664
270.304019
270.383197
270.337871
270.303424
270.267386
270.341217
270.266746
270.340700
270.309011
270.234292
270.419218
270.337358
270.303513
270.267296
270.302380
270.340700
270.230584
270.382555
270.266371
270.232061
270.196243
270.198645
270.383288
270.340190
270.382271
270.383268
270.349689
270.383830
270.348071
270.379443
270.381468
270.231732
270.416784
270.383290
270.301629
270.300612
270.268579
270.268667
270.344517
270.266554
270.268906
270.344044
270.265556
270.302399
270.301750
270.304215
270.338259
270.304249
270.338964
270.344828
270.305787
270.306603
270.303259
270.344801
270.266817
270.302718
270.417713
270.265261
270.300135
270.265076
270.267022
270.264469
270.381670
270.350206
270.303762
270.269964
270.337783
270.269180
270.267389
270.341163
270.338612
270.268333
270.341538
270.267436
270.342287
270.339342
270.341647
270.265870
270.338971
270.418800
270.339069
270.384883
270.379268
270.419014
270.384300
270.303466
270.341177
270.304072
270.346066
270.379265
270.345726
270.267044
270.305577
270.268059
270.341560
270.343501
270.302519
270.266283
270.377321
270.377283
270.378271
270.302199
270.343020
270.301185
270.340599
270.232438
270.344340
270.270654
270.311078
270.266296
270.266111
270.302057
270.303235
270.337779
270.340428
270.417152
270.529287
270.417311
270.382514
270.415815
270.383409
270.231178
270.344329
270.230085
270.266922
270.377587
270.300289
270.304198
270.300194
270.231884
270.340670
270.267456
270.305025
270.303225
270.382684
270.264123
270.302580
270.268895
270.305817
270.305313
270.232298
270.198739
270.233236
270.301068
270.303747
270.338687
270.340690
270.307697
270.376471
270.303556
270.307820
270.418419
270.340603
270.473259
270.476512
270.424414
270.270479
270.265645
270.267717
270.299994
270.342221
270.342522
270.309118
270.342931
270.310292
270.340083
270.266114
270.229613
270.230589
270.339704
270.337686
270.266993
270.343682
270.306622
270.231136
270.340493
270.231624
270.307732
270.302371
270.235168
270.232577
270.305145
270.272496
270.268388
270.196823
270.265414
270.302152
270.305125
270.302740
270.267046
270.464713
270.384105
270.470056
270.434355
270.421561
270.265209
270.424283
270.382398
270.385309
270.381972
270.451188
270.378811
270.416094
270.379934
270.346153
270.346344
270.344941
270.352900
270.346321
270.350382
270.381395
270.379796
270.422460
270.344470
270.232252
270.232471
270.348369
270.232054
270.307845
270.230267
270.339673
270.303920
270.304189
270.520344
270.473477
270.428240
270.468022
270.423724
270.431098
270.507657
270.477179
270.468140
270.514226
270.523554
270.305304
270.267710
270.341789
270.231989
270.344465
270.346283
270.343812
270.196077
270.268671
270.271964
270.195337
270.269285
270.267689
270.269311
270.231489
270.269166
270.200769
270.273399
270.199747
270.232496
270.270394
270.269648
270.300031
270.338168
270.313088
270.346610
270.232325
270.265951
270.313077
270.343618
270.304516
270.339300
270.305287
270.378144
270.232044
270.346396
270.271206
270.309462
270.197113
270.341339
270.229665
270.270909
270.266846
270.302987
270.266964
270.267450
270.628188
270.302969
270.302359
270.302355
270.266071
270.268459
270.232450
270.233423
270.196225
270.194954
270.196622
270.470922
270.387738
270.382223
270.390209
270.422982
270.420267
270.387450
270.385751
270.233613
270.308531
270.344852
270.308021
270.268776
270.380658
270.229297
270.229915
270.342077
270.377834
270.379077
270.343656
270.347080
270.231959
270.231455
270.346143
270.341272
270.344825
270.345409
270.269355
270.233739
270.199519
270.271269
270.165121
270.163860
270.274323
270.303038
270.302646
270.265263
270.303922
270.266193
270.267440
270.265240
270.267639
270.263761
270.229555
270.268479
270.269931
270.197458
270.307891
270.307349
270.198311
270.132361
270.193656
270.272086
270.234217
270.269283
270.268497
270.232607
270.268564
270.267699
270.271320
270.423041
270.376423
270.379478
270.343169
270.300916
270.303933
270.301524
270.310206
270.231978
270.505666
270.265228
270.266236
270.270478
270.268509
270.233059
270.271469
270.199699
270.232710
270.269601
270.195477
270.231370
270.265001
270.267032
270.429870
270.266760
270.268680
270.231941
270.307054
270.233305
270.303915
270.266212
270.301870
270.232098
270.304715
270.303408
270.301922
270.305111
270.337787
270.266845
270.270289
270.229695
270.229060
270.339961
270.302813
270.232496
270.231705
270.271344
270.267091
270.234024
270.233123
270.269083
270.304896
270.303626
270.431627
270.267399
270.380720
270.299942
270.230192
270.378204
270.265134
270.336471
270.338528
270.377645
270.270918
270.266767
270.265687
270.267133
270.301186
270.302223
270.343610
270.231678
270.232755
270.347616
270.346226
270.232315
270.268549
270.230016
270.343366
270.197087
270.268358
270.265422
270.301578
270.199729
270.231622
270.231521
270.309718
270.308837
270.309761
270.198649
270.342354
270.308537
270.269238
270.231095
270.342512
270.308979
270.196697
270.197666
270.312950
270.308829
270.311256
270.233252
270.232290
270.472449
270.338189
270.302514
270.304144
270.228133
270.465396
270.338678
270.338736
270.302450
270.307197
270.340460
270.343571
270.341419
270.306408
270.342721
270.304475
270.229341
270.339474
270.232162
270.305065
270.230830
270.300212
270.266866
270.299416
270.299987
270.342803
270.268230
270.267087
270.300127
270.234413
270.304694
270.334792
270.265556
270.271711
270.231175
270.341989
270.267144
270.302309
270.340544
270.268006
270.304567
270.305129
270.425589
270.433057
270.197215
270.307274
270.230759
270.231298
270.342738
270.306468
270.309836
270.197175
270.267083
270.427752
270.416402
270.270991
270.266866
270.235181
270.428945
270.265982
270.308642
270.265909
270.232455
270.233140
270.268353
270.309634
270.231088
270.343004
270.197396
270.472987
270.307040
270.269434
270.274522
270.234540
270.197322
270.231331
270.271209
270.303268
270.304466
270.430893
270.341397
270.266519
270.270072
270.265837
270.230287
270.233489
270.265347
270.339126
270.266813
270.265817
270.430293
270.376888
