44.902628
48.833790
48.307660
48.937102
53.597789
53.025586
49.482482
38.893260
48.157819
44.734719
48.209933
48.640478
49.205682
46.067851
48.172280
51.055270
51.178738
51.615528
58.407929
49.457907
52.557128
58.486912
62.307735
49.101794
54.771673
49.534292
44.816043
55.815833
58.182730
38.912175
45.233962
48.965399
44.017643
45.872043
44.754211
47.772928
45.256945
58.267876
41.706057
52.613563
52.996765
50.722038
51.941179
47.179101
51.469584
42.584613
43.115121
48.495767
48.949464
52.993750
47.935674
48.217902
42.122425
45.053341
47.964578
48.505813
56.502752
51.949673
55.263329
50.666864
42.096503
48.743156
52.337699
48.189591
48.495435
44.693356
48.532533
42.277415
48.908170
48.920148
48.986520
45.171450
44.858995
44.307200
41.796945
45.306690
59.416391
42.266068
53.359254
47.240108
48.097502
42.463181
54.100088
42.292000
51.916240
55.696485
48.059573
50.842073
50.225552
53.909422
50.809055
54.055970
46.539334
48.308008
51.445384
45.670946
50.046515
50.995765
54.822012
55.339059
55.393811
64.816665
57.678137
56.943234
53.884588
51.070825
51.589735
62.990621
62.345261
62.367062
58.183311
64.079122
59.670974
59.735264
65.560847
61.971670
55.319404
50.593913
47.330473
47.174175
48.551198
48.489931
48.486060
44.951471
57.292466
45.682730
50.557338
42.220103
45.372139
48.285313
51.795298
44.350859
51.859560
49.075676
45.155964
45.528656
45.930248
47.176379
45.809122
44.314926
58.570476
55.607568
59.015394
65.580808
71.391752
49.880868
56.181718
54.214196
47.509399
43.913960
44.531198
44.055920
47.508421
50.850188
47.114312
45.230370
51.331481
49.659521
50.742480
49.909707
47.397758
47.030013
43.593062
44.841564
47.528357
48.075837
45.367136
55.817358
55.063223
44.993309
45.476405
42.162611
42.083569
45.274017
41.776141
45.071570
44.242524
41.946247
41.454180
41.454161
41.163195
41.449086
44.397116
38.897594
44.947462
50.761787
52.073775
51.286101
80.322062
62.172286
56.948449
59.104925
54.876053
44.623745
41.930883
41.640293
39.314745
47.747892
59.320476
