238.098997
238.139021
238.137431
238.138253
238.214708
238.213941
238.181297
238.030319
238.138354
238.100171
238.137137
238.140019
238.181190
238.102747
238.134089
238.174833
238.174655
238.175381
238.206574
238.135152
238.172543
238.251153
238.295784
238.135995
238.209918
238.136700
238.099066
238.210968
238.248738
238.032489
238.105255
238.139297
238.102216
238.148477
238.098789
238.135753
238.102535
238.253703
238.064180
238.175900
238.177284
238.176945
238.175877
238.144295
238.174503
238.065705
238.066507
238.136901
238.146067
238.181036
238.140822
238.143653
238.065250
238.100529
238.141355
238.141145
238.218127
238.178971
238.226054
238.176542
238.067257
238.138873
238.174877
238.142284
238.139371
238.099942
238.138116
238.067583
238.142263
238.140731
238.140574
238.100789
238.103021
238.099317
238.064436
238.099884
238.260439
238.065483
238.175422
238.141472
238.134811
238.067852
238.223518
238.066633
238.177373
238.211385
238.137361
238.177996
238.177206
238.216153
238.174188
238.219974
238.101723
238.135282
238.173961
238.100578
238.168696
238.173322
238.216416
238.218627
238.214549
238.335033
238.248879
238.247237
238.207174
238.179975
238.182332
238.306451
238.305650
238.300945
238.251131
238.302510
238.268548
238.258452
238.348148
238.305382
238.211036
238.174364
238.144473
238.137284
238.141677
238.140232
238.140312
238.107409
238.221406
238.102098
238.173795
238.066142
238.103700
238.136791
238.180647
238.098190
238.177118
238.136997
238.099723
238.099914
238.101185
238.103796
238.102262
238.099312
238.262916
238.220506
238.266270
238.347228
238.407842
238.138392
238.215179
238.213222
238.136954
238.097501
238.104074
238.100547
238.136762
238.173714
238.144398
238.101139
238.175052
238.171002
238.175035
238.171399
238.138389
238.134429
238.100479
238.101648
238.138560
238.139356
238.101169
238.211368
238.220878
238.099048
238.100031
238.064957
238.064986
238.102045
238.065551
238.103805
238.100204
238.069941
238.066455
238.066209
238.068578
238.065239
238.099590
238.031318
238.103058
238.175603
238.175371
238.176035
238.520986
238.303034
238.217146
238.264983
238.215519
238.104981
238.067215
238.074825
238.031958
238.135826
238.222140
