10974.847575
10973.417219
10997.231831
10997.190353
10985.022854
10982.791829
10973.657674
10989.030898
10964.628708
11013.943048
10962.929117
11002.854479
10987.864854
10952.363828
10961.798696
11050.991067
10986.844385
10989.168444
10988.422363
10942.988330
10952.374025
10988.473960
10984.001230
10989.091895
11001.801604
10999.479183
10988.842890
10978.433445
10978.406824
10975.084329
10975.148523
10977.024651
10978.243291
10982.901574
10972.729895
10985.305946
11000.838225
10996.240177
10951.674931
10961.047637
10987.428964
10960.973582
10988.224242
10942.376404
11016.302512
10998.054805
10998.882574
11071.397376
11026.672519
10998.897894
10984.184635
10983.598597
10987.586630
11049.574970
11000.107583
10999.911998
11017.484564
10975.690949
11049.468215
11002.179308
10998.385462
10997.349881
10988.831954
10985.409415
10986.510061
10999.168569
11009.536310
11038.700617
10997.399771
11015.107114
10998.954214
10987.323421
10991.364802
10998.828330
11014.206422
10987.513636
10998.176313
10986.991434
10982.942344
10995.830200
11037.890657
10996.436087
10997.326548
10996.815559
10985.078886
10997.445951
10974.916744
10997.994192
10973.404734
10976.508203
11013.609507
11027.672124
11027.244926
11028.795118
10986.053556
11028.250220
10988.250401
10985.650308
10985.390238
11022.093762
11022.988800
10983.651038
11011.848957
10983.462169
10999.770525
10996.343660
10995.922211
10975.592868
10995.940456
11017.408703
11036.923444
11008.152481
10997.485790
10975.262975
10975.784900
10986.675325
10975.050290
10985.220966
11019.006660
11021.820769
10984.617574
10994.491076
11018.464968
11022.954905
10982.213006
10982.697742
10983.181810
11000.704772
11008.722993
11000.238333
11000.993463
10999.182036
11053.683896
10998.179806
10997.631316
10999.164051
11009.608238
11009.743333
11059.684269
11008.568376
10982.712337
10972.758597
10964.005142
11011.246060
10973.306332
10998.378491
10995.867870
11011.572505
10995.868156
11010.068546
11021.190338
10984.361024
10998.796614
10984.828724
11019.477412
11012.586992
10994.129410
10984.339206
10961.666588
10963.221663
11029.939207
10986.452931
11029.416918
10989.541429
11003.166895
11012.710414
10982.545170
11007.994530
10995.098837
10995.146003
10984.535186
11013.975066
11023.371208
10983.906452
11009.895844
11023.140418
11034.002495
10989.011994
11015.152357
10998.869671
10998.302440
10992.258852
10998.299563
11044.704534
11044.685739
11063.155052
11097.885093
11086.575461
11043.506978
10997.675103
11038.993263
11038.304474
10999.382584
10996.979116
10964.155327
10978.180118
10973.007359
10973.048373
10975.399635
10972.190687
11082.205502
11064.200442
11063.644619
11086.796706
11086.446214
11086.792693
11044.130629
11044.151449
11044.193466
11081.355411
11063.048921
11056.147485
11056.719913
11085.857045
11097.601952
11063.096793
11093.670176
11027.239980
10986.671348
10999.313695
10989.560876
11080.442196
11086.131258
11097.312592
11092.153205
10998.896951
10995.899364
11037.153883
10996.967820
11025.817559
10998.525077
10999.589668
11034.355671
11044.483540
11020.222408
10984.356076
10985.089983
11011.066651
10996.005157
11027.437738
11031.732330
11034.634423
11032.455608
11021.591190
10985.496271
10987.143880
10984.833417
10986.192858
10984.830035
10986.634974
11031.335847
10982.612255
10984.131278
11010.375988
10997.598677
11010.316071
10999.704078
10985.218445
10988.489653
11015.300547
11000.667778
10999.483144
11017.499889
11017.478018
11050.132026
10975.168414
10997.571193
10984.979115
10994.839842
10986.064780
10974.971464
11001.634436
10997.182829
10973.026946
10973.737584
11024.131892
10972.994021
10984.660440
10986.666898
10972.967670
10973.191052
10997.604591
10964.094873
10997.352521
11032.259132
11048.472249
10999.799242
10998.131012
11013.687304
10984.912713
11019.888535
11010.491092
10999.758861
10984.265189
10975.305099
11001.411397
11013.268257
10998.575813
11003.941063
10998.666903
10997.914451
11040.883600
10985.944366
10998.436373
10964.115489
11014.504785
11014.236257
10985.599853
10985.065049
10985.680126
11021.240517
11010.124251
10984.871815
10984.370254
10974.393105
11022.722288
11013.477002
10974.962880
11002.857193
11003.930172
10996.985263
11052.736673
10986.705142
11013.977270
11080.701717
11085.883014
11088.562559
11040.091996
11041.763091
11060.878418
11029.045758
11035.430470
11034.941716
11004.043902
10990.296181
10985.372449
10984.007605
10997.581662
10987.094200
10989.078070
11005.535327
11009.270435
10985.348650
10985.733921
10997.706060
10999.103883
11000.175564
10998.237780
10998.779686
11011.210264
11015.810840
11046.996063
11017.874245
11019.982717
11033.965362
11025.640547
11029.817926
11011.341422
10986.213465
10987.473709
10975.764981
11011.317091
10986.001027
10998.383785
10986.116395
11032.314468
11051.259289
11017.964898
11031.116143
11028.961857
11028.960655
10999.112778
10996.495413
11009.472445
11001.751107
11025.447116
11011.419681
11039.911390
11039.955622
10985.522694
10983.093412
10972.078052
10973.660157
11025.577712
10962.678604
10997.149380
10973.568708
10961.050672
11013.307239
10987.650909
11028.750372
11010.260578
10982.014385
10996.864003
11028.280186
10987.843127
10998.584124
11042.416687
11054.543740
11009.413949
11009.620915
10971.945039
10972.444661
10999.582522
11009.760683
10985.283550
10984.410287
11042.449566
11053.989917
11009.462895
11070.457594
11008.404457
11007.729857
10982.148721
11025.806141
11079.739395
10997.044391
10975.340258
10984.651290
10982.731434
10983.304373
11009.867442
11010.204918
10983.873774
10994.867719
10983.391328
10983.785193
10984.607988
10996.231236
10982.991333
10984.348737
10971.932261
10974.344318
10975.104878
11009.162549
11010.885129
10999.376528
10989.801499
11001.358927
11015.037759
11000.987107
11013.748362
10988.092650
11013.872090
10988.069855
11013.971321
11023.196821
11031.318387
11023.187261
11031.010828
10999.348209
11008.818681
10999.860713
11027.423523
11027.248026
11010.386161
10997.852463
11028.140996
11027.504560
10999.342007
10998.252947
11052.260251
11044.791488
11049.187686
11046.402351
11025.237612
11006.960219
11014.742579
11015.000390
11060.302973
11050.005763
11036.351293
10996.107721
11010.196273
10999.090313
11014.466191
11022.438007
11011.945348
10973.554203
10973.326125
10995.089221
11024.538397
10994.326789
10995.981300
11005.151505
10996.259636
10998.243152
10995.539161
10994.736768
10995.676797
10996.311130
10995.915711
11024.715102
10995.150584
10984.462382
10994.403817
11032.576121
11021.292251
11025.848978
11040.323217
11034.159174
11020.268858
11021.709561
11015.603963
11023.378864
11031.263353
11047.973012
10988.358447
11033.146691
10999.412954
11012.637909
11007.668884
10998.179779
10986.568202
11019.573171
11027.667639
11028.256147
10984.470556
11022.304304
11020.752406
11035.532786
11022.235743
11038.544400
10999.951628
11045.361454
11035.883218
11046.723589
11042.715407
11049.492626
11024.701902
11038.841727
11010.456108
10999.384565
11010.257287
10998.780910
11009.895459
11021.218472
10995.667696
10996.285561
11039.863671
11039.886423
10995.616234
11006.898094
11008.131518
11008.342824
10999.245832
11008.357738
11007.468491
11018.464709
10985.789597
11026.366163
11026.352596
10985.127502
11009.180075
11012.534713
11010.942546
11009.061248
11037.636464
10997.937182
10997.483145
11028.100735
11027.623562
10996.944750
11010.434883
11043.395505
11040.074340
11069.550549
11058.971857
10997.396400
11026.106910
10997.781935
10984.279652
10984.260740
11011.110369
10999.037442
10973.243758
10998.039666
10973.240136
10987.673323
10986.901184
11027.333961
10986.867489
11027.390181
11065.192288
11063.674397
11049.340929
11060.412934
11009.564589
11009.050398
11039.777047
11008.491162
10997.281816
11009.417931
11028.618186
11082.980395
11012.501155
11000.696744
10962.368168
10962.419641
10986.220115
10985.501563
11000.572681
10971.827572
11056.514940
11075.634895
11047.812599
11049.397818
11054.831643
11045.972407
11065.501543
11047.119969
11013.208509
10983.278212
10973.392444
11009.898781
10995.297487
10994.575518
11048.665120
11019.121056
10985.959774
11013.731747
10995.102952
10985.115881
10984.201236
10975.333320
10974.975489
10993.739653
11031.197417
10986.965484
10994.278391
10985.752126
10985.046572
10983.564765
11010.620493
10997.959896
10981.977629
10983.423939
10986.921342
11002.625595
11013.874836
10985.719493
11012.056599
10998.865363
10987.748460
11033.624071
11023.803554
11011.348608
10998.155860
10987.090056
11032.701177
10996.666327
10995.908895
11025.590906
11017.743481
11017.166533
11011.163348
11025.384954
11012.634683
10971.652247
10972.975356
10985.078943
10986.016409
10975.832663
10973.463278
10972.714673
11000.375547
10961.173227
10971.044254
11020.897897
10984.557931
10984.318044
10971.226043
11025.643357
10963.521721
10974.307900
11006.782687
10974.420446
11009.671355
10989.387494
11008.727702
10985.672121
11026.880861
10995.514001
10994.558221
11008.930011
11009.431412
10980.996855
11007.609805
11029.064433
10996.189834
10995.403925
11018.652999
10981.556801
10982.731728
10985.555191
10985.901181
11019.159226
11021.604917
10983.429912
10984.240182
11021.091877
11024.360315
11008.654166
10973.488695
10973.284690
10972.844614
11008.600905
11009.885409
11011.086527
10985.268332
11017.095369
10986.041392
11005.132990
11000.317873
10985.950118
11011.725157
10984.457427
10985.335137
11011.868073
11021.613390
10996.893777
11009.119967
10987.895260
11010.352766
11012.195846
11007.004584
11009.690307
11009.030997
11013.457349
10995.792411
10985.802376
11014.354545
10988.413859
10996.615927
11009.784377
11022.523577
11007.297620
10987.355620
11011.819933
10986.556294
10986.888582
11021.620964
11009.132518
11019.015229
10984.731707
10995.010913
10983.968191
10995.583192
11035.221907
10993.789730
10996.397013
11024.038505
10972.138001
10996.814501
11005.359324
11023.927813
11022.993902
11018.338093
11028.182310
11017.561132
10965.026630
11010.015697
10999.499180
10962.363718
10974.896128
11002.028184
11009.360272
10991.675678
10972.979384
11022.010697
10982.649036
10982.675950
11030.656522
10982.003133
10995.144662
10995.164084
10974.649464
10985.232219
10995.830175
10984.787738
10996.573327
10984.006652
10987.759028
11014.896364
10999.929376
10999.950525
11010.815673
10977.986600
11031.104854
11014.010598
10998.431136
11030.517302
11022.981201
11000.511813
10999.498650
11020.672207
11039.813678
11040.290353
11022.433751
11000.089646
11021.460671
11094.862218
11025.652207
11038.221278
11038.729345
11064.246756
11053.989482
11053.399838
11035.237726
11043.786048
11009.617436
11011.352396
11049.927940
11016.355959
11029.839595
11011.905526
11038.122381
11035.819435
11022.934065
11044.812729
11054.261217
11065.089187
11055.085930
11053.951228
11053.650804
11046.192051
11056.946081
11087.028455
11056.324300
11046.174935
11075.086969
11057.525781
10952.944029
10988.215671
10994.535582
11000.318148
11007.984375
10997.233279
10997.333763
11026.717610
11026.242701
11082.408976
11013.603469
10998.494398
11006.808962
11035.883345
11008.042124
11008.218507
10986.127920
10985.360449
10999.164791
11008.246052
11008.819921
10986.292870
11000.491410
10997.935663
11017.333173
11017.209135
10999.750920
10999.231612
10998.020872
11000.799603
11013.141106
11071.945875
11003.856712
11016.957325
10997.328023
10986.109437
10995.917152
10996.367123
11007.686188
10997.197058
11040.773817
10997.159365
10999.451061
10997.237997
11029.038350
11028.560968
10999.309671
11040.205081
10997.825780
11009.555047
11010.945775
11030.879102
11041.127714
11046.331347
11056.586486
11057.629759
11057.097884
11056.534126
11023.350548
11024.068652
11009.189824
11079.009741
11022.156236
11077.592432
11022.876345
11008.870014
11008.337838
11020.827585
10999.688742
11038.626016
10985.826516
10987.429371
11039.233766
11010.081947
10998.523813
11017.397092
10975.025831
11016.961371
11009.005766
11059.453239
11048.485776
11046.401471
11011.821860
11019.810674
11018.699183
11010.872477
11024.259888
11035.071997
11034.204517
11037.704946
11023.728156
11024.607122
11011.332326
11011.519762
11022.945996
11066.250342
11051.843923
11012.297289
11030.256270
11029.749183
11011.476007
11040.689428
10988.225087
11042.973463
11041.183788
11041.805273
11000.402095
11014.742747
11012.518598
10987.591496
11000.290300
10998.716015
11016.051538
11011.169599
10999.306758
11022.821024
11011.415253
10999.179308
11009.783951
10999.629030
11028.391701
10986.797142
10986.899912
11028.862007
10998.989154
11012.431257
11011.554443
10987.659248
10988.144797
10966.532455
10999.075786
11010.957289
10988.920903
11002.070965
11001.266468
11012.203107
10997.927145
11000.999207
11038.228724
11026.763019
10987.310627
10975.797470
11000.079053
10998.719125
11007.064699
11007.056855
10998.332907
10985.411083
11007.128071
11035.613565
11006.831765
11006.051608
10998.530104
10986.873876
10997.581520
10985.186967
10986.014032
11007.657668
10999.559254
10987.493160
11008.682443
10988.205576
10975.799138
10973.562623
11025.832145
11009.041709
11021.087295
10993.525463
10993.426308
11022.355720
11007.369757
11047.883267
11036.538213
11047.480511
10982.928550
10999.954870
10998.594477
10996.761377
11028.615361
11049.959541
11030.333505
10998.137182
10997.525712
11013.563364
11013.570614
10996.887032
10996.147048
10997.465965
11013.988367
11035.791031
11032.317106
11033.029571
11010.404452
10998.671229
11052.527707
11035.976151
11022.252396
10996.174963
10997.701984
11008.036141
10996.881524
11020.104094
11010.462105
11027.496363
10998.416972
11028.056788
10984.600140
10984.497351
11016.216041
11015.738802
10985.436381
10988.797167
10984.427782
10984.476261
11027.891022
11027.892778
11005.962943
10985.235702
10997.850190
10996.900807
10996.803003
11009.340050
11012.296315
11009.622751
11027.961341
11026.876254
10996.274206
11010.084457
11007.994839
10986.123330
11017.697571
10985.366902
10998.449087
10994.376928
10993.969910
11000.314732
11055.925982
11039.178410
11012.449178
11012.366014
11054.931921
11055.917161
10996.726377
11039.646321
11081.231329
11126.244563
10984.806779
10984.223077
10971.237629
11013.094833
10982.625281
11008.299776
11004.638907
10995.542365
10997.359439
10995.685848
11006.206444
10972.801487
10982.093408
11009.650778
10972.726325
11006.125381
10982.710764
10997.097641
10996.576698
10996.496488
10997.419402
10997.340325
10987.464288
10987.759646
11007.758814
11007.637814
10987.151019
10976.217225
10997.255990
11019.548390
11011.372470
10996.968377
10996.783916
10994.059418
11035.279820
10971.743455
11013.511567
10983.239867
11010.107848
10996.064392
10985.189578
10996.863046
11038.522392
10995.471215
11009.343829
10985.248067
11007.906728
10995.984391
10996.501298
10986.909517
10997.319061
11000.942275
10984.512704
11019.314836
11011.839035
11000.288443
11011.496589
11027.972049
11013.998406
11002.231135
11023.274974
10995.976701
11024.777521
11024.881585
11002.195400
11026.301741
10995.715564
11020.562180
11036.256668
11037.139634
11032.147081
11023.940932
11034.051572
11023.587839
11010.923885
11035.164778
11022.505372
11009.875425
11022.324168
11025.296308
11024.698220
11024.626135
10996.536024
10983.881943
10983.190943
10983.320930
10995.248136
10995.907317
10983.878295
10970.943190
10982.394205
11023.025027
11022.917133
11022.246677
10981.255314
10998.388557
10999.287212
10989.107508
10995.875172
10982.991075
10983.715583
11025.890400
10997.900854
11011.143419
11013.423768
10973.697723
10971.971433
10971.878127
11012.984196
11011.888564
10999.709284
10971.598412
10990.675331
10961.672103
11008.530049
10973.447667
11001.375026
11051.661954
11048.807356
10997.896781
11007.874201
10971.965681
10962.663455
10962.651286
10984.891732
10982.857349
11011.274644
10998.628181
11016.273961
10999.481491
11015.206751
10988.337884
10983.624566
10973.488870
10973.613836
10988.047275
10988.211011
10977.441027
10986.077281
10988.061077
10960.927564
11056.094204
11043.140347
11042.292253
11042.274763
11029.090952
11034.464952
11009.764249
11029.064713
11026.019153
11029.061950
11035.541516
11046.727356
11047.242156
11002.102038
11001.314107
11015.196513
11022.730279
11041.925672
11041.849031
11027.622150
11023.322969
10973.298737
10973.426325
10986.664814
10997.272257
10960.880130
10998.480664
10997.149702
10997.560965
10993.693956
11084.683486
11019.637583
10984.878944
11012.979426
11001.553903
11041.802982
10973.871762
11007.542611
10962.370274
11013.078900
10998.468438
10999.773535
10984.773584
10973.641063
11002.617346
11010.675924
10974.308908
10973.895575
10999.681621
10973.326201
11000.814685
11015.478003
11011.950807
10996.755324
10996.303024
11027.058980
10985.716412
10997.622362
10998.903987
10997.607376
11025.767838
10975.545203
10977.198292
10986.504534
10998.181208
10987.071257
11060.020207
10988.586556
10999.756129
11029.285734
11030.027230
11001.079105
10999.356469
11015.963174
11028.741348
11031.168980
11041.490262
11046.768371
11010.532516
11008.764193
11007.853811
10996.077046
11007.811267
10996.832790
11038.944300
11039.003487
11010.042350
10995.539999
10996.947628
10999.625765
10985.200750
10984.462400
11038.050377
10998.459889
11008.904010
10998.775978
11027.551414
11026.916184
11007.469298
11027.053711
10984.495572
11009.741397
11027.009263
10995.119417
10984.384684
11038.384609
10997.089223
11006.692421
11021.698057
10996.149961
11009.527977
11039.960706
11040.850451
11009.317133
11067.701163
11067.238444
11057.007145
11025.498758
11029.191964
11033.334052
11043.397231
11041.365515
11040.749268
11031.148468
11023.596175
11033.102535
10999.621679
10999.646582
10996.806227
10995.948498
10998.486997
11025.237216
10999.112377
11012.054889
11013.507927
11047.277591
11048.410605
11035.076123
10996.234342
11051.105168
10996.323774
11050.643160
11007.080913
11008.585229
11061.001691
11020.486248
10997.952109
11006.612356
11007.969999
11034.929201
11044.639510
11000.503135
11043.487154
11011.457511
11021.685332
11024.653878
11060.108928
11040.648362
11058.970871
10999.872130
11035.125089
11020.183026
11007.703531
11009.354523
11050.790569
11010.788723
11024.792591
11020.707117
11028.479048
11028.972828
10974.106042
11000.679868
10991.841755
11047.575276
10953.090358
10999.726573
10962.562451
10996.955987
10998.275267
11011.754115
10999.565653
11003.133017
10985.633019
10985.008179
10988.935346
10999.098432
11001.979132
10997.241930
10988.364251
11000.400454
11001.802929
11002.802776
11048.465654
10976.618744
11037.064408
11011.932360
11012.050455
10987.697144
11109.401482
11073.645610
11046.082149
11043.204768
11098.212899
11074.809863
11064.369237
11043.961386
11047.921284
10988.139729
10989.296084
11010.297651
11063.061322
11078.010265
11098.387958
11045.563109
10996.840308
10996.757967
11051.243402
11032.419798
10996.127749
11022.084734
11038.729829
11023.329237
11033.708632
11023.214827
11022.199251
11023.695008
11022.956251
11024.684499
10994.504061
11023.614651
10994.931855
11023.727663
10995.909226
11038.658142
10999.256169
10996.179488
10996.981040
11006.753049
11009.573441
11027.998236
11029.127191
11010.784559
11009.542890
10988.438994
10999.419079
11048.866558
10996.146275
10997.569053
11008.200694
11007.165407
10998.072737
11010.659671
11020.343975
11038.254259
11038.883742
11019.155407
11019.269559
11029.760975
11023.659206
11031.550334
11021.896007
11044.362649
11042.629808
11039.760789
11043.729932
11043.111362
11070.995297
11065.174771
11034.099627
11043.289774
11040.897743
11043.764795
11060.119140
10977.369593
10996.582038
10976.332107
10998.299443
10983.095398
10973.577296
10963.405018
10974.406242
11010.231076
10988.258382
11031.729261
10987.294581
11022.071987
11024.777618
10983.517961
10983.984200
10987.972893
10987.151295
10985.383886
10998.476546
11040.890843
11009.628039
10999.033190
10984.955351
10985.397157
11009.400452
10972.507743
11013.689718
11018.828266
11005.930783
10996.596956
10997.254310
10999.152481
11006.839876
10999.319270
11021.561741
11035.511725
11012.270958
11023.896998
11026.395050
11036.046071
10985.472015
10996.431067
11050.832986
11019.007354
11007.860625
10997.785212
10988.218747
11002.563893
10972.914215
10999.991404
11011.125815
11014.590384
10996.733923
10999.923232
10998.012998
10998.685810
11029.771676
11010.828570
11038.127223
11022.323708
11024.454614
11023.756780
11049.795529
10995.491721
10995.286035
10995.347148
10995.210259
11037.866967
10995.161316
11036.932410
11037.513733
10984.226094
11018.178495
11030.545095
11030.509171
10987.851603
10998.374177
11010.879683
11011.491002
11027.557103
11011.517042
11013.366720
11025.046145
11023.770558
11026.010749
11011.674510
11062.537266
11055.539576
11000.071384
11056.123445
11012.793826
11030.943305
11024.023822
11010.689638
11024.955288
11012.863719
11011.946983
11029.877400
11021.315754
11022.834001
11023.728400
11010.289158
11050.184496
10998.672187
11043.847433
10999.668628
11000.306637
10999.518642
10977.407887
10978.481861
11043.273992
10998.406476
11029.660088
11017.276692
11042.345249
11045.257369
11023.006541
11031.075678
11055.385709
11049.214717
11060.902928
11059.114837
11059.837439
10996.134360
11007.251468
10999.157424
11002.717779
10996.873055
11014.993144
11011.030503
10999.318359
10985.777806
11027.991682
11029.040377
11011.029015
11011.840852
10996.824742
10998.856896
11026.215195
10998.339228
11003.983487
11037.165150
11033.769014
11034.977425
11061.512548
11040.063797
11018.643642
11048.029232
11050.883235
11024.161424
11024.823197
11009.652037
11009.118828
11021.649962
10985.502050
11010.663655
10999.679466
11015.205977
10989.433037
10999.381989
10998.941134
11001.375436
10986.116058
11029.210930
11050.049427
11011.167213
11009.385872
11007.685249
11021.374444
11022.064644
11010.507350
10995.976005
10997.057648
10994.893595
11009.317255
10985.682441
10999.014664
10998.442872
11022.783304
10974.424671
10972.621530
10995.806130
10998.011975
10973.668843
10996.501877
10975.433444
10985.237409
10982.832528
10995.828787
11021.144886
11024.032660
11031.419451
10998.564364
10997.211482
10999.040853
11000.385757
11022.216042
11014.068975
11013.503409
11046.264184
11042.029038
11034.088168
11031.358014
11030.734219
11030.363982
11030.943175
11051.863714
11040.643449
11041.452956
11032.967135
11010.963847
11003.400943
11013.658792
10998.669139
10971.614920
10973.119799
11000.332363
11033.973397
11050.311548
11033.948325
10970.202186
10971.560412
10999.785982
10971.923381
10983.972681
11013.025989
10997.598647
10982.270342
10987.619469
10998.568660
11014.395743
10998.302439
10988.193447
10992.052874
11023.372628
11024.246137
11010.126946
11000.326821
10999.128886
11011.349855
11015.806369
11038.980037
11040.451365
11022.569765
10995.984766
10995.134477
11008.602505
11023.437749
11038.388577
11037.859956
10996.928305
11029.370099
11013.524473
11029.985648
11030.103934
10999.086797
11029.491033
11033.998521
11033.484543
11049.791364
11049.290321
11001.220723
10988.303248
10989.393190
11024.490116
11009.620505
11034.741081
10983.182419
11021.479678
10996.495470
11023.975342
10999.504750
11025.777899
11040.989056
11038.836020
11041.517972
11038.867651
10982.633137
10982.531014
11009.226073
11021.878549
10964.249199
10998.505613
10998.022787
11049.616473
11017.472696
11014.896286
10989.184224
11001.740329
10997.881397
10994.510589
10975.000267
10986.780065
10995.779736
10985.641383
10971.523488
10971.623034
11000.791643
11004.557136
10990.175592
11000.025732
11044.189281
11044.185815
10995.803206
10986.358907
10997.412054
10996.514189
11004.469212
10997.969503
11000.237350
10964.053742
11010.885280
10974.042553
10973.404858
10998.317270
10974.764746
10974.325097
11014.493230
11011.260695
10983.541877
10999.882478
10971.717744
10985.563634
11023.331212
10985.369313
10995.877919
10985.977368
11135.039753
10975.897525
11000.969685
10988.718471
11012.647305
11024.055509
11015.229448
11033.001191
10998.954482
11035.706344
11046.015271
11048.264603
10973.040714
11014.090354
11025.125539
10988.192304
11014.294509
10977.376435
10989.768494
11002.134655
11037.367280
10974.389814
10998.097229
10988.302163
10987.054326
10997.810170
11022.641228
10988.067528
10985.032381
10974.599161
10976.319669
11017.764237
11072.656733
11007.953614
10984.042215
11007.834540
11008.365825
11092.118723
11096.242729
10985.798564
11008.677688
10987.470035
11000.576333
11007.804421
10972.876222
10974.366853
11047.460285
11000.694566
10997.139496
10996.423527
11010.347890
11002.215806
11011.178555
11013.491734
10986.117076
10985.711411
10974.059961
10998.299823
10998.208089
11012.910947
11014.595243
11002.920458
11014.262406
10984.988444
10985.948985
10990.549960
11010.209514
10999.024234
10974.751402
10996.619271
10996.106875
10971.729944
10971.718208
10976.684769
11009.416198
10995.904323
10996.686227
10988.339333
11014.406919
10999.487466
11009.192587
11002.320340
11009.839563
10986.104923
11027.080181
11027.085921
10985.469266
10989.108604
10975.293968
11016.459018
10984.508142
11016.981568
10984.359709
10998.382813
11025.993883
10997.915918
10995.699645
10997.054373
10985.184545
10983.637282
10995.243907
10994.330850
10994.292958
11007.132232
10985.054180
11008.613793
10986.018759
10986.979510
11011.379372
10996.074094
10987.525398
11025.565729
10974.375947
10972.716846
10972.618888
10999.234486
10972.362680
10986.005890
10972.480176
10982.766558
11000.111837
11001.349362
11010.161923
10973.420183
10986.119327
10995.035647
10984.526107
10971.806332
10973.093911
10972.424456
10972.463500
10985.392642
10985.040512
10988.905971
10987.042731
10979.007492
10993.439067
10964.023650
10999.136967
11010.834189
11009.420783
11029.473431
11022.686836
11000.892919
11002.660084
11020.374642
11002.060125
11002.608357
11012.731349
11012.314787
11013.611285
10986.911673
10986.329949
10988.166706
11002.520739
11013.886376
10987.444250
10986.919118
10987.936485
11000.931290
11002.301838
11001.815979
10985.765259
10984.231148
10988.603175
10987.131682
10974.357313
11014.931167
10986.372651
10975.157440
11002.441509
11010.506424
10988.112781
10977.629474
11021.999626
11019.240191
11031.813816
11000.433219
10987.300693
10988.545670
10953.980572
11037.174283
10963.251581
10963.247846
10997.040138
10999.762328
10991.077405
10975.132727
10977.972548
10998.603894
11048.179772
11047.234749
11047.276746
11047.642484
11065.617740
11048.152709
10989.263966
10985.096254
11009.366443
11013.234295
11001.208265
11030.181511
11047.090256
11032.251588
11031.848720
10986.291720
10998.090245
11015.033044
10987.588269
11013.380289
11030.154354
11000.188023
11013.323078
10987.594619
11008.390570
11029.631715
10983.623149
10984.574088
11021.665448
10987.805606
11014.526622
10985.444821
10986.130799
10985.976187
11000.626270
11011.842327
11000.518300
11014.309691
11024.483889
11013.999074
10986.693505
10972.686506
10995.046859
10988.023624
10987.679281
10961.745268
11010.337238
10974.104069
10975.387219
10975.680094
10988.303735
10989.020835
10999.557790
11000.378189
10985.048277
10974.927915
10984.994831
11010.654353
11012.846451
11023.209224
11012.835116
11012.906801
10984.714888
10974.902783
10974.374103
11002.847443
10993.531037
11033.504613
10994.865130
11031.347652
11020.382917
10996.437824
10995.792131
10986.149776
11024.657707
11014.750064
11034.377455
11029.095331
11043.670844
10987.434170
10984.895179
10973.726449
11011.599248
11019.177105
11010.671871
11020.911230
11003.308993
11010.651110
10974.328664
10973.581636
10986.299043
10974.265616
10987.566208
10977.655656
11003.394061
10973.286489
10973.879065
11009.369695
10972.526433
10998.321542
10998.776185
10989.890766
10977.436352
10990.109430
11000.756265
11001.262607
10984.231833
10984.893082
10975.130232
10975.803076
10976.872107
10997.375621
10996.577977
10975.148552
11024.728394
11026.268777
11011.610731
10997.555163
10963.426652
10963.501797
11010.443033
10972.719799
10984.195865
10973.320348
10975.316938
10997.616223
10997.274947
10983.525668
10984.190002
11020.858193
10983.586961
10985.514931
10985.157658
11010.818792
11009.238122
10973.462306
10997.927079
10995.153202
10972.852820
10973.428093
10995.694303
10971.593746
10970.273134
10962.317135
10974.560813
10975.689654
10951.632023
10988.565643
10977.536863
10974.222658
11017.143619
11072.223693
11027.765950
11008.149512
11009.385108
10984.392816
10998.809938
11026.272782
10986.416186
10960.902850
10962.262773
11001.056611
11009.624281
11028.413121
11027.622766
11006.723840
11015.053735
11013.847322
11013.831668
11006.191357
11019.003333
10995.708112
11006.346690
10996.040202
10984.709109
11019.706233
10984.863801
11049.415644
11005.605734
10996.484584
11007.485718
10995.327751
10984.511822
10984.601765
11032.152356
10988.955584
11012.085954
10999.399526
11023.903895
11011.322117
11022.773342
11039.977863
11012.047569
11009.647321
11040.483967
11011.673151
11011.698310
11042.871986
11064.916940
11089.109117
11054.099683
11055.861595
10998.464130
10998.639570
10985.908900
10985.497850
11003.611059
11026.995315
10997.595161
10983.523053
10984.086691
10983.406085
11009.661514
11012.079707
10986.055450
10999.631343
10995.076426
10964.314914
10985.874563
11010.012687
11009.423270
11010.054929
11012.886049
11009.473063
10989.436611
11058.824602
10973.943593
10963.014166
10972.570191
10971.914349
10999.153900
10985.609082
11002.697456
11008.596410
11009.963031
10983.333339
11013.208023
11019.974820
11014.420227
11024.114178
11026.581142
11012.153636
11016.134669
10983.438031
11009.186427
10983.918101
11025.288191
11026.974900
11002.159151
11003.408029
11013.971198
11027.995629
10998.159723
10999.225622
10996.434095
11036.142946
11020.855918
11034.862203
11009.702055
10999.342486
11009.208957
11024.652288
11025.097820
11001.334944
11012.523213
11024.151042
10999.910566
10988.331082
11033.070981
10961.912811
10986.806608
11010.582390
10989.467545
11027.213729
11009.194329
11008.319324
11019.171589
10985.801419
11027.247776
10985.055134
10989.505915
11001.157026
10998.958741
11018.664831
11010.149703
11001.471195
11018.131237
11041.833060
11042.348016
10971.639140
11057.850366
11029.876049
11041.213768
11009.379958
11000.892173
11012.659834
10985.865389
10986.568160
10985.336962
11029.517907
11011.329147
11028.403354
11024.452140
11017.519937
11016.996050
11038.962856
11042.376657
11042.923151
11011.309826
10963.047612
10974.236295
10974.239468
10961.560635
10991.222821
10962.994031
11073.456327
11019.820156
11048.250369
11067.317662
11046.736195
11048.227438
11066.170951
11047.157206
11046.757984
10954.831562
10990.657686
10943.561130
11019.794571
10988.157240
10976.975771
11017.583003
11018.080009
10986.375041
11042.480159
11072.877505
11013.256952
11011.863053
11041.369847
11041.271439
11041.175241
11021.597044
11022.217570
11022.946488
11077.276414
11086.302974
10990.251065
11000.939995
10973.506100
10986.671208
10986.586321
10985.289522
10991.442651
11016.059706
11003.307752
11009.062269
10999.221925
10973.260314
10973.294426
10972.931872
11001.272675
11000.946773
11028.757079
11041.650207
11084.911885
11095.660370
11065.171257
11042.054869
11040.305619
11084.826062
11062.265341
11055.574829
11057.311400
11059.067637
11066.417136
11082.607037
11080.047616
11068.179466
11091.184667
11092.280402
10988.375353
10987.680186
11029.095741
10988.941532
10983.971055
10998.762989
11029.687494
11024.649110
10998.883330
11051.995141
10985.512846
10991.156834
11011.199196
11016.528901
11011.705496
11026.159985
10984.297878
11000.538655
11014.973800
11000.906902
11002.555834
11001.491482
11000.242927
10984.485734
11021.588287
11011.801915
11029.882856
10999.209912
10986.028573
10986.243264
10985.750489
10978.616145
11010.315806
10984.817791
10962.629311
10973.547689
10973.868619
11010.102372
10960.963542
10961.214631
11000.176498
10975.152606
11011.271890
11019.384952
11024.529620
10994.770303
10983.891095
10974.559989
10995.623871
10973.502213
10995.936738
11005.144856
10975.975575
10997.022508
10974.398075
11007.370274
10996.780484
11006.733005
10997.042019
10997.122847
10985.769098
11007.339299
10981.971898
10995.307354
10995.555132
10995.809310
10996.299880
11035.475286
11030.021345
11036.675787
11002.371638
11026.940742
11013.030803
11039.629304
11022.644005
11027.527963
11035.524052
11025.176987
11009.795081
11078.179862
11040.875195
11043.137701
11065.286655
11032.458096
11044.204834
11032.992444
11044.148791
10986.559168
11028.027632
10987.178268
11028.045619
11026.330171
11017.017320
11017.533591
10998.475680
11019.580953
11003.774432
11020.192990
11093.879411
11049.666853
11059.912174
11032.583320
11033.934730
11033.549397
11060.466072
10982.742283
10998.954808
10983.408335
10988.231502
10984.258753
10994.171022
10999.823335
11011.017822
10993.679843
11015.821617
10983.314440
10985.016820
10985.003538
10983.001755
11017.398368
11017.458818
11009.694188
10989.455176
10986.230667
11028.862885
11011.024136
11037.205102
11029.376230
10997.380746
10997.786181
11010.975793
10999.081897
11008.781157
10989.153411
10986.010178
11028.681287
11012.386055
11037.295581
11029.216432
10998.188760
10984.694020
10997.626901
11010.823097
11013.227485
10985.427728
10997.857512
11011.058213
11030.145220
10999.095975
10998.683188
10987.335215
11113.655228
11067.795798
11069.516999
11070.413454
11072.630450
11078.598080
11102.778267
11051.317150
11039.296993
11039.792486
11040.145039
11061.529584
11034.643223
11031.788815
11033.066183
11030.747091
11084.992812
11095.488354
11084.695358
11062.502628
11014.515319
11027.766175
11020.246650
11030.328223
11051.315493
11063.638982
11031.397177
11021.373387
11037.315957
10999.208024
10984.469878
11012.423286
11019.752591
11012.403338
11012.119669
11019.476235
11032.891025
10990.084247
11084.346164
11074.931471
11139.007863
11130.595656
11130.596991
11138.983145
11104.858792
11113.983302
11138.354786
11132.315015
11120.066451
11101.734424
11023.751376
11027.124725
11036.713045
11030.103741
10984.435036
11007.093592
10996.647278
11024.817400
11007.836518
10998.047419
11082.205405
11071.949595
10965.552742
10988.520215
10988.044606
11016.120116
10975.165377
10985.419914
10986.258512
11015.042153
10984.605223
11038.922349
11011.753408
11027.288372
11015.629627
11014.613709
10987.130732
10987.059533
10988.487443
10962.315936
10992.584487
10966.288877
10999.460214
10963.129675
11041.882437
10985.872719
10984.337885
10999.491532
10986.672234
10985.314799
10996.175510
11009.374432
10998.854716
11012.645323
11012.566507
11021.939460
10971.888671
10972.399465
11013.601711
11012.207271
10994.957661
10998.841115
10989.066380
10996.397863
10996.389045
10999.324806
11015.259429
11000.816163
10964.429201
10964.794651
10974.150290
10964.478467
10993.402140
10983.526125
10996.747440
10999.239208
10998.664986
11023.267569
10972.084038
10972.657431
11022.546959
11021.220719
11022.719997
11012.552421
10971.122041
11022.616198
10972.370932
10985.024571
11013.957295
10986.740814
10985.349037
10984.360855
10986.202010
10984.262741
10974.377892
10975.361902
11022.783325
11008.399782
11002.452301
11012.536931
10999.899702
11011.132892
10997.362736
10997.853757
10984.688202
11010.871277
11010.340250
10988.589953
11014.586151
11015.937181
10988.745018
10998.206167
10997.632894
10985.817346
11012.817614
11012.282799
10974.958897
10962.406302
10972.504785
10971.802762
10962.399173
10985.886337
10970.932799
11032.331296
10986.819644
10986.986956
10998.159662
10972.463177
10987.792160
10983.677950
10983.478688
11011.150233
11011.110951
10996.981273
11042.178083
11052.586512
11068.920575
11066.308458
11026.660641
11027.649500
10984.182432
10993.579079
10996.539763
10992.987984
10984.251382
11013.552965
10997.023561
10984.337973
10961.822054
10972.384997
10973.445325
10973.554854
10972.291995
10984.605228
10986.712021
11026.169829
11008.828471
10997.760195
10982.742673
10987.852242
10986.289645
10996.349692
11082.050078
11013.476117
10972.403235
10962.364851
11002.552203
11010.702241
10973.211081
10973.046047
10991.631972
10971.721887
10997.184805
10984.217256
11008.999341
10998.242101
10996.902689
10998.612868
10983.229600
11010.101764
10977.009462
10976.119032
11001.044677
10977.341722
11000.109559
11012.037642
11000.856617
10984.216379
10995.994317
10984.547880
10995.829750
10984.785773
11014.027336
10986.692615
10998.848940
11025.977493
11014.866159
10998.938792
11010.018472
10987.786622
11013.370087
11010.725878
11025.107691
10973.976186
11031.807217
11062.142810
10983.885061
11019.192304
10984.305790
11014.280676
11009.907039
10975.874666
10984.440559
10984.815202
10996.743459
10996.632968
10988.191576
11008.647047
10997.032351
11000.189551
10975.585749
10974.637523
10985.198756
11026.013413
10999.192596
10973.922707
11008.348848
10984.209490
10983.957221
10981.458746
11058.648427
11030.862267
10984.260610
10996.006877
10995.210431
11005.045769
10995.240312
11005.078700
11025.536978
11009.933780
10983.376050
11037.188813
10983.939844
10987.814990
10999.735698
10988.146930
10976.289498
11022.590127
10995.625762
10986.102027
11001.042160
11010.668747
10974.625674
10974.085465
11000.890852
10961.641019
11056.884688
11041.131552
11033.545565
11044.993705
10985.453453
10962.796172
10996.283820
10999.296622
10973.299550
10985.391733
11000.305879
11004.458668
10999.390938
11003.220363
11014.988227
11014.908740
11049.372701
10986.106758
10998.004619
11017.580904
10995.627138
10995.018872
11010.819077
10989.087251
11002.190308
11014.898924
10987.206273
11031.460140
11014.284453
10999.840385
11034.118639
11014.500178
10974.536295
10964.856118
10962.710000
10973.825837
11004.429298
10988.385100
10990.690987
10998.634249
10987.907597
10988.838325
10972.624984
10961.729771
10999.895168
10998.577233
11000.353716
11000.932224
10989.457294
10984.469304
10999.052258
10990.468870
10984.531499
10973.165517
11014.078376
11015.747492
10988.458586
11124.592836
11102.068611
10975.143484
10964.261701
10975.141464
11028.422246
10986.692659
10984.929966
10997.647732
11090.530246
11112.028367
11093.407415
11131.904254
11208.533662
11015.228243
11018.270131
11014.765855
11004.811627
11026.511543
11009.288032
11008.491626
10997.548132
10960.706658
10982.441704
11024.460679
10984.412448
10983.024058
11000.740502
10974.366009
10974.658788
10987.815074
10985.923863
10972.396409
11013.087544
11019.940566
10983.474143
10984.983780
10984.484025
10995.244129
11002.738024
11009.579586
11003.032093
10972.877120
10984.346549
11019.791844
11010.682022
11011.210747
10981.703280
10960.954496
10986.029584
10951.585465
10975.249531
11038.633171
10986.897298
10996.958607
10994.785840
10970.400634
10986.055871
10961.145503
10987.251506
10986.585068
10986.223302
10974.118340
10974.974963
11018.017551
10984.403570
11017.613473
10982.272723
10983.796871
11005.780950
10993.681895
11006.257699
10983.764662
10972.883861
10993.007823
11011.317620
11024.010066
10983.756887
10996.048956
10995.784060
10982.105721
10993.418207
10995.970802
10996.205522
10972.655933
11011.306788
10996.456476
10997.804913
11038.331464
10995.362320
10986.578918
10995.861717
11014.419465
11012.916931
11008.102017
10996.261904
11014.345417
11053.314920
11003.547108
10997.340088
11003.105490
11025.498919
11005.867558
11006.834343
10998.303398
10987.105298
10985.960575
11019.516339
10995.516843
10985.058539
11019.485102
10977.160086
10976.208817
11008.871290
10998.920852
10998.164863
10975.280191
10964.300820
11026.730839
11031.010715
10994.924258
11024.113331
11011.469479
11008.507933
10990.354403
11009.997792
10985.566454
11008.566555
10974.988129
11010.789775
11028.951809
10997.153468
11010.593393
10982.972523
10982.025086
11039.543741
10997.457266
11042.226576
10997.501158
10997.139629
10976.006278
10985.984995
10998.276310
10986.137029
10986.777816
11048.919480
11010.303109
11067.352981
11009.294359
11011.643646
10971.672134
10986.245540
10984.478572
10982.807793
11007.192952
10979.978559
11007.156862
10997.784061
10971.170978
10961.714009
10997.011234
10971.103592
11037.165083
11064.213159
11040.331582
10971.747302
10971.306684
11012.013380
10985.732544
11014.447823
11009.927041
10996.655223
10997.437515
11025.232441
10976.633332
10995.701929
10996.445612
11024.926132
11022.650880
10995.016686
10995.759134
11024.219869
10996.407712
10997.091772
11018.672327
11038.008930
10984.338452
11009.897881
10994.511088
10984.656214
10976.845819
10974.663334
11007.824767
10986.410451
11012.652885
10986.211966
10985.027550
10985.717558
10996.822233
10983.587293
10983.591781
10983.787920
11032.408370
11007.555946
11008.470264
10995.389693
10999.505748
11006.021348
10993.930999
10994.524367
10993.652151
10985.310624
10993.702189
11007.279712
10986.215630
10982.907634
10973.623373
11008.063201
10985.345883
10983.856648
11024.735020
11010.116082
11024.754284
10971.776562
10972.650191
11028.773590
11015.203068
11037.264088
11022.533474
10987.121321
10974.119818
11053.198224
10984.838248
10984.231839
11008.999851
10997.438085
10984.749682
10988.867884
11015.315655
10989.257391
10974.422697
11049.233848
11035.953167
11035.006138
10985.648225
10995.467429
10987.825546
11003.304804
11014.345639
10970.149004
11026.974051
11027.461550
11020.190209
11021.234081
11026.594610
10995.682138
10996.211587
10985.832018
10984.592683
11014.601791
11024.429690
11028.868570
11028.456304
11017.899093
11017.984008
11017.551051
11028.629485
10985.903644
10987.178217
11020.594906
11021.127928
10970.952468
10971.808296
11007.665208
11011.193524
11010.794270
10972.437963
11000.156648
10971.882087
11013.867040
10995.740176
11011.243119
11011.230597
10961.576209
10986.731874
10975.204358
11014.721769
11021.140132
11027.109708
11026.870665
11029.342707
10994.230459
10994.840819
11027.784211
10973.982044
11016.441661
11002.593879
10991.426960
11014.319455
10998.454047
10987.064322
10986.414899
10986.828495
11017.403561
11004.438309
11010.376890
10985.220109
11000.988592
10989.135227
10985.024417
10985.609902
10986.437902
10962.886720
10985.207433
10985.182983
10986.324828
10987.726829
11047.949963
11047.921991
11042.310704
11047.279000
11047.251185
11047.451290
11024.995832
11012.174025
11044.064643
11043.951698
11043.993591
11000.395429
11009.547685
11034.495142
11043.996279
11044.666394
11059.489477
11059.991754
11034.977901
10999.701773
11010.661502
11024.653847
11024.523180
11011.303478
11032.461580
11023.731070
11011.465795
11031.957424
11046.413247
11007.548308
10995.121974
10989.751239
10997.662512
10997.018532
11028.957642
10996.260857
10984.567463
11035.494716
11029.681936
11000.897123
10996.723505
11011.375570
11011.242006
11028.400545
11010.071234
11028.412363
10985.040048
11000.834283
10997.490743
11009.221042
11008.471305
11000.800951
11008.992602
11024.687115
11026.561769
11022.745954
11012.369117
10984.314785
11014.285957
11000.551304
11015.301208
11013.720299
11013.098461
11094.174089
11000.207732
11004.360216
10990.572823
10984.484794
10972.377967
10996.051070
10987.958713
10999.733453
11033.543281
11046.783803
11031.604396
11015.468627
10985.852061
10984.511035
10975.184923
10999.188600
11004.471967
11000.232340
11022.295364
11004.618104
11004.567157
10976.158552
10998.191165
10974.497409
11010.970370
11001.031047
11014.484548
10963.475240
10962.669230
10997.597005
10961.947967
10972.474309
10985.637753
10995.016979
10994.376633
10986.481034
10997.657295
11008.926948
11004.286303
10998.210964
10999.081810
11000.101575
10975.109350
10973.001751
10978.256269
11019.851911
10962.287505
11011.577174
10961.620057
10998.485860
11000.133255
10960.839488
11009.971409
10962.232749
10974.230977
10961.638483
10973.664316
10961.480959
10961.608960
10998.259219
10985.230233
10990.260590
10985.919548
10985.800810
10984.526998
10972.676741
10971.686286
10964.215168
10962.213969
10999.182850
10974.218177
11008.739791
10974.850051
11009.186449
10952.423273
10952.298522
11002.191454
10985.792860
10985.940798
11013.617333
10972.686538
11027.084850
10999.166433
10983.624711
10997.855989
10972.418030
11003.768359
11007.541502
11009.020198
11018.415757
10986.449223
11017.902178
11283.677953
11111.263456
11114.056448
11091.311203
11036.694135
11017.764746
10997.858239
11020.042624
11033.432512
11018.428583
11017.610362
11008.142474
10998.867661
11015.328006
11033.584450
11025.739221
11008.583968
10989.439764
11010.283398
10985.080365
10999.654686
11015.481395
11022.692677
10985.667395
10996.982466
11017.129619
11030.520850
10995.607017
10996.101329
10995.410318
10994.609765
10996.105148
11011.871373
11010.514210
11012.548379
10995.992148
10973.580115
10973.262790
10997.627830
10985.750240
11014.932610
11014.626650
11007.299129
10997.362426
11031.301297
10974.725802
11000.295455
10974.652338
10984.181968
10983.586991
11022.520909
10974.205780
10983.422430
11010.393790
11010.568362
10974.119223
10999.382757
10983.485171
11024.771490
11001.047665
10984.169570
10983.590114
11008.537230
10988.819402
11009.850799
10999.043613
11000.481058
11009.448903
10999.467105
10984.028373
11011.734109
10984.507266
11015.411550
11010.536679
10962.620174
11010.351640
10972.547725
11011.143678
10962.801712
10972.632396
10971.351299
11009.147203
11011.682885
10962.675410
10952.563420
10966.144543
10972.677236
10972.507259
11002.021189
11008.767141
10973.226964
11013.642657
11002.166728
11009.137497
11108.388567
11022.256662
11022.736700
10960.823901
10989.522822
