11796.713997
11785.966997
11785.267403
11808.262217
11808.544545
11789.729317
11826.147651
11823.959154
11777.236479
11787.218290
11764.396235
11797.779690
11820.179681
11819.172774
11820.779030
11809.961178
11824.351693
11787.988305
11814.891231
11811.188102
11798.939576
11814.910509
11777.466714
11796.458431
11797.085467
11818.291685
11808.540319
11798.370782
11786.216127
11807.900906
11785.279878
11786.760111
11776.799263
11822.634668
11786.132660
11823.946740
11823.540103
11826.340597
11786.447668
11824.888871
11811.489298
11834.697939
11826.425871
11787.734855
11787.108750
11836.066565
11827.954602
11843.302896
11813.085057
11796.734451
11796.338347
11898.220297
11800.184080
11814.119204
11825.493041
11801.078915
11810.397394
11898.153639
11813.534555
11828.983527
11813.303296
11795.792801
11785.742342
11824.238438
11811.916787
11813.119764
11824.147382
11809.868916
11799.468252
11848.462859
11863.561265
11823.163097
11811.998450
11821.392068
11823.271335
11821.406833
11830.832881
11837.778932
11826.736541
11788.130866
11825.328442
11813.548617
11810.606244
11822.152218
11796.315331
11822.467464
11811.002493
11810.414652
11810.774467
11809.246216
11820.529893
11850.392836
11822.227440
11833.358380
11806.819714
11797.583406
11798.187601
11796.753171
11798.792553
11810.307004
11799.271415
11797.512269
11786.537541
11798.439790
11835.099040
11801.355609
11823.869893
11797.563311
11802.346695
11826.376626
11786.896051
11826.776043
11840.595156
11824.425485
11855.778145
11853.673203
11855.333550
11853.179423
11822.407832
11823.197723
11872.921905
11800.051079
11810.251232
11821.364617
11838.840738
11821.188124
11845.455524
11818.536520
11817.955660
11822.428748
11818.596069
11797.401260
11798.272477
11809.617466
11819.943458
11822.375815
11807.192826
11824.842322
11814.562143
11796.060078
11797.457483
11819.792152
11828.350363
11835.122042
11832.324642
11821.970876
11796.791891
11796.716820
11834.157990
11821.644925
11810.732874
11799.770795
11799.779287
11834.913806
11832.020027
11808.179948
11842.919234
11817.550430
11811.707096
11832.662914
11809.732998
11820.918135
11832.069379
11819.103036
11806.241229
11818.227134
11808.154047
11808.335854
11822.041096
11822.039998
11822.923394
11813.377889
11785.222615
11824.921629
11789.320986
11820.027274
11857.878258
11847.493103
11857.582288
11860.618039
11861.235609
11819.867449
11785.071168
11820.308368
11847.663798
11846.896012
11810.415966
11821.097833
11821.067002
11835.770649
11785.210016
11808.399446
11785.319119
11795.302620
11819.905671
11819.474584
11785.157257
11818.855854
11785.787077
11819.880093
11818.895837
11810.434708
11829.798325
11788.347023
11787.237376
11807.470564
11810.881870
11810.623430
11814.988247
11828.306371
11787.836237
11878.705554
11812.156454
11812.482451
11853.740266
11814.544339
11863.655720
11846.739314
11908.885828
11838.250475
11806.079210
11797.232362
11809.221289
11785.043697
11783.479608
11789.147032
11836.237567
11799.025401
11775.189934
11809.101298
11810.431014
11796.820122
11821.547541
11820.506306
11820.551277
11810.423108
11846.079618
11822.310763
11820.505040
11820.546722
11809.885181
11856.566573
11859.951895
11809.085675
11798.611541
11821.375845
11835.401542
11820.195734
11820.830655
11849.131069
11807.132231
11849.235620
11806.043535
11823.671451
11839.445433
11785.179839
11785.926504
11783.892176
11823.335930
11824.114432
11874.064856
11788.402329
11824.889555
11830.164121
11815.857419
11813.956539
11812.992098
11807.670161
11835.936160
11785.790947
11796.017639
11796.155952
11821.511046
11820.366275
11823.523749
11829.769960
11823.461370
11809.848655
11809.684198
11838.392024
11846.756433
11861.437647
11812.640897
11814.339395
11833.524423
11811.359412
11806.689952
11807.870530
11801.613779
11852.404190
11811.446674
11824.303219
11928.813928
11911.837003
11811.025029
11852.804164
11800.179548
11826.191044
11812.174239
11801.014740
11786.553391
11798.191133
11799.011009
11787.406839
11791.196135
11785.161305
11929.679081
11912.284801
11911.730224
11929.363980
11900.251107
11881.887003
11881.905141
11900.837948
11911.108846
11911.140945
11941.688804
11826.609837
11822.976402
11837.032793
11827.278413
11836.498690
11813.679823
11802.413038
11846.049406
11824.002793
11929.075559
11940.786222
11833.282707
11824.453807
11814.240364
11852.327513
11811.693902
11819.153990
11809.672494
11849.901131
11811.846944
11837.102385
11836.434404
11890.592280
11824.768587
11810.766677
11811.641715
11852.121031
11822.547280
11823.942944
11825.031059
11859.360166
11862.236760
11860.084593
11820.590367
11809.888549
11849.377146
11796.641996
11797.230975
11807.471690
11854.086523
11855.996614
11855.656988
11875.883484
11857.397682
11823.142185
11819.744449
11820.191212
11819.723305
11823.300832
11813.408900
11823.285782
11823.076918
11810.038840
11847.838080
11848.571149
11826.773085
11813.042648
11822.417188
11785.925230
11823.990676
11813.133875
11812.878881
11801.031279
11835.112569
11800.495678
11833.870102
11824.998322
11814.184554
11898.816552
11789.650787
11836.676505
11785.195546
11823.846507
11809.765522
11812.318427
11829.015760
11812.823448
11809.573307
11821.635565
11823.737104
11820.899858
11785.246185
11785.694164
11819.987023
11825.629687
11786.329144
11809.037985
11797.398470
11797.264553
11826.173805
11825.909991
11818.775610
11820.701837
11819.914150
11798.939660
11823.498817
11840.582785
11850.781059
11798.198419
11798.152399
11828.993225
11785.158117
11785.544256
11774.528246
11827.893005
11810.656740
11811.411314
11810.097884
11827.939268
11826.430973
11866.123645
11827.520198
11810.764090
11809.762845
11809.743620
11799.349976
11820.121201
11809.244158
11809.272275
11810.762743
11809.843491
11809.825185
11856.433279
11859.969516
11823.890065
11784.712759
11785.010730
11823.842220
11775.108790
11773.850289
11851.841744
11834.944858
11839.322873
11813.441279
11829.681118
11825.827562
11796.351038
11836.538074
11785.721959
11909.604608
11857.889566
11861.461249
11861.503841
11861.003272
11839.425990
11787.980902
11799.691481
11810.555676
11797.014165
11810.540421
11784.730257
11837.213720
11787.489567
11787.395682
11796.883207
11814.988497
11822.857898
11815.337226
11847.541413
11836.378978
11836.826346
11820.796690
11810.881847
11838.618915
11807.331252
11810.846352
11801.147719
11811.681244
11802.073113
11809.086811
11809.665893
11810.494493
11802.327450
11813.195597
11840.328350
11812.183812
11843.720168
11843.980251
11845.653733
11844.551054
11859.046551
11851.737485
11861.445580
11853.496531
11858.910025
11854.322803
11840.899284
11821.692656
11789.856642
11786.730589
11787.758912
11822.926904
11811.676040
11801.233579
11811.933787
11826.337525
11798.276943
11838.403623
11846.197632
11899.942853
11824.596123
11852.199747
11855.479279
11854.938564
11812.732505
11824.797382
11853.189301
11810.087510
11820.642845
11823.019760
11800.599411
11820.673492
11799.417253
11809.317746
11843.972355
11844.042094
11835.720547
11841.220867
11848.124575
11837.594365
11853.643908
11853.716459
11836.694573
11834.984197
11867.708862
11866.479007
11867.737558
11865.941811
11787.639978
11788.509176
11794.021406
11785.259088
11809.710679
11775.118866
11774.208527
11798.646170
11784.481902
11810.182759
11810.235053
11851.349611
11834.955953
11774.993903
11775.642689
11800.712276
11773.287035
11798.789580
11824.739081
11824.986802
11838.851719
11795.143096
11826.124453
11824.413688
11824.203883
11872.908798
11822.438449
11824.340669
11799.500730
11797.668242
11797.765127
11868.954412
11824.144256
11819.988356
11784.200100
11798.316669
11798.466941
11810.133222
11810.091891
11868.393031
11898.681253
11863.498920
11919.674471
11821.383657
11822.262177
11823.739220
11862.969833
11836.171760
11797.166798
11796.593592
11796.699134
11819.168708
11796.225028
11783.825438
11784.407444
11794.376238
11924.476110
11806.637391
11824.635131
11790.098023
11819.323152
11838.100979
11808.568184
11808.732406
11822.458589
11810.465925
11810.416241
11822.096287
11820.760648
11818.553577
11809.352049
11795.413144
11795.505406
11797.589191
11797.261004
11798.373073
11810.235655
11785.276495
11775.215402
11785.220264
11820.660282
11810.302165
11821.450776
11794.586574
11797.190629
11798.614632
11807.619990
11818.780450
11809.132298
11808.326869
11786.103866
11808.597488
11784.373413
11774.438085
11775.048079
11811.144574
11837.570639
11797.026121
11795.901161
11810.315388
11835.395937
11808.337087
11824.436181
11824.900722
11824.068434
11826.301996
11836.014683
11825.849936
11823.462848
11810.198391
11809.390818
11822.774860
11840.971532
11850.982594
11866.215348
11859.914408
11822.717519
11810.349697
11866.193722
11859.600404
11834.720907
11821.419641
11820.110275
11835.739958
11806.831574
11823.105194
11835.265980
11842.179452
11842.050230
11821.354434
11822.981512
11853.305167
11811.471582
11853.286415
11821.556234
11821.489517
11836.621852
11824.564330
11808.115681
11801.306836
11822.872356
11824.248159
11853.491873
11812.420225
11853.498934
11834.141976
11823.794388
11826.075326
11873.195437
11869.750589
11810.240238
11820.503829
11804.632616
11805.773239
11835.356637
11795.764098
11857.077114
11857.338639
11888.913700
11864.865887
11824.211907
11808.423316
11821.646856
11823.066076
11833.396518
11826.379192
11849.914255
11851.168985
11839.331896
11834.966767
11808.978583
11808.335047
11809.492882
11808.394358
11822.671362
11804.410906
11821.633898
11834.516376
11832.340332
11795.740395
11832.003394
11795.705839
11804.562108
11806.736640
11806.950081
11841.248172
11835.334434
11832.570372
11819.077464
11851.646579
11799.129573
11834.029707
11821.178755
11831.883938
11848.951529
11820.750486
11809.857038
11809.070549
11795.072106
11809.876152
11848.719715
11818.415762
11819.535132
11821.316884
11831.368045
11849.095121
11821.907179
11820.847613
11823.985111
11797.430171
11796.833662
11834.314322
11809.656353
11808.517733
11823.441401
11805.810447
11807.202436
11794.941568
11833.935032
11794.308360
11818.351652
11818.380932
11818.919724
11849.213731
11837.434752
11837.415626
11841.647351
11868.181738
11868.259028
11862.575679
11820.892728
11858.294138
11849.494225
11834.569689
11847.233444
11860.630342
11857.932273
11841.179836
11836.581738
11850.257133
11810.521105
11857.170183
11859.825561
11825.474512
11872.397528
11875.412882
11823.555333
11841.206646
11840.921478
11827.976510
11821.423817
11822.092882
11814.269893
11808.919322
11832.901740
11798.061015
11821.909867
11819.394432
11821.900896
11809.120180
11843.567826
11843.623649
11808.116596
11807.016661
11817.964056
11821.301696
11834.783137
11814.240396
11798.293586
11796.785280
11820.173950
11820.366369
11821.595186
11847.074608
11833.955445
11822.363377
11854.230662
11813.089815
11854.220224
11845.156320
11821.471659
11822.218032
11845.858851
11810.674281
11830.415452
11875.539811
11820.141208
11820.830047
11821.210236
11831.921901
11809.295670
11836.239483
11835.478108
11835.667218
11834.300195
11823.995277
11865.061740
11835.792171
11851.304450
11834.410559
11825.888831
11834.820784
11823.895232
11824.272368
11839.440441
11860.963110
11864.272300
11860.265771
11867.153034
11877.906042
11873.880888
11823.648078
11838.833258
11827.713870
11823.268036
11867.582227
11824.492744
11867.809868
11881.686534
11852.902503
11846.821031
11844.885035
11808.463495
11826.561202
11810.102804
11820.242452
11833.263541
11821.094865
11811.724589
11825.600709
11810.942625
11853.145093
11853.629335
11810.166856
11841.807844
11836.375145
11846.896141
11832.764584
11808.814560
11810.214184
11825.957615
11834.983829
11847.579931
11864.583424
11864.116282
11819.404056
11808.865788
11798.253344
11808.284351
11798.526502
11822.202955
11821.636983
11849.649768
11817.258300
11820.307625
11849.095407
11809.189750
11821.846477
11820.771410
11830.769352
11824.850632
11866.458935
11825.451549
11866.474298
11809.121498
11821.188793
11808.528236
11811.322674
11797.696375
11818.431042
11860.396887
11820.476870
11810.164429
11821.380231
11808.711407
11819.320552
11832.884786
11820.050046
11810.547814
11823.249423
11810.795355
11821.147859
11833.674213
11821.125967
11861.618706
11821.910488
11833.547651
11846.025421
11836.367436
11825.328581
11799.101133
11833.876503
11800.889810
11841.513877
11842.575362
11800.192072
11833.051409
11835.320896
11808.182297
11808.896769
11822.673090
11833.547647
11834.410301
11821.747005
11843.584096
11845.798048
11808.416604
11832.803495
11818.490468
11842.285753
11810.361651
11810.099771
11852.241367
11862.290614
11810.997861
11852.257119
11820.565781
11810.592456
11819.831911
11834.632780
11836.899172
11837.516361
11847.049125
11854.669749
11854.145451
11837.216871
11825.145194
11835.889215
11835.962344
11823.242642
11823.583994
11863.179196
11821.379790
11823.728567
11880.887096
11879.249764
11821.644726
11825.004498
11822.909513
11821.728866
11801.375375
11810.993200
11821.075359
11799.956284
11821.833844
11850.313886
11822.467881
11813.151787
11811.589005
11853.441691
11862.578148
11812.959159
11853.482930
11831.403693
11849.823407
11808.329961
11822.419445
11798.097033
11853.434698
11886.826464
11868.847583
11846.529109
11848.856839
11857.669519
11836.829833
11871.306964
11881.893124
11885.179918
11887.388143
11874.578020
11884.498677
11825.178221
11810.107971
11810.976331
11879.389889
11849.966879
11825.556256
11822.806519
11821.236172
11821.322619
11798.143822
11820.960085
11826.905741
11836.484632
11799.742459
11826.478714
11798.974956
11872.001363
11891.482701
11904.472616
11889.411988
11810.268609
11833.441525
11822.890819
11798.854551
11833.360061
11838.799321
11807.094432
11866.634980
11838.262982
11845.509949
11826.407727
11852.443432
11856.281577
11836.020110
11870.416008
11859.877174
11824.668482
11798.264863
11787.399700
11786.704838
11823.827864
11872.181802
11924.303163
11891.248533
11874.381597
11870.472819
11871.470388
11892.773163
11914.143283
11890.556643
11829.070047
11808.456128
11798.554265
11848.785458
11808.494481
11797.802212
11796.025154
11806.642518
11807.651817
11796.906691
11848.628841
11829.914719
11821.743322
11847.600560
11785.856425
11785.784256
11813.667632
11799.294730
11798.512209
11785.144052
11813.438677
11795.109251
11796.428460
11814.152538
11775.184566
11813.255048
11784.586462
11785.832387
11794.417374
11795.238266
11830.722030
11829.598604
11830.734186
11795.719862
11785.113745
11822.873433
11820.640915
11809.894585
11813.417844
11827.099315
11808.311678
11817.531139
11795.063918
11794.580144
11809.720277
11818.953685
11795.242143
11809.428493
11840.315179
11827.406768
11840.938460
11841.267987
11812.268000
11831.681396
11831.807953
11823.905167
11826.734695
11840.626612
11835.746562
11823.741491
11809.367062
11840.515326
11813.007661
11813.879416
11840.553508
11838.500152
11841.084339
11785.740093
11820.634928
11822.694232
11775.205370
11774.462387
11774.422645
11799.274096
11799.371736
11813.129004
11798.345169
11784.286794
11808.119951
11819.057790
11818.956517
11818.535128
11820.296478
11797.593682
11785.430116
11808.611876
11819.898881
11798.620118
11799.010274
11837.810841
11787.017916
11797.313076
11819.460845
11787.946692
11794.328071
11773.556605
11774.242766
11810.397465
11821.034669
11800.990759
11795.971487
11806.560795
11805.292671
11835.755924
11796.173938
11806.697561
11806.836136
11849.314757
11811.247707
11811.536623
11848.321499
11808.111933
11796.521189
11821.953471
11800.503740
11786.764690
11786.032531
11795.134354
11831.489673
11821.863521
11794.471853
11805.122482
11847.910952
11837.252531
11797.012724
11807.149168
11807.769453
11821.630761
11817.486403
11861.730812
11821.808177
11797.983851
11833.568714
11808.872993
11844.142083
11818.845392
11808.541703
11831.469399
11795.113169
11821.056562
11831.187163
11820.742630
11847.841106
11796.060276
11819.200017
11796.894419
11819.700807
11821.403521
11800.845578
11810.435983
11821.675957
11848.357366
11856.295132
11818.476766
11820.945477
11795.140782
11810.719622
11798.675634
11810.866982
11784.912241
11809.330134
11809.388983
11808.964656
11821.147735
11821.819268
11809.804603
11846.999006
11847.591792
11847.716718
11809.296605
11798.559253
11809.688414
11798.435012
11808.688293
11807.886283
11847.641984
11837.705832
11849.403624
11838.912178
11837.460787
11785.211383
11810.437661
11843.742163
11811.834651
11813.269730
11816.039327
11809.589950
11810.766313
11820.585234
11785.884624
11810.468057
11820.164130
11811.376631
11806.299577
11812.232426
11839.659313
11820.889025
11844.046215
11876.852210
11812.271147
11811.361568
11824.896961
11836.860587
11834.189401
11813.285340
11812.474550
11848.520272
11834.791993
11835.252023
11814.407394
11836.352156
11847.105702
11830.755679
11819.415642
11809.458831
11811.160867
11833.402954
11832.026863
11861.004432
11819.918198
11809.906511
11809.687813
11822.494675
11820.228441
11833.554222
11834.146301
11838.199165
11836.729797
11808.897501
11798.631997
11795.893235
11796.621029
11813.648370
11785.685984
11810.354469
11809.507803
11824.997120
11823.877436
11787.023044
11786.393288
11820.240679
11819.395936
11853.314210
11808.590997
11822.982778
11824.364846
11835.501279
11823.376119
11830.444866
11829.295731
11862.031642
11809.343602
11820.025906
11839.230745
11821.068532
11821.955461
11797.102954
11796.367367
11813.763570
11847.343998
11849.892994
11809.477465
11821.209333
11819.208600
11835.330600
11809.543337
11844.122960
11808.016827
11832.044440
11819.457138
11845.084273
11873.616871
11855.587130
11839.370523
11787.800504
11786.901854
11795.367557
11831.365280
11849.671973
11797.993490
11797.152891
11820.492217
11808.209106
11794.628751
11805.568331
11819.168897
11837.993392
11786.090372
11811.055774
11809.008339
11809.463442
11849.028095
11809.166591
11821.162234
11821.390604
11888.715439
11820.645170
11831.574002
11796.669855
11796.751307
11820.761977
11808.566847
11798.532341
11850.397714
11831.785811
11809.015297
11810.175193
11849.594411
11818.818661
11822.371530
11797.375768
11797.576437
11834.219864
11805.436787
11806.621888
11806.008966
11831.880082
11795.853648
11795.261035
11804.767329
11839.818957
11836.167115
11834.319459
11820.319476
11819.595316
11843.520257
11840.966167
11803.955848
11839.789079
11828.051252
11798.961754
11811.518609
11775.597553
11828.454899
11802.167391
11818.567745
11819.584723
11818.930663
11796.843936
11795.876666
11859.663460
11878.032084
11818.349615
11833.607993
11821.850522
11834.098661
11831.540345
11810.140279
11822.208445
11820.852654
11809.472493
11809.492325
11834.109415
11834.091357
11832.781526
11786.007097
11809.114907
11809.628207
11824.204425
11797.082312
11797.712382
11809.802451
11785.700966
11800.051956
11800.056993
11797.426980
11811.986581
11798.111714
11835.538705
11846.261184
11813.301059
11791.945227
11874.629418
11863.730835
11837.240063
11849.904230
11846.312318
11865.211232
11865.163220
11858.199834
11847.695936
11824.730873
11842.729858
11842.667638
11835.191655
11825.333352
11823.673967
11842.323776
11841.678189
11821.765854
11822.035659
11834.813720
11846.764130
11847.490597
11865.629676
11824.334777
11874.833784
11823.102830
11865.588583
11836.587527
11849.904979
11848.608667
11824.456403
11803.395585
11835.849028
11823.853036
11849.916706
11856.692843
11867.437235
11866.921373
11823.443139
11879.491591
11847.712656
11869.207515
11855.377750
11842.010435
11880.553719
11879.111076
11879.999204
11869.751756
11879.678070
11852.283057
11884.419329
11894.003949
11895.195320
11836.161473
11868.225656
11847.840295
11847.987123
11858.284394
11878.044783
11877.405917
11861.841156
11846.521158
11858.420662
11868.870372
11874.721718
11833.815409
11852.433080
11851.808224
11836.300074
11854.094677
11852.987129
11824.497958
11847.355282
11857.635784
11855.864264
11854.638397
11853.551068
11836.848010
11864.276051
11864.083132
11861.303305
11849.756098
11850.681349
11869.350729
11870.481379
11860.807276
11886.816905
11891.464314
11869.878507
11871.084031
11870.508739
11868.763482
11897.781976
11936.298591
11900.419733
11924.256456
11889.135154
11901.041644
11834.032257
11825.782919
11843.348249
11842.898854
11834.914323
11835.264579
11812.044845
11814.518174
11834.624365
11831.967064
11820.176853
11861.559235
11851.979452
11833.269615
11848.375190
11806.267857
11807.583086
11821.264775
11839.604673
11799.929941
11820.114597
11821.315907
11786.247981
11836.764955
11810.388772
11821.483901
11821.837774
11822.429940
11810.035993
11810.375402
11796.039220
11843.342999
11843.832356
11809.421655
11833.574061
11820.255382
11821.320060
11821.333994
11789.756887
11786.826223
11811.634356
11822.097925
11831.382626
11806.596675
11806.588633
11835.431989
11811.921450
11810.652293
11822.424280
11811.141055
11834.113377
11834.953408
11822.792734
11814.856502
11812.192138
11811.988907
11809.620512
11822.880520
11855.031729
11854.517944
11884.894753
11798.186358
11811.326065
11813.272615
11824.880617
11851.846582
11852.358080
11821.325313
11853.225443
11853.762129
11822.084790
11856.586018
11840.653841
11856.016895
11871.455788
11900.078823
11871.983889
11901.203482
11871.430631
11871.353924
11851.809803
11834.992044
11837.233281
11833.526428
11846.417700
11834.972960
11837.893583
11866.421095
11847.934490
11834.655023
11825.127227
11832.501157
11876.802503
11832.989507
11851.114016
11825.336099
11834.338926
11836.738355
11821.310405
11933.548365
11825.729637
11821.969261
11834.447362
11877.536820
11865.240490
11826.006882
11847.333855
11845.311868
11837.399721
11811.402408
11810.638171
11820.938556
11836.988891
11844.640339
11844.610365
11808.776266
11809.478470
11849.179542
11834.554063
11823.662745
11862.294769
11861.180918
11834.171210
11810.782723
11802.628422
11848.283467
11848.331745
11811.088774
11807.765643
11807.719868
11846.808828
11823.091819
11810.403678
11852.009348
11811.759831
11811.812321
11843.386588
11813.375709
11842.875859
11811.640040
11821.374426
11852.323115
11825.016085
11862.471961
11819.474009
11845.383284
11851.352598
11908.632369
11851.796714
11890.328415
11863.764692
11864.880354
11879.584111
11889.877638
11871.557717
11872.563623
11854.116591
11854.071092
11815.779102
11844.639717
11813.375852
11845.126830
11838.686669
11837.785000
11875.876225
11821.369781
11820.692293
11820.116799
11821.149869
11822.495637
11820.529039
11861.386181
11846.940098
11850.965628
11851.493837
11839.139462
11838.786081
11850.637852
11891.489353
11896.496426
11853.925946
11836.958340
11846.960396
11846.721285
11836.693937
11854.522661
11826.128655
11872.984590
11871.316074
11813.468217
11855.049173
11838.288679
11839.385723
11824.928659
11864.320553
11870.742178
11855.578123
11825.078643
11838.309669
11885.309995
11858.229750
11867.730672
11857.076376
11868.216625
11828.249776
11837.168123
11840.965738
11813.717207
11813.169903
11799.475159
11822.986999
11824.831457
11824.800793
11822.944793
11823.086629
11823.255274
11824.716325
11826.873741
11835.905043
11810.047188
11853.456093
11853.371772
11823.609840
11846.822216
11835.232300
11826.494213
11836.886495
11847.692514
11834.576414
11836.303600
11872.993305
11822.940020
11826.868942
11835.800087
11809.635692
11808.919992
11811.620146
11824.419884
11811.584936
11825.361217
11801.903449
11823.615229
11799.420514
11810.186677
11808.204069
11828.995758
11801.986666
11801.493112
11813.079825
11809.204102
11808.462542
11835.457784
11799.468194
11826.318771
11887.391469
11830.016508
11843.115626
11811.865295
11775.008935
11799.680058
11834.381064
11799.000158
11833.613513
11808.789083
11807.940936
11809.104810
11842.331001
11832.655116
11842.143832
11833.968568
11822.274814
11821.520103
11820.890844
11821.817608
11800.023713
11810.978942
11820.726965
11834.732131
11807.399891
11860.433986
11859.897111
11819.342906
11820.336385
11842.929441
11845.780671
11831.792071
11834.328476
11806.777438
11806.750435
11836.317583
11823.999151
11821.514397
11839.675313
11825.116910
11807.815177
11811.109051
11799.838069
11799.290744
11823.506559
11795.820404
11795.893995
11813.650435
11836.304371
11823.584997
11834.383917
11821.435151
11802.682130
11810.458474
11822.699155
11811.668928
11811.703801
11837.586975
11823.750262
11817.085575
11821.644037
11819.479445
11821.684328
11834.783925
11818.493836
11817.680320
11819.015171
11862.589806
11833.440097
11807.699692
11897.087820
11839.802941
11852.904266
11852.927899
11896.658197
11839.789848
11797.723989
11844.204044
11898.683852
11839.836556
11814.108951
11814.104382
11840.372330
11808.828417
11805.969951
11807.284739
11808.072808
11807.458793
11809.489901
11840.739989
11836.984990
11856.239935
11876.443573
11857.968683
11812.982589
11825.623263
11810.474441
11809.029728
11881.656284
11879.072993
11865.254647
11835.629153
11834.306738
11835.930812
11836.726400
11849.951752
11849.953517
11819.882087
11843.808460
11832.916282
11834.910940
11809.414525
11821.282070
11832.099826
11821.687919
11822.342420
11849.365770
11862.975483
11862.975004
11812.699558
11853.984753
11833.496026
11835.067128
11811.967789
11814.429234
11825.053510
11853.528427
11797.754385
11809.089852
11788.778168
11797.165097
11842.238780
11810.611398
11842.213506
11788.109624
11808.373603
11785.813678
11810.200808
11831.598442
11831.620190
11800.198839
11799.605329
11820.073905
11854.498329
11811.811366
11854.445741
11807.666070
11819.652647
11810.271583
11818.358208
11821.607087
11811.557336
11824.956006
11801.326887
11850.798689
11809.476437
11832.198569
11812.573561
11822.556092
11821.763492
11821.702592
11797.933663
11820.751272
11823.901154
11822.942321
11834.192164
11836.693943
11855.077417
11853.928851
11823.837666
11835.886955
11853.333185
11811.677436
11853.331365
11821.191184
11833.048776
11808.311470
11849.121787
11852.907005
11852.902978
11837.339283
11847.717669
11799.847966
11818.187157
11806.692488
11817.828461
11832.016939
11807.813047
11845.018475
11872.426661
11817.974198
11821.746551
11839.411682
11798.143941
11810.003319
11841.284288
11797.543122
11806.799693
11807.590151
11819.674232
11829.898280
11807.663853
11842.570116
11842.614914
11837.723660
11881.933549
11883.799727
11833.239855
11833.952555
11854.815699
11836.598416
11840.180075
11846.598754
11837.120742
11854.194038
11855.212486
11821.614483
11810.438516
11849.089297
11837.681861
11854.113806
11855.133232
11881.920805
11881.408810
11882.428595
11833.157411
11913.549560
11905.634194
11957.265380
11820.198598
11784.426650
11795.276387
11820.876773
11820.278316
11807.754929
11783.711089
11839.481124
11818.250841
11808.453580
11837.448883
11807.035000
11796.979579
11818.522301
11830.160410
11817.628650
11816.398152
11831.374688
11820.909325
11794.388528
11787.840825
11797.719383
11834.492713
11796.916721
11809.866196
11787.785176
11832.512637
11797.738303
11820.927193
11831.291840
11810.774392
11810.380253
11797.494597
11796.811137
11830.913708
11808.472610
11798.423896
11807.639483
11807.796595
11833.565596
11796.956946
11808.990824
11833.467852
11808.318663
11835.269082
11817.866144
11796.038583
11811.316765
11850.627126
11810.929895
11809.154378
11846.077059
11799.721314
11823.389495
11832.687105
11801.244042
11797.944261
11825.081390
11836.288599
11798.893170
11796.850988
11825.938453
11800.787902
11822.485503
11822.354385
11847.165256
11843.979626
11809.407738
11809.118641
11807.075542
11836.202135
11811.704677
11822.268314
11810.842051
11822.791063
11832.551937
11832.447641
11848.549647
11846.387046
11838.313799
11825.623073
11798.250293
11799.132784
11810.520167
11851.043562
11796.651397
11832.079207
11851.464483
11848.710943
11862.232343
11840.533090
11825.649140
11809.870066
11849.123873
11838.704239
11797.466858
11808.465114
11810.252358
11807.856497
11808.882674
11796.776646
11797.658537
11808.826765
11850.914878
11796.669919
11831.542237
11821.666936
11813.867315
11823.899481
11796.841298
11809.123215
11799.266959
11800.238505
11808.320250
11821.283638
11837.709158
11837.104487
11786.066599
11808.869396
11789.115912
11790.080510
11811.119395
11836.300179
11806.759264
11833.193246
11811.686982
11809.872848
11831.451175
11808.712519
11809.710956
11812.195228
11791.150375
11811.971368
11807.594907
11850.705883
11798.252193
11822.488414
11810.700884
11811.237965
11807.533882
11820.662957
11817.507632
11835.434279
11808.989716
11818.960593
11833.716373
11846.854609
11820.341427
11839.049125
11850.030840
11815.325852
11845.603673
11850.817296
11825.241853
11851.947406
11837.768770
11808.672864
11809.234723
11809.334887
11795.745731
11835.371036
11840.569457
11852.736241
11851.307570
11821.720941
11838.237916
11836.774857
11827.138974
11844.562609
11810.517459
11836.342224
11826.126051
11796.534857
11795.317847
11821.553776
11848.921530
11848.355788
11870.880151
11860.022620
11851.439930
11819.619700
11861.500311
11819.076586
11820.295422
11850.872942
11846.645519
11838.211216
11851.670358
11839.025297
11862.529193
11848.099686
11852.136493
11820.296918
11821.040000
11809.431414
11809.911531
11809.876977
11835.477027
11819.219185
11837.296259
11784.694556
11819.126406
11819.114545
11836.585054
11796.356660
11784.934768
11794.946207
11810.522110
11799.560893
11795.531200
11796.734812
11796.048899
11795.220632
11821.867164
11785.171285
11795.801960
11785.407309
11784.686602
11784.621761
11783.364951
11818.805056
11849.459660
11851.404415
11835.545766
11850.821602
11795.066052
11818.322824
11817.777422
11833.353128
11822.411922
11824.161127
11834.773965
11797.514102
11797.478395
11824.312878
11824.324138
11834.761274
11834.121393
11809.223391
11813.958719
11839.837776
11840.344954
11809.016573
11808.253047
11813.340798
11823.343724
11806.544770
11823.303884
11812.964376
11819.113390
11826.737052
11817.136308
11828.234499
11811.821685
11878.649451
11889.049129
11827.086525
11845.387432
11837.603801
11807.789839
11808.263051
11798.401992
11810.895138
11797.018299
11797.741755
11795.978951
11809.336916
11834.397897
11825.960802
11812.050842
11840.598589
11824.228772
11840.640213
11813.590849
11813.745804
11813.788545
11784.572178
11785.049133
11783.799210
11799.023748
11799.152881
11787.441800
11871.018323
11869.828518
11856.403860
11870.194601
11869.853941
11857.930656
11857.931847
11870.965227
11870.980637
11828.325254
11860.984552
11860.978502
11822.147730
11845.067238
11845.731685
11808.557789
11852.010460
11810.777123
11853.106666
11811.384889
11823.039308
11822.520457
11870.980942
11870.940342
11852.915820
11839.256305
11857.902571
11860.983390
11862.095247
11863.632409
11864.125779
11788.395354
11870.758713
11858.793186
11858.724759
11808.802310
11808.934135
11796.031266
11809.053746
11810.074215
11823.274686
11796.764597
11808.259487
11810.921430
11808.315112
11809.768205
11820.162173
11807.919167
11807.631183
11839.869651
11828.023149
11870.674985
11870.645573
11858.723870
11808.964467
11806.401046
11808.276699
11835.273674
11851.426083
11784.386771
11785.672261
11784.389677
11810.816530
11813.021163
11828.940035
11840.410215
11797.771248
11810.872490
11799.818188
11828.141368
11798.483620
11850.045556
11821.945575
11850.821382
11809.576525
11809.519497
11810.360965
11810.669721
11822.155977
11832.798999
11808.217441
11823.224754
11838.561057
11809.245638
11825.497955
11837.085875
11835.426523
11835.129214
11832.738014
11796.987127
11807.077508
11801.516057
11802.520783
11823.552387
11821.812713
11835.192166
11834.724167
11851.549740
11828.398848
11830.037046
11810.694146
11810.690527
11826.601810
11796.809147
11801.234515
11812.228987
11909.263002
11788.406990
11788.397355
11856.502040
11857.036248
11843.299393
11843.329569
11826.572609
11834.818134
11841.599491
11842.202417
11825.681879
11811.956601
11811.196984
11873.372795
11855.966233
11858.666945
11835.256434
11875.323313
11836.075414
11884.991455
11872.506324
11836.980256
11853.355528
11853.375584
11821.168828
11832.720610
11820.704600
11809.818757
11820.713532
11809.822583
11831.006972
11862.717284
11831.939252
11820.356252
11862.521228
11812.108889
11823.786911
11809.684088
11797.433463
11851.490000
11822.655032
11865.489052
11865.578225
11834.188055
11821.861000
11810.905606
11823.202270
11821.137096
11818.429233
11807.602221
11821.766283
11808.046732
11798.057071
11811.384780
11834.240325
11810.780718
11810.783477
11822.085961
11821.943079
11834.902029
11842.421257
11841.816206
11835.361822
11810.667023
11837.037715
11837.183527
11862.331772
11880.949079
11880.255715
11834.747108
11814.239444
11841.306648
11841.286445
11821.773813
11835.869581
11823.220136
11819.576384
11800.247445
11799.656998
11798.520950
11841.629287
11842.124877
11822.367671
11853.463641
11811.632904
11853.469497
11818.754795
11843.366406
11823.522426
11808.262323
11818.464324
11862.034457
11819.572241
11834.100337
11821.963307
11823.569968
11853.610225
11852.533872
11852.551364
11853.554017
11810.948344
11849.764145
11795.839611
11824.385072
11823.911874
11865.366732
11881.677297
11880.010854
11823.350520
11821.576065
11812.008002
11849.907575
11822.488048
11832.348103
11832.307722
11821.366984
11816.940008
11860.646973
11806.628129
11818.754009
11832.825426
11807.927280
11835.452378
11865.071631
11863.983395
11861.141578
11856.836376
11796.328522
11821.724684
11861.851577
11834.814807
11811.723989
11865.417430
11883.309301
11834.056774
11852.167723
11852.189653
11882.620276
11882.122175
11871.852396
11883.236195
11882.759336
11824.488899
11867.298123
11856.596698
11836.281615
11848.339778
11846.756757
11860.409960
11871.011713
11861.717552
11858.300981
11859.038617
11856.228551
11840.245827
11824.566089
11855.605091
11856.831567
11856.217578
11821.265207
11836.268856
11850.244054
11887.869745
11833.015531
11845.788380
11833.890592
11875.894804
11875.929419
11845.207526
11822.769863
11823.654832
11842.615804
11808.961030
11798.964043
11798.072487
11851.464998
11797.549715
11808.305764
11796.315076
11823.634208
11832.478438
11823.573596
11811.122419
11824.141403
11839.732830
11825.893887
11821.778852
11877.747925
11878.377891
11810.860403
11849.730592
11821.226770
11877.720755
11877.871703
11807.957902
11861.128459
11831.762829
11809.517988
11819.346510
11810.512079
11862.135314
11834.034024
11833.002637
11904.477285
11834.787968
11863.875454
11863.339368
11849.628228
11798.771248
11841.281411
11799.481043
11840.825249
11809.429388
11861.130026
11807.581979
11819.299439
11819.467995
11831.375893
11861.990507
11810.016520
11833.493075
11831.615504
11836.307497
11856.013165
11888.181790
11842.882381
11834.318571
11886.963647
11856.010595
11839.433873
11826.176172
11836.683081
11886.706752
11876.954982
11885.496574
11853.813496
11867.005654
11869.145687
11885.524615
11875.840989
11885.496654
11823.465060
11833.964119
11845.131670
11845.146566
11848.020807
11834.440130
11847.096751
11809.990353
11831.212380
11812.350454
11832.725197
11833.687502
11824.494915
11824.473894
11839.919844
11837.848650
11831.674710
11826.111128
11848.945630
11873.106138
11801.619429
11817.598031
11802.176515
11896.817457
11836.399053
11833.798336
11833.212380
11835.543987
11826.851023
11785.066940
11785.102343
11785.219271
11785.717720
11823.195408
11813.781641
11812.328548
11828.949752
11834.072002
11813.283512
11815.722506
11802.621225
11813.594624
11828.528148
11803.185425
11897.671678
11813.189939
11767.199918
11853.407957
11809.925791
11809.316068
11824.645324
11777.891149
11922.828820
11917.722401
11867.108562
11887.373055
11924.035390
11913.015095
11906.631606
11889.715050
11868.885611
11824.375480
11838.091089
11911.691670
11926.694104
11821.774540
11849.623029
11820.509955
11821.252126
11821.681502
11849.533248
11820.421029
11821.166416
11834.379618
11834.984301
11860.549865
11820.285510
11849.446707
11819.837761
11811.011762
11820.622518
11862.195768
11849.653979
11872.318431
11872.560752
11861.859864
11861.360035
11850.084453
11851.572924
11835.775005
11849.988890
11851.426842
11851.452259
11837.031286
11853.826953
11794.496012
11795.820093
11822.896783
11830.741533
11794.008265
11795.107582
11808.458290
11823.276250
11794.324482
11808.391620
11809.191309
11809.821793
11796.299669
11834.772173
11823.708126
11865.975707
11810.793003
11811.433567
11841.460073
11842.049114
11833.192328
11797.281640
11821.163117
11807.609855
11849.642249
11821.814620
11812.500767
11822.645563
11832.397992
11821.910105
11819.413785
11860.192921
11834.263046
11814.127320
11854.467151
11813.395411
11854.543583
11824.480382
11850.858150
11833.496892
11862.878004
11832.210554
11832.729767
11833.024885
11830.656953
11831.240546
11823.005333
11810.822137
11811.452957
11841.579371
11842.221927
11824.038717
11834.125821
11824.261966
11834.238095
11892.226198
11891.752884
11832.700286
11799.373591
11849.016080
11821.778046
11830.603810
11850.403069
11812.013430
11822.522828
11821.920797
11821.162186
11845.455446
11835.511481
11851.049322
11832.860123
11840.311231
11840.897079
11832.218763
11823.885222
11863.505995
11834.823404
11834.031441
11848.776996
11848.070666
11862.553856
11863.676166
11845.023541
11818.612687
11864.763805
11821.823992
11873.879258
11864.827769
11833.420185
11846.115161
11847.619790
11852.549718
11824.547509
11825.394838
11811.314918
11822.864514
11850.809476
11836.355226
11857.142154
11821.481844
11824.652724
11846.376381
11830.471398
11847.003562
11871.530977
11859.178306
11886.771822
11866.211628
11858.586941
11870.422806
11887.243022
11920.202697
11909.923639
11860.777849
11859.830644
11859.215743
11866.288056
11876.471694
11832.955026
11807.023686
11796.940217
11796.350121
11786.817787
11797.776574
11826.175459
11785.511237
11796.473460
11786.019891
11819.242260
11796.805276
11810.016477
11786.929505
11806.299435
11808.900816
11788.333419
11809.871283
11809.346507
11788.141005
11800.941954
11799.644544
11809.489519
11809.404858
11849.745972
11797.771684
11798.323847
11798.727940
11824.853672
11824.432148
11813.760406
11850.741785
11850.436790
11861.057369
11840.589635
11835.870033
11809.476903
11809.974932
11812.678578
11788.011236
11811.374232
11786.731674
11810.966878
11797.751347
11827.147328
11855.285714
11841.188460
11852.809483
11835.733137
11809.938707
11824.475171
11820.865336
11820.355125
11820.865624
11785.113088
11838.633283
11838.521472
11839.462158
11848.520717
11806.588046
11805.947902
11807.278023
11796.266560
11825.166581
11809.167653
11809.810933
11809.513397
11798.439154
11821.802066
11833.179446
11808.493714
11834.660673
11796.410748
11835.943951
11824.651979
11833.748275
11823.939187
11849.988769
11846.166189
11851.380296
11863.279476
11847.713122
11859.269252
11850.999119
11861.546542
11827.322107
11862.292048
11820.009141
11810.233767
11785.777267
11811.254438
11823.558294
11830.416946
11798.101947
11821.115181
11796.841934
11786.630996
11834.906240
11873.754049
11848.002711
11832.136943
11811.062572
11832.380028
11832.638264
11831.786897
11806.777164
11810.866286
11811.177841
11822.212246
11821.659189
11797.382769
11821.759396
11824.800026
11828.830595
11849.155022
11824.617465
11834.030271
11838.671131
11836.146939
11821.842690
11822.597162
11822.829853
11858.277161
11813.471889
11825.011069
11837.084972
11851.550192
11853.032522
11850.812410
11836.197612
11850.518215
11833.039312
11833.701048
11808.237196
11820.413376
11807.861863
11797.084344
11810.278840
11820.259062
11794.959190
11865.351057
11822.942109
11834.660113
11847.435766
11847.420053
11796.777948
11810.288470
11796.928043
11798.184127
11801.981637
11846.693803
11869.497394
11861.937033
11869.436280
11869.466706
11861.904642
11835.262330
11834.219923
11821.990350
11823.328148
11828.400807
11821.873034
11824.542875
11855.809083
11862.151453
11852.125801
11824.420680
11852.206739
11825.017588
11847.339394
11840.166629
11891.350486
11869.911003
11867.435572
11883.513688
11835.200391
11855.243762
11858.884679
11823.861489
11838.470398
11837.541395
11836.174493
11823.898335
11821.336053
11822.113037
11840.264558
11838.162916
11825.600375
11855.308546
11814.059790
11857.807660
11848.781326
11848.360659
11822.866459
11819.951263
11820.664206
11836.188501
11822.951631
11845.915668
11838.814596
11823.061209
11878.270579
11833.762362
11835.322776
11834.221522
11827.164503
11826.725811
11834.015454
11824.807569
11802.742444
11803.849465
11835.096530
11827.323862
11813.520949
11813.854036
11857.597526
11845.799073
11811.064724
11870.263682
11873.131828
11876.420434
11847.212911
11833.384492
11865.214988
11865.889067
11846.292131
11848.155646
11862.287884
11872.909038
11871.017876
11867.166484
11886.568710
11896.651655
11873.547528
11876.513323
11881.903404
11874.179438
11903.285230
11883.611865
11874.881413
11806.996815
11822.189569
11800.042944
11801.015452
11822.006672
11821.384484
11819.398289
11830.910287
11809.573584
11811.248549
11812.176736
11833.174565
11810.331373
11796.586545
11797.333470
11812.949057
11808.970606
11836.047318
11808.795789
11799.008505
11802.267182
11833.733463
11824.398267
11812.553527
11853.893319
11854.380975
11824.668693
11837.230868
11851.556546
11839.824199
11854.131062
11854.089437
11809.886503
11798.939559
11823.378055
11799.787684
11850.851223
11809.498032
11834.254465
11823.326721
11811.558434
11836.284725
11835.765562
11825.660707
11857.624806
11877.883186
11859.891382
11855.697833
11910.211081
11812.802830
11846.586137
11892.102512
11873.503864
11871.321325
11879.231845
11875.291394
11834.716036
11852.559855
11836.405502
11833.650085
11847.172829
11834.981966
11867.178489
11848.690789
11810.231862
11812.281732
11811.451622
11821.798319
11837.779830
11845.467619
11809.399991
11845.435850
11850.702370
11819.113351
11846.328826
11808.845141
11808.251888
11810.243835
11842.127632
11828.400113
11837.946014
11841.694417
11815.078900
11824.316507
11800.377685
11814.129904
11824.581827
11809.243617
11844.786761
11898.732260
11839.495339
11847.830686
11846.141864
11836.905184
11811.077840
11809.713437
11823.755191
11807.949343
11806.749477
11835.178897
11807.456831
11809.483889
11808.169028
11822.066762
11859.468374
11848.895674
11824.793885
11837.485922
11817.743564
11810.753806
11800.068446
11808.405927
11808.232888
11822.312573
11822.197068
11822.929410
11820.703685
11838.529766
11824.805974
11820.615732
11801.042153
11798.963496
11826.457948
11851.119559
11847.801815
11808.932634
11809.981469
11808.297773
11833.624501
11798.465844
11822.526741
11823.357758
11795.654755
11797.518554
11824.839745
11811.409124
11802.261213
11786.817126
11821.398864
11809.500497
11809.483445
11809.194389
11785.886430
11785.906706
11807.718494
11785.377086
11808.212813
11832.213593
11834.836572
11859.888553
11857.003511
11809.471249
11809.423073
11808.775833
11851.641937
11834.445889
11833.084106
11833.452769
11802.632936
11802.867681
11834.951899
11801.168676
11812.436687
11819.737516
11840.841257
11814.081106
11814.062835
11840.426762
11870.570801
11856.898028
11874.218227
11856.972682
11846.916581
11856.421598
11847.002258
11864.024414
11856.300182
11812.460229
11815.968136
11813.656470
11830.901224
11815.989399
11826.756720
11836.511709
11812.905464
11811.131551
11859.176887
11875.891077
11859.161677
11878.050344
11813.031127
11810.637584
11783.350625
11808.533691
11809.019371
11813.305189
11825.812953
11851.027723
11810.555081
11796.216588
11797.907786
11822.783010
11839.895110
11834.518154
11852.026029
11813.648499
11851.724141
11840.461460
11827.390884
11825.465444
11851.694598
11837.963151
11839.266339
11837.834295
11826.972064
11850.188628
11831.545993
11837.926827
11827.290746
11867.782700
11831.891180
11808.906940
11822.972954
11820.770046
11849.960493
11830.454775
11819.809538
11835.548095
11836.974705
11836.183303
11823.739911
11866.818738
11864.391437
11865.776239
11864.361809
11873.484367
11863.301820
11824.923282
11825.766256
11833.830087
11822.779774
11873.630623
11859.202853
11878.074339
11859.201984
11877.545079
11875.916472
11875.374689
11875.415484
11812.558279
11813.256998
11825.388372
11850.952346
11838.204259
11847.541336
11838.085779
11846.051663
11864.573443
11857.725937
11809.013242
11818.886688
11809.104363
11861.149140
11861.014318
11824.245205
11795.627150
11809.911873
11809.290546
11835.525160
11842.328835
11841.723150
11834.364244
11823.445496
11823.804258
11824.013475
11867.433006
11866.875261
11883.520093
11869.099483
11866.909685
11809.288350
11784.441475
11794.992648
11809.009878
11818.833072
11809.254608
11808.817674
11818.160391
11848.362615
11846.726745
11837.654226
11827.086142
11827.252434
11898.287497
11812.551269
11812.321007
11824.566999
11823.504581
11812.962201
11829.118772
11832.196598
11795.182355
11794.658976
11789.254886
11824.564483
11824.995125
11822.185757
11812.766008
11833.353802
11795.188564
11823.899238
11786.114144
11811.697108
11811.539915
11800.970211
11834.969554
11807.341761
11796.952565
11807.354974
11821.600063
11840.443397
11809.450351
11807.660496
11851.492415
11821.719411
11808.156753
11796.873239
11823.058905
11808.990351
11811.713040
11813.133812
11852.073816
11799.077681
11821.120955
11809.981324
11838.567038
11788.131273
11787.523587
11797.447434
11799.040762
11811.437186
11811.216690
11812.735915
11809.524792
11808.085048
11785.329508
11798.448638
11810.235965
11784.140245
11798.233650
11797.577757
11798.797508
11828.458647
11783.542651
11797.248582
11836.911356
11825.187440
11820.669756
11796.667248
11821.983444
11834.015884
11797.163098
11785.620653
11784.297375
11801.040223
11789.402061
11849.482872
11824.081192
11830.957475
11824.706115
11826.100936
11836.364109
11860.065244
11873.087115
11861.664341
11897.427957
11840.478874
11838.113626
11839.483738
11864.361535
11809.664707
11788.293372
11812.007811
11787.688387
11822.222338
11798.752586
11833.405144
11823.802594
11809.104704
11824.081107
11850.445373
11822.529264
11845.396283
11835.499721
11830.766204
11813.951063
11813.079504
11809.105630
11924.054388
11824.147168
11785.714432
11785.102348
11785.662506
11805.880055
11827.541091
11811.066358
11836.315339
11785.766113
11799.633163
11896.673836
11809.450834
11809.659899
11810.467113
11811.754772
11829.125050
11824.689711
11838.189330
11839.892579
11799.921992
11799.098929
11799.661269
11837.807896
11826.752939
11839.337099
11815.893603
11809.699657
11809.586304
11826.982368
11829.484991
11815.703516
11830.042351
11824.501776
11825.915815
11797.715143
11822.045169
11798.012965
11786.663460
11798.588327
11798.437707
11787.367065
11800.195995
11810.664240
11809.965094
11848.492166
11823.993772
11787.627902
11796.061620
11834.595510
11773.537982
11809.376141
11807.577805
11799.491446
11808.274046
11806.743488
11822.517383
11808.927493
11808.221248
11798.582035
11809.264210
11823.533381
11811.972657
11796.396739
11797.632280
11848.810969
11837.679630
11825.334404
11829.226914
11807.649042
11809.517116
11822.692523
11821.939206
11871.742851
11799.064001
11797.099938
11825.815954
11831.939420
11801.351428
11842.982155
11800.147102
11843.011555
11810.379182
11812.611669
11823.953379
11822.544970
11810.740906
11832.614161
11798.034882
11808.018269
11850.222697
11819.875810
11808.647872
11832.616176
11797.956780
11796.759342
11807.910992
11795.985736
11808.934567
11821.696587
11808.152565
11796.648727
11809.868675
11821.472143
11799.302240
11830.500776
11806.867524
11796.114450
11820.114461
11810.575120
11798.007389
11797.304686
11809.077737
11820.104791
11807.486501
11834.855734
11845.370862
11788.808259
11787.791772
11807.040322
11797.220102
11834.373767
11836.873744
11845.235059
11789.212003
11811.758551
11790.243592
11823.060552
11799.090294
11812.783242
11791.222249
11825.662226
11838.298643
11821.872679
11807.508423
11808.335819
11799.321603
11800.327020
11808.264431
11798.869526
11801.785175
11839.062754
11827.317323
11837.796862
11811.008743
11797.577947
11785.283584
11775.113819
11809.143389
11827.786368
11785.792705
11786.249956
11824.397271
11824.928176
11811.426272
11798.345270
11783.470490
11810.034078
11796.360131
11796.883280
11828.686481
11839.260233
11809.205642
11809.782924
11813.960197
11812.913196
11812.671116
11806.686708
11810.561258
11806.584086
11809.868765
11824.457586
11784.358371
11784.328400
11821.781236
11784.849248
11795.277538
11795.546860
11785.835378
11786.328954
11785.972886
11785.941662
11799.889287
11815.391519
11812.610515
11819.140100
11815.738558
11848.396609
11836.393766
11823.707758
11857.384913
11846.796727
11810.966112
11846.821150
11851.051600
11800.506963
11834.186779
11836.884684
11836.308001
11821.052285
11847.768998
11819.668595
11834.102782
11835.589271
11838.005924
11836.205333
11844.998983
11838.814555
11839.093974
11821.098665
11820.267174
11799.746206
11821.075627
11812.587171
11821.826102
11828.775932
11824.873981
11811.249768
11812.590268
11810.603725
11813.127468
11821.122066
11801.676813
11802.194123
11828.575115
11803.986067
11811.093110
11817.725111
11800.912448
11788.435737
11787.474185
11789.951528
11786.774434
11799.192918
11809.807409
11840.643157
11814.197226
11828.591520
11775.974212
11809.826272
11813.962330
11813.844027
11811.101765
11810.505656
11810.352631
11837.927383
11821.146069
11820.333037
11824.279700
11823.986175
11822.030625
11847.217818
11858.346225
11840.724251
11790.062022
11886.373883
11765.779974
11798.913695
11798.371415
11799.689101
11835.424898
11798.100384
11800.968725
11818.038682
11775.288363
11775.814652
11812.766071
11796.668337
11798.583386
11872.812379
11873.377366
11872.852020
11873.378127
11913.619773
11891.707183
11797.715202
11796.156547
11797.623174
11786.663933
11849.634271
11856.241724
11841.597895
11848.908288
11824.024210
11824.748917
11873.906085
11873.069062
11829.016111
11857.781613
11812.325691
11785.823481
11808.648763
11824.637112
11812.765576
11810.757740
11821.049986
11824.120279
11824.532505
11874.276510
11823.446208
11843.663037
11836.322512
11822.271560
11811.137295
11856.303545
11849.429614
11825.031789
11841.703158
11798.961918
11798.956950
11821.103759
11846.009154
11808.889285
11819.754066
11806.972665
11820.299449
11808.817320
11844.391892
11857.630842
11811.376902
11798.247336
11850.042111
11813.445566
11823.669220
11810.616855
11799.609217
11811.243886
11811.079634
11799.553572
11800.192369
11799.453416
11825.679446
11849.290694
11798.257952
11824.979788
11826.173858
11824.564027
11811.463611
11812.154924
11810.891259
11863.011507
11853.055087
11837.487455
11842.065168
11840.465943
11798.181276
11797.613581
11810.578967
11795.933169
11808.243378
11797.623841
11808.215062
11807.631594
11820.587985
11821.947338
11776.339758
11814.527840
11826.058356
11814.317634
11826.010387
11822.623344
11798.955023
11824.858686
11824.943023
11799.716623
11834.858800
11809.691363
11811.069459
11820.840299
11809.711837
11789.279143
11799.656574
11799.634219
11809.634932
11810.943604
11809.652119
11847.047252
11848.726496
11835.861165
11851.537863
11845.265595
11808.795596
11809.407092
11808.236803
11825.561738
11775.716226
11774.490527
11775.742724
11810.912799
11811.448194
11829.650191
11825.146235
11804.820330
11795.876300
11796.494303
11818.960767
11818.973742
11820.075761
11861.081130
11820.273244
11820.924011
11870.721934
11860.370961
11870.216739
11847.918301
11849.562069
11834.730544
11786.941141
11834.801545
11823.608128
11833.261837
11786.385205
11834.611372
11796.563982
11795.453669
11822.208991
11832.200030
11785.865096
11786.223456
11811.668568
11840.525678
11827.347116
11842.186480
11838.036044
11874.518070
11820.204442
11820.828354
11819.605642
11857.083521
11857.047051
11798.701469
11810.448277
11797.027551
11787.202293
11799.744556
11839.944987
11813.248621
11847.128172
11838.999635
11847.451503
11829.068893
11814.507857
11839.827304
11797.760546
11788.634880
11797.531966
11798.186058
11836.157920
11798.118209
11800.992568
11799.006501
11800.407692
11798.746051
11809.992332
11810.665722
11797.650012
11790.820922
11811.265484
11801.201002
11798.582377
11797.210500
11835.647043
11790.228427
11800.594302
11853.185964
11839.107305
11826.713429
11799.002840
11789.108120
11834.269000
11834.364910
11798.408885
11809.485759
11787.354721
11820.932743
11799.091504
11787.302984
11787.342660
11796.743642
11808.993704
11785.983955
11808.455666
11810.051973
11776.551758
11775.771224
11797.792262
11835.928375
11799.797977
11826.484260
11797.433343
11794.208567
11798.187797
11795.401191
11797.843994
11810.750090
11799.925445
11820.498745
11800.075718
11838.509200
11809.135704
11826.597815
11795.045062
11795.912031
11809.131231
11809.136302
11786.871659
11784.342706
11783.005926
11783.013571
11810.022582
11800.615514
11810.127602
11823.774610
11862.103152
11807.368167
11806.633343
11808.798819
11836.629174
11809.377598
11837.911803
11799.197499
11810.789808
11787.325602
11810.855681
11799.877704
11798.603499
11819.906845
11834.408530
11812.434485
11835.846471
11835.913492
11822.852286
11811.605324
11839.798263
11798.295051
11812.493314
11786.647021
11801.451286
11835.334778
11838.130291
11841.703633
11855.677957
11830.535669
11829.908534
11855.187618
11806.314807
11822.073487
11817.086945
11807.734187
11821.895245
11820.618617
11796.828506
11829.707258
11806.901157
11821.721335
11821.223223
11839.650442
11828.701373
11810.200519
11828.776660
11842.481064
11806.673957
11818.441186
11817.470540
11809.127679
11798.575971
11831.348458
11832.616552
11808.626226
11821.831981
11830.058485
11830.560726
11821.273645
11847.354602
11821.632975
11819.557854
11844.204404
11831.753255
11853.957065
11795.531888
11830.363758
11796.179694
11786.038904
11797.475577
11822.081238
11806.238233
11820.363141
11831.807682
11821.098055
11806.337541
11806.933712
11796.789111
11808.247103
11831.829760
11833.689573
11806.767968
11816.668672
11819.844805
11823.196085
11810.283229
11798.557373
11799.726284
11821.100299
11830.176581
11849.427979
11809.405017
11819.289594
11838.082281
11847.163924
11848.887894
11843.588995
11809.474298
11838.176474
11832.954469
11842.408558
11818.416377
11817.430283
11807.990688
11797.939498
11819.149581
11832.110690
11807.932482
11818.179513
11821.184520
11819.005247
11817.902516
11860.192839
11817.816145
11807.111272
11796.739275
11786.845983
11821.878974
11821.246525
11807.578637
11797.685634
11829.849532
11809.635310
11797.798233
11798.462852
11828.586715
11835.181552
11846.800912
11819.691771
11820.264425
11809.806134
11837.046437
11853.627346
11835.564113
11854.145819
11850.542518
11864.981143
11837.725994
11865.006810
11866.417863
11838.616777
11812.311602
11848.136080
11855.039333
11808.446063
11834.562478
11831.905560
11845.180699
11823.030631
11852.528851
11822.097041
11810.678241
11853.005181
11810.787032
11823.006371
11819.221761
11865.883704
11826.449951
11837.954661
11821.981936
11823.081433
11821.450976
11820.190267
11822.289407
11854.664176
11823.816752
11870.243456
11825.497303
11885.733873
11894.639731
11897.249399
11880.958139
11808.539537
11806.956035
11796.000290
11821.910497
11801.228203
11800.337394
11839.962933
11836.093428
11838.108301
11840.142567
11855.282707
11870.506109
11823.220812
11834.339176
11825.507492
11797.401472
11798.321759
11785.100959
11795.851902
11796.599393
11807.166369
11820.278139
11824.656915
11822.804059
11811.162434
11811.928276
11827.481022
11821.674118
11800.786213
11787.365604
11786.096289
11822.141269
11824.877440
11786.872954
11837.386704
11798.323625
11797.691725
11798.209569
11840.449961
11837.445231
11908.084865
11785.697763
11800.502846
11808.333072
11827.726205
11828.385164
11812.397825
11820.041651
11834.750466
11823.990646
11844.554135
11824.671386
11836.850056
11825.945777
11797.596890
11797.626654
11797.814995
11840.283451
11825.844694
11848.532817
11840.052686
11837.223383
11836.198394
11853.145987
11810.088345
11853.878932
11809.399288
11838.291680
11838.408501
11809.870157
11851.570286
11822.004327
11822.749496
11826.716830
11836.192499
11827.705001
11845.236229
11836.311425
11852.549848
11811.643262
11822.287414
11823.335864
11821.215273
11863.727340
11847.756432
11848.809131
11849.250660
11863.321807
11810.587390
11811.573456
11823.194902
11800.285309
11788.818439
11798.932007
11798.234283
11823.133969
11837.154743
11836.261081
11824.622518
11812.965596
11825.249343
11836.551355
11840.861074
11835.440857
11836.616246
11821.986146
11821.290443
11822.855248
11814.084142
11822.921848
11809.571327
11821.139655
11820.458065
11827.933406
11841.254507
11840.132566
11811.284967
11810.522475
11810.949413
11837.763230
11852.714048
11835.236819
11852.775491
11831.656812
11824.072446
11810.984079
11853.141737
11847.507896
11822.590867
11835.273249
11808.891420
11809.568244
11845.676859
11843.899546
11844.376158
11846.670025
11818.974985
11833.554286
11821.400591
11800.834384
11810.374085
11853.161566
11863.201064
11821.873576
11820.491994
11831.720672
11823.698476
11836.083363
11842.843198
11835.502817
11843.380400
11841.199050
11833.742739
11815.227459
11812.211552
11843.472657
11823.845622
11837.529552
11809.034535
11843.116762
11835.935568
11843.691479
11843.983225
11813.351550
11886.457189
11868.306032
11907.093085
11854.727666
11866.750576
11885.811762
11807.983680
11810.248467
11827.200389
11810.758040
11809.334911
11810.162234
11807.926558
11820.133291
11854.948099
11808.907637
11825.062455
11813.989170
11854.872350
11813.952753
11826.293596
11837.548794
11814.664896
11843.004082
11811.527549
11843.447703
11868.841871
11798.384145
11798.876446
11775.068993
11810.773660
11809.633148
11801.499875
11803.873012
11861.761171
11861.786934
11915.385733
11892.306387
11884.463413
11872.852863
11872.878068
11892.284460
11914.214252
11891.181812
11884.445981
11872.863157
11872.876990
11778.569750
11861.719659
11788.270561
11862.211840
11812.740352
11813.504058
11799.821018
11836.837163
11847.484561
11824.384678
11836.402440
11836.350450
11854.697814
11854.067247
11836.044093
11835.145541
11869.273145
11883.013345
11884.078367
11824.194673
11841.057760
11839.827836
11867.112158
11875.024805
11827.046216
11866.536252
11824.182836
11835.231293
11848.444748
11849.046341
11835.782773
11836.523466
11849.788137
11909.567531
11825.567855
11824.620780
11825.031976
11785.028688
11785.028329
11824.296648
11784.996311
11783.768724
11785.059773
11826.226962
11841.201187
11807.189967
11809.305702
11797.433954
11796.764026
11809.301705
11809.869926
11774.209000
11809.915661
11775.062898
11810.002718
11774.532210
11800.031889
11799.935451
11823.784823
11799.038105
11798.422910
11823.508738
11866.701155
11855.197844
11855.311053
11867.956151
11868.631374
11884.956396
11934.085887
11898.709159
11907.013079
11930.588714
11900.471768
11896.153437
11897.914425
11873.769563
11789.443342
11788.785408
11809.857058
11827.242808
11811.631871
11846.928591
11811.622554
11835.830049
11828.005844
11878.360749
11879.484553
11801.019370
11835.307434
11811.571381
11811.012741
11837.349958
11848.477546
11829.673586
11836.579571
11841.199828
11837.057675
11843.899996
11838.585490
11836.262582
11810.722363
11821.902588
11837.467645
11844.460194
11799.300757
11799.185667
11843.292253
11797.281076
11807.072283
11830.780217
11810.559256
11809.435601
11820.945046
11811.336176
11812.245472
11876.320125
11839.615076
11823.042898
11857.800603
11811.342579
11812.391642
11798.914872
11787.346835
11787.807150
11798.599202
11798.355421
11833.152724
11806.746097
11806.712416
11785.494804
11785.522900
11811.371374
11799.119948
11776.102985
11809.410698
11776.426348
11832.829922
11807.459561
11797.368849
11808.048958
11822.985116
11776.811313
11800.695083
11839.634746
11847.371091
11826.767096
11838.026498
11837.308112
11829.888479
11820.053704
11820.366184
11807.113867
11806.288802
11809.696905
11820.037214
11786.117837
11786.719871
11797.168317
11823.983162
11795.448360
11832.227225
11796.025376
11796.835982
11834.997297
11831.772625
11805.898534
11806.631663
11825.405196
11795.898970
11801.245087
11843.601781
11797.345302
11798.021364
11834.509986
11846.976896
11824.513813
11795.719767
11795.676948
11842.961060
11807.311720
11806.337758
11796.826599
11797.467668
11833.122812
11846.282832
11796.173150
11833.743039
11808.467298
11820.036294
11798.460653
11851.725345
11809.228266
11797.350324
11797.281247
11811.380566
11839.160191
11835.106838
11806.039261
11846.010943
11832.958478
11805.986427
11807.749618
11799.540953
11810.668593
11811.094480
11810.698258
11807.908562
11797.980065
11832.050694
11795.460973
11807.513454
11819.999653
11810.856521
11820.013745
11796.685541
11820.084935
11820.572529
11823.083202
11811.802038
11809.895435
11821.467266
11797.035022
11811.053541
11822.037123
11861.258720
11821.658316
11844.587851
11836.091391
11844.046063
11855.333683
11851.795937
11820.949766
11846.714718
11820.410710
11865.289939
11857.860901
11851.458463
11847.726197
11838.287419
11868.516584
11870.279956
11855.245023
11868.135736
11859.045510
11867.605109
11859.052193
11872.708536
11812.179390
11843.459278
11842.998795
11814.008790
11863.678571
11825.140144
11824.297541
11853.511225
11909.075024
11909.630857
11866.316486
11866.047010
11866.057538
11876.034192
11857.378520
11859.680377
11859.640583
11877.060657
11795.116874
11808.306246
11797.617335
11808.976794
11798.602464
11810.825300
11795.993195
11799.283303
11809.073205
11809.168773
11820.189679
11795.982887
11796.699098
11830.801084
11825.483664
11794.633147
11784.153184
11809.331313
11785.887609
11798.927958
11797.966100
11796.957350
11814.444723
11811.841755
11842.839745
11843.324198
11812.751928
11809.008959
11807.756747
11823.452704
11820.355670
11837.096021
11821.086757
11788.212948
11826.822748
11796.229027
11797.521385
11833.274232
11873.486471
11809.690693
11809.085537
11823.125919
11823.011238
11865.041479
11850.248740
11832.985453
11835.297367
11826.260455
11827.215139
11810.282171
11808.845543
11807.692922
11796.848160
11810.081659
11797.327330
11797.451597
11787.330707
11825.987156
11799.077294
11833.965513
11834.687555
11873.327432
11838.727649
11824.161874
11865.856735
11809.658828
11833.838523
11811.001040
11826.075471
11840.100501
11824.399239
11811.747935
11826.953787
11813.169022
11790.870209
11823.205979
11788.019310
11812.990919
11962.315547
11883.944944
11885.665428
11887.412041
11896.483532
11894.789204
11910.931089
11908.321550
11918.394713
11920.652618
11878.196155
11855.959421
11856.445694
11866.772989
11876.516035
11857.485054
11856.909808
11874.884963
11911.752493
11910.736305
11900.442833
11846.918451
11847.429292
11853.696185
11853.633216
11827.865869
11833.258955
11784.282167
11795.789603
11819.875328
11811.233722
11811.196408
11809.800693
11823.819495
11848.876871
11848.245182
11807.070820
11823.650621
11838.720564
11810.269899
11809.714147
11823.559478
11847.898200
11806.996536
11901.880325
11964.232135
11975.493784
11975.551992
11964.233487
11975.510607
11952.803032
11929.228034
11951.044523
11945.001486
11969.361253
11963.291559
11932.752036
11842.797307
11849.748072
11849.590095
11821.166096
11864.996481
11822.365720
11857.209160
11785.343714
11819.852154
11838.462034
11795.823233
11824.483436
11810.020878
11808.631163
11826.585470
11778.704167
11790.264549
11814.477703
11822.941262
11814.008693
11823.130056
11810.042420
11840.894536
11825.129052
11825.111675
11812.173601
11811.454516
11869.058916
11788.097612
11801.554938
11810.500421
11851.880898
11839.772310
11853.135031
11818.406741
11765.723615
11828.612033
11798.404020
11858.766919
11870.746780
11787.374168
11798.744377
11797.795139
11785.316881
11798.075755
11809.172573
11845.413543
11797.441883
11808.927102
11826.757076
11839.048552
11839.872382
11836.210205
11848.904721
11807.179659
11839.352902
11840.817464
11795.912683
11795.946007
11795.817075
11821.604764
11831.956956
11785.001278
11795.596258
11807.771987
11796.981256
11823.684647
11834.812221
11821.501303
11809.606352
11824.899484
11823.339597
11809.029028
11821.621340
11822.680354
11831.485518
11821.649150
11822.673124
11832.126801
11822.565354
11810.207499
11810.674827
11821.956683
11835.753944
11841.647435
11808.924137
11821.525721
11842.619985
11822.722301
11821.983749
11765.753711
11787.887711
11795.444186
11820.672564
11820.712818
11786.756446
11786.051872
11796.673765
11822.674759
11822.070469
11809.560038
11808.463585
11809.002668
11808.416321
11809.576759
11860.211614
11861.584827
11835.147494
11850.998577
11785.154668
11785.715909
11822.614445
11785.589454
11820.926654
11810.047240
11823.253597
11821.607235
11811.687047
11813.599855
11845.382813
11837.603772
11813.626257
11829.261719
11813.495709
11839.450259
11807.929568
11823.705147
11808.569507
11835.099792
11818.571697
11835.700201
11822.376750
11853.890712
11833.404053
11839.375171
11832.332019
11840.861268
11810.348214
11825.100554
11824.610457
11866.983788
11825.823105
11825.287792
11811.656167
11813.957596
11814.404289
11823.624426
11799.223273
11825.636759
11798.495477
11797.790955
11808.207025
11823.860784
11808.161467
11812.695120
11823.829271
11812.804384
11808.236673
11808.130068
11813.352530
11813.343498
11785.698467
11808.327489
11786.051332
11786.405823
11798.371693
11802.976771
11809.935262
11835.770681
11810.204878
11795.952386
11810.812025
11799.865517
11819.598457
11797.123751
11797.390815
11785.883961
11847.350814
11835.437190
11809.468675
11837.399562
11810.510372
11822.187139
11854.650808
11832.339744
11799.418532
11823.904312
11869.588023
11893.316329
11916.916456
11882.456861
11884.192301
11868.355808
11869.364092
11840.351536
11838.728645
11836.151890
11810.891753
11808.701744
11820.215045
11808.496978
11797.595019
11807.139946
11831.953669
11798.276957
11822.946978
11834.029326
11806.650093
11805.226513
11807.048577
11808.000132
11830.645188
11819.179990
11796.788013
11796.176432
11830.032493
11809.351908
11810.108875
11797.357399
11823.457246
11834.064238
11797.563332
11796.330322
11786.287362
11775.985923
11786.481129
11809.051524
11784.303973
11796.621310
11800.460750
11795.256927
11833.477492
11789.467664
11809.120218
11837.296389
11806.837396
11808.674783
11797.275051
11810.259738
11833.440115
11821.632205
11796.165042
11806.797780
11807.421615
11826.499036
11828.995597
11849.688193
11839.294931
11818.026687
11801.983203
11782.725094
11774.265534
11807.432312
11811.834542
11796.851637
11821.265383
11811.233082
11811.938213
11788.402471
11810.578401
11807.411243
11820.417254
11835.285576
11820.040130
11820.318151
11822.133258
11796.655541
11810.411821
11799.442944
11799.058597
11797.337035
11810.467254
11810.322816
11808.937759
11811.336127
11798.867530
11812.508050
11812.525080
11794.837924
11795.864961
11785.867963
11784.105456
11809.818126
11797.543337
11798.250418
11835.858215
11811.338830
11829.036917
11849.885540
11798.775868
11799.250114
11795.568735
11796.039882
11834.717072
11797.236118
11832.830587
11786.936518
11810.264929
11795.775128
11823.491582
11795.668920
11786.716416
11820.510924
11809.047897
11809.547530
11840.387876
11824.198018
11823.376989
11823.585312
11833.874542
11820.822672
11821.688716
11826.222827
11834.823962
11809.008880
11835.810501
11813.224334
11839.788964
11850.888783
11838.057770
11821.688199
11820.996921
11826.186593
11811.096984
11799.908984
11860.415714
11798.751113
11797.734723
11820.202563
11807.553443
11807.406455
11807.371273
11798.132224
11798.562970
11821.182695
11810.534327
11811.319833
11808.856762
11810.729015
11807.404921
11819.558164
11786.660877
11787.017637
11823.901357
11834.833508
11823.836549
11835.328341
11807.481630
11848.915228
11820.648376
11829.113147
11827.557333
11809.798286
11821.369957
11809.423008
11820.094433
11812.688808
11812.677146
11826.459528
11796.845890
11796.748646
11796.618651
11796.619944
11795.870128
11794.657053
11796.792551
11838.222705
11810.679994
11837.360508
11819.208538
11794.483334
11808.710078
11858.686548
11784.326361
11810.172261
11819.968678
11796.057528
11797.241435
11834.804778
11821.328739
11793.786764
11797.365444
11796.616626
11831.621363
11795.527527
11796.618129
11820.565365
11793.841972
11795.128784
11830.862051
11840.163133
11837.230175
11849.382956
11796.414110
11819.978904
11808.493351
11819.998385
11809.057566
11820.472737
11813.132562
11812.465655
11822.293676
11826.170420
11825.073639
11815.303787
11825.602008
11814.024340
11819.994665
11796.797950
11813.040950
11799.382490
11799.203380
11810.960735
11810.912400
11823.747709
11868.020857
11869.082465
11860.329962
11823.847038
11824.719028
11796.043278
11797.366074
11826.588968
11799.310685
11814.753570
11798.182982
11800.132521
11857.338447
11822.335246
11812.748634
11823.017419
11877.492012
11811.547907
11784.783856
11796.417971
11808.045184
11824.536484
11846.148930
11832.414431
11822.310446
11822.679284
11795.451287
11795.272734
11805.762620
11831.799749
11821.710419
11795.551668
11796.080569
11807.475401
11810.436982
11823.523846
11829.116461
11825.322195
11856.683837
11843.324195
11841.552212
11824.520814
11859.521252
11841.435085
11823.983226
11834.382918
11841.090187
11809.851640
11800.352863
11810.072091
11786.742915
11799.801433
11810.779738
11809.996523
11814.825808
11809.873968
11799.406649
11799.811527
11812.854014
11808.362261
11787.219077
11764.224667
11824.994220
11827.222067
11808.483965
11797.510303
11825.418412
11840.606662
11828.949446
11797.793052
11797.728139
11826.983564
11784.263909
11795.752562
11842.161406
11934.324254
11775.844613
11776.486579
11800.233158
11765.670101
11811.160768
11802.332725
11766.445948
11776.579234
11863.608378
11812.221921
11799.854468
11921.218048
11943.965083
11941.144981
12045.769905
11829.805672
11829.222783
11829.220461
11830.319969
11853.420740
11834.067103
11813.389923
11834.923254
11811.799068
11812.000543
11834.111128
11833.284611
11801.695533
11823.239447
11811.500748
11823.438458
11800.617214
11794.806124
11828.202024
11811.280550
11809.926032
11788.791056
11817.040532
11824.820363
11811.130780
11821.501155
11838.970617
11849.690599
11797.713027
11798.722890
11785.055449
11785.845810
11796.482446
11797.177543
11829.062025
11813.252937
11797.754531
11838.107672
11825.995295
11829.369914
11797.354735
11775.167901
11774.487413
11821.837022
11811.430126
11807.445137
11848.833573
11807.366994
11808.617026
11823.891361
11818.778648
11824.375964
11812.757572
11785.869700
11813.548148
11775.839464
11876.225313
11805.936667
11808.280666
11806.309031
11822.537953
11785.896576
11795.973556
11831.565274
11783.747853
11784.587163
11785.803333
11821.796451
11799.638099
11846.585435
11811.904936
11846.145552
11794.629073
11818.515668
11808.671510
11784.441164
11783.828395
11809.436303
11807.443909
11819.183459
11795.430464
11807.874693
11806.848268
11829.971716
11796.058934
11807.332925
11807.169377
11807.972849
11807.829522
11810.929484
11818.924046
11808.489327
11829.268532
11806.371451
11819.415037
11803.627994
11793.767458
11839.360533
11826.757760
11847.856071
11819.556547
11809.694691
11810.252185
11795.459326
11808.564936
11822.055375
11808.627659
11821.716392
11796.058912
11806.705686
11849.195856
11784.613113
11784.556584
11784.558869
11795.311799
11795.944039
11807.276501
11794.620732
11805.876692
11797.318494
11797.115015
11797.906227
11795.928317
11807.613057
11798.650624
11813.587991
11822.494203
11811.029495
11811.525939
11834.160429
11849.047785
11822.224931
11848.473065
11821.647361
11821.140732
11809.931686
11831.549063
11807.684165
11799.010319
11807.737425
11840.104717
11812.003301
11832.595112
11806.760836
11850.402809
11832.645221
11810.320836
11811.873546
11833.389502
11813.277904
11812.893409
11839.520056
11820.451131
11809.222665
11810.776161
11808.228601
11834.487754
11812.467707
11808.956264
11812.847997
11822.681506
11834.485152
11809.764377
11798.245686
11821.880704
11800.724722
11807.715820
11798.143771
11801.129843
11822.699609
11797.599027
11822.299719
11787.507357
11810.070604
11810.986267
11818.180067
11839.280078
11851.923639
11811.236751
11821.881614
11839.808356
11852.476168
11805.344230
11806.222620
11821.110095
11820.710752
11816.844317
11831.654795
11808.001730
11821.204398
11818.357302
11861.512279
11811.037014
11834.304141
11819.403117
11809.035004
11820.644310
11842.099164
11809.359218
11823.555621
11822.517151
11852.401592
11841.209836
11812.581898
11810.906111
11873.636038
11820.097129
11808.623971
11855.437596
11820.018041
11810.452248
11799.185120
11809.516862
11798.307593
11829.901834
11809.936343
11830.736180
11830.269019
11844.922232
11803.041939
11802.075320
11823.970847
11811.104184
11825.989068
11801.830715
11821.241344
11851.786190
11811.759777
11818.346217
11819.597473
11858.535063
11845.416666
11798.404606
11796.377171
11830.677918
11806.690499
11848.997825
11820.959221
11808.630160
11818.991255
11847.371863
11826.870435
11839.472629
11835.438568
11822.784189
11824.176968
11799.129543
11811.554170
11848.298100
11809.720614
11811.534150
11809.711790
11806.823153
11797.415343
11808.090934
11809.187277
11836.076618
11808.389968
11822.930685
11810.625630
11800.489787
11845.215664
11821.024578
11837.057765
11820.824698
11824.994424
11813.482587
11857.486498
11823.494846
11797.400796
11798.754785
11808.530518
11848.936647
11808.600686
11809.806733
11795.247356
11866.505885
11868.601594
11853.840299
11833.481867
11834.044827
11851.512723
11825.101538
11834.539632
11833.722252
11825.426442
11812.049466
11789.624024
11811.768972
11821.648172
11834.492501
11836.496522
11822.967540
11812.230199
11825.022762
11876.482077
11875.132116
11863.140485
11896.428578
11833.950594
11809.786020
11843.674376
11833.734919
11823.895078
11820.671960
11798.394052
11819.745569
11785.053562
11775.020050
11809.343831
11785.076136
11806.373505
11808.391981
11844.782952
11793.897604
11817.145323
11845.464362
11837.235787
11786.014058
11796.580156
11808.361574
11808.297394
11798.366370
11836.019624
11783.789955
11807.754107
11887.476341
11904.348909
11867.816246
11863.360787
11808.155656
11808.264856
11807.807040
11808.396417
11783.232805
11785.146596
11811.191532
11811.927328
11809.482090
11824.492075
11836.417319
11833.253202
11809.524894
11820.615354
11811.608371
11828.874805
11823.586520
11834.880041
11809.246828
11809.592570
11822.890453
11808.516592
11809.566651
11849.325614
11798.980626
11831.918262
11822.755626
11809.361474
11810.164050
11820.802118
11796.917786
11832.261384
11850.561057
11818.261085
11807.593020
11819.656938
11847.551076
11832.204605
11823.873647
11813.400730
11796.713684
11837.666411
11838.297540
11807.684066
11807.528759
11796.759531
11830.548754
11810.774478
11821.819639
11786.797715
11806.855724
11796.228515
11796.232885
11808.483472
11786.754026
11819.269458
11787.505306
11838.699207
11785.319488
11811.398581
11809.231972
11796.577087
11836.090367
11821.557842
11838.704326
11821.915636
11808.415647
11809.214843
11808.392417
11785.587598
11821.068340
11797.059178
11796.876532
11824.102708
11834.126224
11797.012201
11806.191275
11796.767668
11834.589285
11824.582643
11810.212564
11798.739044
11810.310505
11810.437000
11796.808625
11797.692890
11795.465688
11796.438838
11845.785673
11797.402480
11847.312632
11808.977619
11807.648946
11831.574232
11799.353962
11796.078159
11821.807769
11800.273473
11805.317834
11826.703007
11845.019768
11819.071326
11820.230109
11843.000014
11807.692630
11807.398516
11806.477039
11797.824458
11796.100709
11796.701791
11820.259741
11798.749720
11805.421194
11830.697504
11819.368446
11818.855705
11808.502452
11798.372716
11810.706155
11797.678495
11807.803844
11818.465000
11806.947557
11830.863447
11818.934858
11797.440115
11808.521562
11797.385312
11808.569351
11808.183847
11819.173919
11808.983318
11831.362671
11808.459685
11811.706306
11820.903657
11789.279459
11790.150029
11787.390526
11786.669933
11820.037428
11804.596015
11808.265105
11795.296372
11830.406944
11808.965176
11806.549204
11806.268540
11817.466435
11806.216524
11807.006853
11833.336424
11807.547575
11835.664909
11796.334621
11833.254213
11822.223518
11812.150025
11791.059169
11807.790923
11796.103536
11808.285336
11796.372555
11786.061549
11809.194548
11798.419492
11809.301209
11836.505303
11811.333109
11837.335582
11784.809422
11785.974363
11786.292896
11808.492667
11808.360334
11853.159814
11850.360586
11810.145072
11879.115956
11798.503963
11808.292282
11807.808306
11821.395595
11810.963757
11823.088275
11808.807670
11797.333296
11796.769452
11809.766088
11807.062105
11796.639399
11823.779605
11811.161795
11825.338755
11825.793850
11800.496507
11789.548232
11898.439803
11863.023604
11860.926673
11785.772642
11825.501870
11830.393555
11816.135994
11826.760822
11810.998983
11810.584727
11843.628625
11844.053696
11846.877036
11847.879100
11820.968356
11821.022674
11821.490742
11824.829498
11785.530723
11785.104255
11842.123325
11837.503854
11856.004153
11844.535058
11844.045520
11843.937536
11800.071219
11774.233381
11808.182146
11811.575255
11822.219862
11807.146793
11811.835521
11808.367297
11807.798233
11811.668399
11785.956448
11774.277311
11834.767661
11808.241632
11811.641054
11822.213925
11807.759468
11822.164515
11812.319850
11807.396617
11807.342932
11825.139283
11850.452514
11842.852516
11854.637785
11854.804810
11826.398439
11844.377302
11809.580964
11811.539139
11821.425989
11838.866025
11811.331053
11821.828292
11824.540015
11824.589911
11785.216588
11823.553081
11864.736371
11870.749385
11864.119423
11874.424467
11878.750376
11849.091279
11836.736690
11835.386288
11822.913113
11866.792399
11835.494265
11854.514277
11810.503175
11837.768186
11837.056756
11855.996324
11887.538453
11810.912298
11810.166205
11852.916518
11852.420613
11845.120512
11887.469785
11837.679520
11838.347970
11856.039154
11886.063657
11885.552287
11876.331093
11886.017044
11876.833106
11845.122154
11839.795380
11825.986831
11836.022063
11826.065065
11839.322324
11848.872108
11863.809063
11849.319307
11836.133112
11824.998980
11836.173057
11852.745858
11832.893253
11820.977002
11823.483526
11823.847371
11848.395762
11865.554064
11851.509199
11823.209486
11811.559234
11832.298302
11833.839291
11820.523766
11840.436113
11863.312293
11848.854230
11873.904867
11877.728563
11809.406269
11822.482965
11821.352285
11819.492204
11819.483209
11834.015302
11811.766560
11821.054696
11833.406126
11832.398490
11819.833307
11808.920202
11797.674452
11808.680035
11808.296789
11799.366895
11821.242760
11806.970953
11806.752559
11832.730983
11809.809064
11810.372741
11832.751273
11809.276141
11797.805817
11851.652396
11857.442250
11811.757935
11808.344847
11812.009914
11809.351622
11808.597592
11812.287624
11845.974561
11845.972750
11814.618870
11858.137479
11814.755911
11854.249273
11843.300077
11810.445397
11815.930920
11833.965038
11808.732977
11809.439752
11809.928608
11799.015304
11822.735159
11822.567887
11821.541962
11825.081609
11837.722992
11850.065437
11838.425875
11812.775253
11856.911637
11824.310174
11836.373806
11856.929698
11822.735978
11843.288231
11810.977041
11809.389637
11821.445695
11820.662794
11821.682772
11820.885552
11832.735079
11836.348422
11824.453135
11827.213523
11837.185952
11860.148954
11850.835004
11819.830800
11840.517057
11826.573401
11833.461674
11815.835845
11812.223501
11840.968685
11827.648840
11841.664135
11921.999072
11926.150200
11811.582015
11810.823141
11815.228122
11815.665003
11785.932785
11797.111894
11797.755206
11797.079715
11808.779579
11795.216483
11796.118666
11785.973820
11786.587268
11795.932043
11813.810105
11813.764199
11799.327437
11842.234091
11841.218337
11875.367984
11859.691138
11873.910103
11857.296778
11841.639633
11788.810233
11798.516323
11849.343649
11824.280688
11851.586234
11810.473309
11811.835707
11828.067957
11842.468075
11765.028523
11800.006681
11765.728291
11764.421672
11786.811784
11796.761863
11773.627830
11823.995217
11821.542882
11820.967393
11807.470895
11796.092362
11808.673662
11820.164541
11820.410072
11806.811586
11796.253537
11806.724131
11807.057927
11822.408241
11833.274555
11819.024225
11810.392337
11820.648002
11807.633641
11807.315793
11816.253538
11822.656438
11798.432597
11789.558180
11786.530249
11808.608742
11786.690005
11790.128711
11846.895061
11811.866684
11798.122971
11808.757255
11808.066999
11837.586060
11798.053340
11797.432384
11800.484175
11808.018255
11797.422299
11820.898927
11807.483330
11809.080813
11836.711401
11799.104611
11825.180778
11797.631378
11798.260418
11787.525426
11838.183243
11810.901057
11846.410885
11797.685068
11797.582928
11797.572329
11799.324724
11798.699025
11824.332800
11788.742426
11824.091027
11823.539557
11824.892229
11809.189049
11826.671722
11815.466180
11809.238069
11774.378724
11799.271712
11813.249696
11813.141356
11838.163617
11783.739634
11796.153656
11786.869853
11799.263758
11810.316582
11825.773236
11794.971010
11796.250148
11796.357600
11797.699198
11848.598495
11841.238069
11841.300683
12126.540924
11941.693576
11941.693289
11920.451518
11941.896751
11961.737595
11923.288400
11843.956300
11860.030618
11843.953456
11824.829146
11799.587524
11810.034577
11851.400224
11828.177179
11861.992287
11852.130299
11809.732692
11808.881025
11809.526599
11827.362638
11840.821235
11841.101948
11837.985028
11836.756643
11841.571058
11837.881883
11824.071310
11811.569551
11850.586088
11811.139258
11796.966516
11796.975245
11821.493508
11857.806839
11812.702374
11844.383278
11841.078882
11849.588464
11820.120276
11865.788270
11835.914004
11798.206377
11820.771359
11811.095025
11809.525962
11838.586183
11800.421573
11823.973922
11832.495198
11798.850038
11822.908800
11823.299006
11809.181345
11849.918921
11840.934988
11859.083570
11824.842576
11808.221987
11806.840532
11822.517468
11807.397750
11806.806007
11820.993601
11809.198379
11807.468266
11808.887785
11810.195509
11795.888579
11838.676340
11811.778928
11811.271123
11822.458868
11808.394184
11809.136155
11836.137690
11839.342331
11795.986390
11796.584563
11823.671555
11822.984746
11824.542909
11810.346005
11809.743618
11820.833383
11811.142513
11808.968900
11822.985256
11808.788607
11795.053508
11825.152306
11858.365223
11800.628671
11838.196194
11800.546896
11784.926030
11784.375123
11849.586956
11800.153534
11785.158954
11809.949717
11796.467442
11808.370762
11846.052399
11849.833651
11839.194282
11849.560063
11800.098486
11789.027122
11798.834462
11796.691504
11819.703318
11826.534746
11837.129773
11798.978252
11826.737901
11798.867315
11835.944828
11785.868641
11796.887057
11795.224362
11799.778826
11810.822617
11796.900662
11848.771155
11839.120001
11833.598628
11826.449755
11797.663491
11808.406088
11845.270122
11798.151488
11798.209537
11809.964031
11807.821263
11798.443258
11821.349124
11821.290943
11808.522205
11799.245881
11821.182473
11799.191542
11808.617150
11784.278017
11808.395292
11797.401113
11848.769969
11796.231861
11848.779107
11808.353353
11808.924691
11798.419132
11823.161209
11798.467205
11799.064414
11809.156830
11808.321589
11812.959246
11814.594446
11813.295236
11838.034255
11837.177802
11809.465370
11775.730593
11815.430256
11826.079241
11829.235499
11837.756532
12153.444775
11828.093213
