9786.183329
9737.034170
9775.555647
9785.449356
9814.014118
9811.762064
9774.730819
9762.809876
9802.777874
9783.642676
9847.867105
9778.394595
9822.537924
9788.177876
9786.469478
9810.165280
9811.367706
9781.035868
9781.597363
9764.572261
9792.511178
9764.714049
9750.238605
9791.356087
9761.996669
9791.297021
9740.852873
9750.146871
9750.449403
9761.788900
9774.515281
9791.924603
9773.649199
9802.189220
9804.029372
9802.099439
9750.818220
9816.674112
9750.717108
9804.002283
9777.113706
9762.373860
9777.714088
9761.253897
9773.540902
9790.824846
9790.870501
9814.060137
9778.321475
9780.425878
9775.774135
9845.873458
9773.099570
9772.004540
9799.453173
9811.546346
9797.114952
9796.576571
9812.106398
9777.604549
9805.722330
9776.987105
9806.289691
9774.855955
9753.922389
9742.634351
9763.290740
9763.711693
9764.400758
9805.758830
9805.193066
9773.527788
9763.495114
9750.093418
9774.112574
9741.655699
9773.642543
9752.015107
9773.563667
9764.844366
9789.462394
9774.434044
9787.881173
9844.518754
9778.406001
9776.028782
9775.618136
9801.518661
9784.716436
9776.045814
9804.218054
9750.951698
9752.040753
9775.138674
9772.645882
9794.571854
9750.962401
9741.452051
9752.475571
9801.677151
9826.126406
9856.275851
9802.294258
9814.219913
9775.089050
9798.262545
9815.007147
9784.591506
9800.207518
9785.724117
9784.543483
9785.063145
9771.858028
9772.803046
9760.615000
9760.390100
9751.859486
9787.290063
9763.672050
9784.529950
9791.467925
9775.599327
9760.748572
9760.014830
9844.101110
9775.382451
9800.420821
9784.063109
9763.800716
9771.430633
9762.890493
9761.596340
9760.950748
9743.094937
9775.519576
9844.422200
9776.278051
9813.062064
9790.929651
9772.738830
9773.898327
9762.862105
9838.634340
9808.985666
9810.506019
9811.008426
9810.626967
9821.250777
9810.078166
9826.602934
9808.416598
9805.365077
9804.812107
9829.339947
9817.010739
9836.428102
9752.632404
9848.531345
9773.127469
9809.863707
9820.497733
9793.023602
9774.743260
9784.882960
9802.136625
9802.690784
9761.860981
9792.027075
9801.754688
9794.455895
9793.990234
9794.483760
9794.511578
9803.927880
9805.188797
9762.462403
9776.804629
9774.576185
9763.567933
9803.896441
9806.313226
9804.653688
9806.908490
9772.966546
9741.116527
9751.520217
9751.020197
9774.175152
9772.559175
9800.373844
9804.456114
9786.755463
9787.247482
9788.049362
9785.877372
9761.361722
9779.606538
9766.833533
9774.290962
9760.864186
9799.598937
9774.646778
9779.806788
9763.477674
9796.380827
9804.612052
9804.709233
9807.388319
9763.603267
9782.382222
9782.516745
9776.099894
9762.252685
9763.549946
9770.400498
9770.554325
9762.350370
9804.528127
9807.366501
9751.612342
9777.442932
9761.990429
9783.895392
9784.414609
9762.034511
9761.309340
9804.619437
9800.969319
9789.251545
9855.373776
9771.714333
9801.413913
9772.530771
9812.916744
9762.527107
9773.850198
9773.963430
9800.867615
9772.430766
9760.361130
9759.371850
9792.542783
9762.193267
9774.000158
9817.569569
9805.468884
9810.209056
9813.451359
9774.561867
9796.763082
9760.374762
9784.239317
9794.682535
9752.331512
9770.934214
9772.340318
9821.161605
9798.570727
9789.149048
9774.059137
9792.785945
9798.507791
9821.443432
9775.211795
9772.507314
9802.545543
9821.686416
9789.925708
9800.401750
9789.457936
9786.511836
9799.260036
9790.339443
9771.662388
9790.240796
9775.318736
9806.695954
9792.447045
9798.845250
9816.164470
9783.356169
9819.348711
9789.831729
9785.884592
9789.972260
9799.477253
9809.446165
9822.540441
9819.681178
9819.172531
9787.997830
9775.236709
9800.792994
9788.919569
9832.525667
9818.561143
9815.329693
9808.635120
9822.687925
9763.321039
9786.186986
9794.118912
9803.752264
9787.113304
9785.558868
9803.223745
9785.011646
9776.112400
9774.245682
9804.518272
9796.445326
9805.798850
9762.565258
9778.904755
9776.916586
9804.617413
9801.371256
9773.711211
9795.139303
9808.461038
9773.247091
9790.866253
9791.391860
9773.577013
9774.821981
9774.422280
9798.354513
9792.731156
9802.923414
9802.892766
9773.425604
9774.503079
9802.738064
9791.429499
9763.033452
9751.313878
9790.880773
9776.582745
9799.722543
9771.532459
9802.442252
9776.010198
9761.669600
9799.057389
9802.305268
9772.837382
9819.862861
9830.785633
9787.373259
9818.526130
9803.103063
9784.502296
9802.710923
9788.170031
9804.353687
9773.463617
9793.044661
9784.102354
9790.357986
9762.706406
9785.763197
9792.681164
9802.528986
9762.428204
9774.098492
9807.196719
9776.006684
9817.491215
9741.894085
9740.727970
9762.474532
9762.411868
9761.687394
9762.244136
9773.543850
9794.918339
9752.994575
9793.719955
9796.471166
9762.009080
9774.739338
9775.463869
9800.802777
9772.985036
9774.682224
9803.550415
9775.246203
9802.450499
9804.593063
9785.701540
9805.149027
9800.503587
9815.299262
9785.300035
9814.621770
9798.962870
9819.694574
9817.366906
9774.312551
9775.000997
9807.795199
9836.953809
9818.373188
9848.276447
9821.043131
9810.901048
9814.908691
9762.299008
9788.917256
9804.031302
9806.751146
9763.431810
9810.727601
9760.376699
9788.291977
9820.275270
9800.173430
9772.864243
9805.230483
9830.318427
9762.351454
9801.698166
9782.336003
9781.968893
9773.044302
9770.495909
9774.379240
9761.562298
9751.361677
9801.843489
9762.955181
9762.535838
9760.792801
9762.654752
9806.039691
9772.714681
9782.245105
9751.140381
9796.456924
9799.662435
9748.690782
9747.771217
9759.484797
9783.359598
9759.473547
9748.439803
9783.307330
9773.453017
9749.262084
9761.626550
9789.958730
9760.908695
9760.198420
9759.663450
9801.744956
9764.394312
9788.964882
9844.188364
9777.365782
9775.414157
9799.921989
9759.562467
9773.882268
9794.121443
9774.039975
9781.776851
9763.699414
9785.191840
9781.865084
9753.623948
9747.496181
9772.367079
9786.922744
9747.375255
9787.765622
9778.886108
9773.589430
9784.109860
9798.743418
9799.639407
9799.635733
9769.185627
9761.102698
9773.745891
9792.543985
9783.368633
9773.836190
9801.856654
9772.120863
9761.027658
9750.620665
9762.655773
9793.003010
9776.227257
9855.925387
9845.802232
9867.854203
9887.729873
9848.699760
9751.161772
9802.446116
9786.404657
9759.340089
9785.189932
9771.728227
9759.427467
9791.876400
9775.432017
9761.435304
9792.003952
9752.462205
9791.938733
9751.304467
9792.064133
9792.365100
9775.226002
9752.598792
9792.397923
9786.617667
9786.005737
9774.270349
9789.909595
9765.474158
9792.047956
9748.383722
9738.130820
9738.954577
9774.586000
9761.790678
9759.806641
9770.874166
9771.663558
9820.158567
9789.076987
9788.652501
9739.011369
9739.951123
9748.408988
9789.863572
9762.471013
9761.630883
9762.049891
9761.883244
9760.989467
9770.967786
9760.997693
9791.663486
9810.737547
9774.021026
9759.265664
9786.908194
9762.263469
9774.477956
9779.643599
9777.453935
9780.695085
9771.829474
9790.425424
9789.862320
9786.098827
9787.249923
9773.385630
9776.752659
9764.130652
9786.493846
9789.863193
9763.633983
9750.901457
9803.542504
9794.554901
9773.207635
9773.338677
9749.343530
9738.838071
9845.902144
9827.681045
9825.444046
9790.626791
9790.615503
9830.324095
9836.245175
9860.885049
9829.036332
9774.679780
9776.152384
9775.434852
9823.781771
9809.278511
9816.250346
9805.298105
9808.427740
9818.657331
9812.442255
9806.433051
9796.112420
9806.791882
9805.527476
9808.079303
9804.074961
9761.064443
9805.721443
9837.959322
9858.746431
9824.753563
9762.362351
9740.637821
9760.239869
9760.319536
9785.305091
9789.096740
9762.113898
9761.989810
9779.648366
9774.230386
9762.029577
9766.099470
9780.106993
9867.032067
9870.493655
9846.608130
9864.036236
9860.370225
9894.793627
9855.305252
9867.576897
9886.428850
9892.000699
9873.669750
9777.437722
9791.088560
9785.910370
9761.867597
9761.898257
9793.772205
9795.783266
9806.790965
9752.118906
9776.117444
9762.422874
9776.849611
9772.995512
9751.270480
9747.576229
9762.019909
9763.833740
9751.969793
9752.061000
9737.249237
9764.950604
9739.665509
9738.715419
9752.193819
9781.639045
9753.722069
9754.627546
9764.622725
9765.953929
9737.152243
9763.367425
9768.062108
9773.230308
9763.397746
9759.378040
9752.172160
9773.719579
9750.452533
9749.614476
9783.202683
9761.348667
9812.156955
9759.686812
9799.229604
9776.085795
9773.568335
9795.088306
9793.544324
9797.825845
9763.677282
9779.756487
9775.628040
9774.981691
9785.439971
9779.833654
9753.104231
9750.995226
9795.650465
9778.728343
9776.029457
9772.154947
9763.980941
9762.332068
9762.162840
9773.641622
9778.038922
9772.691271
9776.650000
9775.686410
9952.707818
9749.189991
9773.584803
9761.826091
9760.310083
9776.617322
9771.797583
9777.104091
9762.154159
9760.263827
9774.164875
9763.292587
9761.338124
9762.522505
9775.167388
9761.523141
9748.787186
9773.654437
9773.035092
9739.646860
9727.826562
9782.242121
9751.095912
9750.041648
9848.828411
9850.551995
9859.799346
9819.275480
9826.930867
9837.649456
9824.547720
9776.533222
9841.868965
9816.066887
9817.222841
9813.718678
9795.824234
9788.767609
9778.958822
9761.000784
9821.530650
9801.919950
9825.673085
9760.504138
9815.416960
9791.877444
9749.919334
9805.368071
9793.192426
9751.512840
9752.739234
9760.477563
9800.200140
9808.115943
9777.709687
9753.495597
9762.054844
9750.175284
9765.737720
9731.286613
9718.272470
9783.714242
9773.780284
9761.012182
9761.218576
9776.813939
9787.050324
9761.382748
9761.085184
9750.332784
9774.528907
9772.569621
9788.764929
9773.574589
9763.605967
9748.154712
9775.960057
9776.673818
9775.708114
9750.011264
9749.951023
9738.212612
9770.317794
9750.237737
9762.124339
9759.456743
9751.488150
9762.721608
9776.668435
9778.147333
9764.348388
9791.440510
9812.087507
9811.420118
9791.409879
9776.855356
9763.259374
9776.904789
9763.163959
9775.835916
9762.360445
9751.296499
9777.410154
9774.179772
9776.411345
9754.269866
9748.551374
9750.000855
9843.974346
9835.372460
9835.216312
9802.230412
9788.276224
9814.316461
9811.590454
9797.677249
9804.329606
9760.905526
9793.784794
9787.309662
9788.652277
9786.780569
9805.177965
9786.490609
9781.032366
9795.256259
9763.401808
9763.166711
9762.389692
9787.858759
9786.180214
9792.588801
9795.996387
9753.151721
9761.026881
9762.563755
9879.823433
9771.915646
9751.597767
9749.267446
9775.402802
9737.200190
9737.883842
9739.975178
9749.169101
9749.919326
9763.957298
9752.026537
9752.120819
9765.908968
9780.505221
9753.188984
9727.675601
9765.010426
9767.926132
9763.287489
9763.703994
9761.375310
9750.964027
9738.059049
9775.355630
9749.500065
9792.197143
9779.456757
9760.754840
9763.264357
9760.771940
9750.623173
9767.032385
9779.217068
9751.453252
9761.706846
9738.109197
9760.992697
9749.891762
9749.036356
9777.524857
9776.238835
9772.824421
9773.533952
9786.063052
9788.397909
9748.063173
9747.427725
9786.951195
9785.561503
9784.253694
9763.865315
9774.888201
9777.957087
9773.698411
9774.771553
9789.318627
9788.244743
9790.227437
9787.250461
9785.514147
9796.226017
9773.295424
9799.263534
9748.123358
9776.949258
9752.501625
9779.075959
9761.192679
9762.511087
9774.761880
9786.899156
9748.023457
9763.343816
9751.229170
9779.595324
9752.023531
9737.143745
9737.936805
9786.330104
9762.804387
9777.496148
9777.041872
9763.768978
9751.420992
9750.492231
9775.078285
9753.917558
9774.320839
9787.630676
9810.228158
9792.410579
9774.233092
9783.323292
9772.664019
9772.895583
9775.815570
9776.841951
9823.955854
9785.949002
9827.686290
9787.152308
9787.096155
9800.795659
9801.275888
9814.609710
9813.875209
9773.177185
9772.668499
9758.724429
9769.773139
9759.602978
9771.622431
9772.700534
9769.769052
9762.211005
9788.788780
9773.030215
9772.342985
9774.035215
9784.971652
9761.615450
9813.953992
9825.949844
9813.291611
9777.278585
9796.435594
9764.001672
9752.122915
9762.899523
9772.982683
9772.671601
9774.716813
9762.470612
9783.447352
9787.937809
9787.943375
9748.264636
9746.847357
9748.560348
9749.368523
9787.189161
9772.638134
9770.696237
9759.470425
9751.552579
9802.317143
9804.696166
9762.854308
9761.915899
9774.885194
9775.596622
9765.561553
9749.757760
9751.420713
9749.542711
9761.169679
9762.191335
9749.069152
9751.872069
9749.844180
9775.507564
9748.964921
9763.015708
9772.690378
9762.383000
9758.629590
9759.464476
9771.470854
9782.520092
9759.305883
9760.874312
9763.196734
9765.027447
9737.082070
9763.652788
9813.650768
9793.955511
9793.458267
9812.783530
9752.521199
9762.485813
9753.330772
9751.718355
9788.932063
9823.380005
9793.395371
9793.343822
9789.300823
9749.276945
9751.095861
9739.794424
9740.718240
9762.601179
9762.025716
9772.444948
9823.076580
9780.096103
9760.672866
9812.574610
9763.104350
9751.356933
9762.400439
9762.581285
9763.294997
9779.949393
9791.342715
9766.156573
9765.360624
9874.480774
9758.677188
9758.449929
9785.240864
9798.993943
9786.881752
9787.787049
9773.632647
9753.846781
9775.093514
9787.755815
9788.325121
9785.197113
9801.414458
9785.531731
9800.693208
9762.039966
9800.895502
9787.727542
9747.311319
9787.478400
9790.116187
9748.621524
9801.565145
9801.699445
9795.181245
9794.017462
9794.052277
9748.391462
9748.604993
9790.431005
9760.647817
9761.375555
9776.147525
9749.706932
9739.956819
9770.950942
9762.697268
9761.746110
9752.519792
9784.639093
9775.006556
9772.095604
9749.028701
9771.999116
9783.834928
9771.978896
9764.069373
9747.483727
9782.663002
9748.966914
9785.687635
9759.779504
9786.455743
9758.441702
9760.076556
9810.683631
9805.576287
9760.455432
9764.114312
9771.901691
9763.065082
9783.044927
9772.592572
9764.167941
9747.581753
9749.741000
9757.959039
9774.144490
9783.152988
9773.979594
9779.666949
9762.570013
9797.236892
9772.592446
9748.806309
9774.043956
9750.639894
9740.387797
9801.350520
9780.154274
9776.754272
9802.168439
9773.691280
9764.268034
9788.337985
9764.405878
9776.644537
9784.551908
9789.072118
9779.432839
9775.435908
9849.482743
9790.487089
9810.621804
9727.774784
9761.966880
9801.963892
9749.313238
9788.812345
9767.034363
9766.212429
9761.344825
9839.394389
9785.953751
9785.546718
9762.775894
9776.304535
9775.408561
9764.057259
9852.058898
9847.387548
9761.889308
9748.162778
9774.588610
9748.524802
9795.637458
9750.187920
9774.338257
9765.852816
9765.556855
9750.245039
9751.926230
9760.274096
9751.033601
9812.828515
9793.526581
9780.571871
9780.027237
9762.426311
9761.736859
9751.653928
9877.716557
9791.943417
9753.008394
9764.853856
9777.703494
9764.246506
9779.674927
9783.633009
9766.340764
9761.114740
9797.108319
9752.075168
9796.501254
9761.256919
9788.652974
9778.246807
9774.748688
9764.167543
9775.092841
9776.158315
9750.066435
9772.374528
9782.265344
9761.637468
9748.116224
9776.001815
9771.882236
9772.494313
9771.143685
9771.819816
9814.217349
