2265.580313
2098.349969
1758.970481
1693.821574
1777.902174
1119.981851
1372.053010
1270.658948
1409.530969
1450.376838
1220.014393
2073.564381
1521.170682
1198.081641
1211.118214
1241.993934
1410.500418
1610.882400
1423.698547
1082.581154
1065.274237
1215.264245
1200.065455
1248.548525
1404.002410
1649.716438
1092.495349
1134.668814
1562.542411
1243.814505
1608.104536
1424.069624
1413.825377
1130.896249
1098.454896
1578.878874
1459.119410
2251.585206
1524.046020
1779.657935
1579.215311
2497.553334
1638.976596
1362.798263
1575.831249
1490.190762
1794.028505
1728.703433
1459.929907
1664.470156
1599.205794
1301.267131
1243.198943
1334.777836
1569.199778
1516.340350
1595.671108
1523.981642
1554.731059
1707.373462
2652.572290
2676.446328
2885.045010
2823.869619
1451.141579
1533.501580
1196.807049
1152.297033
1237.711954
1460.181062
1067.606095
1261.570654
1378.808738
1327.514565
1510.865695
1427.557153
1563.373805
1269.543332
1181.722898
1313.414419
1456.868110
1405.217792
1254.926592
1310.383148
1309.212326
1378.937441
1584.968204
1817.546027
1675.506703
2022.420573
1535.074069
1588.995326
1045.406864
1154.511049
1391.137220
1413.059894
2110.434311
1654.325092
1571.592618
1464.233590
1350.655763
1849.984428
1762.849583
1426.927591
1461.258434
1261.021506
1037.587426
1137.633048
1641.560361
2127.254435
1738.403701
1885.826526
1457.281443
1984.774567
1635.204440
1457.266736
1210.684947
1897.334898
1357.907517
1534.415406
981.027403
1230.756104
1093.984368
1827.289020
2739.740458
1207.235269
1163.899671
1664.185063
1573.226146
1143.136237
1395.823967
1528.239665
1754.581500
1912.618035
1375.309962
1386.656249
1999.070998
1752.303793
1863.995243
1690.882600
1762.015123
1675.068832
1743.833029
2041.080896
2043.431701
1691.095004
1953.473453
1798.308506
1964.440001
1582.852507
1882.382127
1493.867704
2233.239044
1466.890397
1716.710164
1407.462254
1790.318392
1535.075672
1499.342985
1371.728329
1870.540183
2813.318710
1885.935900
2381.910173
2664.260840
1444.041450
1544.924674
1930.999056
2164.944902
1877.858543
1731.938457
1410.853800
1527.959713
1221.310399
1186.028891
1782.481250
1592.422793
1253.137083
1668.172457
1685.483459
1614.644755
1997.091930
1672.110348
1399.387039
1467.826802
1285.078965
1790.210024
1455.908445
1422.678912
1404.722690
1617.658015
2063.155617
1349.300514
1923.927444
1705.957422
1937.762276
2041.382790
1868.059968
1066.856043
1410.386257
1357.914643
1683.442590
1696.627040
1658.892871
1637.007572
1240.641002
1494.097755
1185.116254
1083.131053
1223.475724
1098.725509
1097.255097
1384.216488
2151.925193
2371.400165
2358.947858
2158.596732
2139.967920
2245.173096
2348.757592
2253.743202
1784.977666
1596.615013
1774.584739
1892.386959
1985.824691
2112.507111
1448.995847
2033.636102
2242.651822
1540.230836
1406.442784
1897.822938
1320.475218
1333.872102
1956.064382
1866.915640
1719.448650
1300.115556
1373.305806
1738.305583
1376.947139
1571.250681
1423.117246
1791.499872
1611.714980
1607.117646
775.983418
827.456903
1131.880307
1089.002383
1190.632181
1286.390673
1957.927497
1233.973691
1858.660233
928.614031
1558.525755
1159.165636
1141.786497
1340.921720
1518.889756
1292.967132
1378.231762
2295.838675
2588.592211
2779.421245
2288.994197
2574.450285
2732.697237
1693.345801
1560.742338
1356.657179
1536.272671
1088.967836
1405.197967
1017.817059
1306.093635
1647.153505
1448.199858
1386.787634
1334.096211
1667.965936
1362.314687
1474.665437
1483.448804
1375.818090
1079.755370
1237.447784
1624.643866
1665.438366
1551.608629
1594.790965
1470.022451
1558.029129
1103.988494
1182.915727
1083.574945
967.316202
1364.633217
1345.540339
1398.277058
1063.266190
1208.774037
1327.789467
1229.490385
1629.790637
1324.890720
1349.202140
1298.536815
1561.859295
1714.714515
1669.903649
1901.483087
1848.864600
1891.843018
1533.905417
1585.030566
1580.800072
1777.920973
1504.686692
1610.281849
1470.814434
1602.161173
1877.859162
1527.925112
1505.870261
1540.176813
1407.050627
1535.926583
1419.075308
1484.185504
1487.550671
1238.437025
1570.846635
1541.888964
1739.640589
1581.958720
1350.533578
1518.619575
1656.951404
1213.838490
1527.605687
1441.989088
1341.554142
1250.643131
2123.178331
2017.275094
1784.712036
1456.955741
1281.326378
1817.343418
1879.746156
2054.983554
1865.158790
2110.322426
1921.787973
1934.103574
2142.855605
2112.557804
1916.508817
1856.635839
1809.718508
1690.974935
1901.171724
1696.264258
1735.428280
1556.299215
1338.010515
1857.279574
1485.209720
1467.922268
2364.653115
1713.654749
2389.929422
2093.909089
2299.921539
2080.502171
2406.256613
1803.255889
1839.366247
1936.519691
2002.018804
1711.459319
1956.733576
2164.090383
2139.142552
1708.036974
1919.724139
1953.043934
2265.539528
1895.278515
2521.110589
2626.067340
2340.296123
2347.908136
1978.405577
2721.403184
1783.123247
2006.216235
1451.725285
1742.393394
1770.645093
2380.990025
2261.511252
2364.392362
2491.358103
1779.008204
2263.632781
2797.203566
2014.670439
2111.730344
2350.977152
2210.584939
2112.367842
2092.066016
2477.110218
1782.014509
2048.383945
2027.287100
1260.636320
1384.388960
1663.346786
1406.753647
1614.373158
2081.056201
1437.336087
1845.202357
1809.238090
1242.425103
1212.279982
1246.384154
2034.557133
1443.145361
1443.748156
1453.511441
1591.016094
1458.374838
1659.102216
1603.548604
1650.621100
1629.398607
2008.485337
2142.526219
2490.396674
2112.602852
1303.081700
1843.033290
1592.320157
2049.584916
1892.076612
1798.652311
1699.351019
1625.044200
1611.629872
1718.749520
2013.907761
2137.732979
2012.169382
1394.623440
1419.300294
1407.424692
1538.620157
1524.584964
1470.184248
1458.145338
1463.177008
1274.417021
1647.668847
1090.114909
1306.788108
1602.792391
1736.119019
1438.770429
1633.481539
1770.261630
1561.451833
1467.320904
1274.845580
1248.667667
1677.943676
1718.609220
1920.678485
1428.649001
1396.509964
1456.830263
1723.980720
1824.499426
1484.592684
1343.969705
1058.395666
1713.359346
1592.223710
1595.178727
1646.102195
1716.841604
1556.372104
2024.656631
1602.523662
1211.818432
1086.411717
1315.598866
1287.200078
1450.672196
1804.184063
1782.996513
932.867769
1035.418590
1341.616532
1155.954270
1289.295198
1165.567189
1104.951216
1202.983540
1608.771082
1792.750548
1394.758321
844.433989
887.061519
1226.847511
1255.501387
1351.628653
1278.810637
1441.083814
1328.051365
1710.751027
1673.727969
1120.201138
1714.451713
1310.915769
1332.780309
1480.285606
1067.043353
1273.197631
1359.672278
1811.162509
1533.998728
1471.540353
1505.308203
1794.471148
1698.495653
1873.422850
1626.357525
1961.434813
1600.126713
1443.036159
1863.304099
2245.477776
1136.648084
1375.363426
1170.729475
1800.924289
1301.388480
1388.965346
2168.807520
1542.090675
1249.586298
1213.875413
1210.598977
1606.222554
1132.668197
1095.641610
1393.399895
1478.483810
1715.069799
2307.919078
1631.050768
1316.294622
1320.323848
2181.951236
1033.969975
1019.148814
1229.227307
1565.789064
1551.857910
1701.788822
1754.006752
1521.269095
971.584266
1352.566370
1456.998035
991.418278
1304.246638
1499.373615
1425.909545
1133.438213
1443.712253
1684.285818
1751.145825
1961.281217
1353.704695
1364.428781
1236.510620
1052.429703
1077.817476
1214.983091
1362.889499
1400.367628
1275.125932
1286.861987
1352.660347
1101.822815
1385.824850
1389.065451
1421.237350
1537.600288
1637.388897
953.616282
903.814005
1429.191908
882.407069
1665.896868
1015.448783
1227.258457
1028.828156
1056.657729
1035.023201
1170.761776
1162.666834
1352.120939
1392.499591
1857.724999
1593.218094
1350.286053
1268.030326
2127.231639
1398.643811
1294.772312
1458.062364
1641.986742
1940.452322
1635.585871
1984.786569
1742.279568
1293.539490
1504.520923
1249.888618
2304.603719
2400.059527
2392.851264
2297.426273
1259.265751
1556.958011
1795.837815
2078.795188
2260.217020
2152.735190
1477.263910
2130.995544
1639.933819
2049.346536
1612.194069
1558.962914
1813.940060
1305.157222
1220.947479
1575.123968
1432.690789
1182.495287
1378.008213
2132.796369
1763.850444
1299.211832
1874.739759
1574.083373
2235.320848
1012.628445
1212.052691
1791.487284
2168.611927
1491.058580
1415.740497
2481.530403
3006.922437
2537.928244
2599.079183
2455.288128
1867.985492
1857.868489
1962.872609
2046.286829
2253.601488
2090.760662
2595.911592
2598.729981
2907.630337
1926.621647
2235.711512
2233.874950
1570.677403
1658.245457
1581.734225
1307.609154
1636.289931
1592.268340
2001.115723
1933.824841
1712.671796
1632.653750
1222.656336
1620.386435
1234.269619
1304.106224
1458.895900
1093.719501
1243.698168
1776.648285
1488.608688
1256.341549
1663.934342
1544.062655
1270.683806
1597.482870
1583.881526
1407.874600
1459.284968
1174.686957
2287.387760
1392.814448
1148.566119
1682.509278
1297.029143
1152.859873
1192.336272
1300.127417
1499.084669
1460.349382
2253.212917
2236.905674
1637.069045
1666.487287
2338.442619
2139.213948
2246.820793
1214.327960
2240.465522
1679.593703
2036.916232
1659.772697
2145.838419
2046.517172
2451.263824
2285.701423
2290.678424
2716.612971
2821.881679
1607.464221
1413.767689
1341.451863
1397.019988
1442.835569
2403.168436
2323.819274
1999.666986
2170.096634
2107.062625
2178.009500
2493.562230
1495.741905
1667.848982
1397.552360
1309.830805
1417.371577
1651.564922
1493.294544
1560.085278
1565.756385
1414.880937
1415.811047
1336.044777
1605.023441
1656.299674
1948.514218
1727.855207
2404.863022
1504.081009
1453.096283
976.127048
1603.688044
1275.020289
1103.513293
1443.812348
1546.611136
1840.505016
1471.781046
1733.201993
1580.323581
1598.025159
1454.545424
1455.708777
1631.171200
1851.825984
1593.485876
1380.336099
1584.751172
1678.798650
1481.662394
2085.827979
1601.097143
2053.202602
1642.585635
1929.341603
1652.408463
1893.151701
1797.249919
1095.421594
1057.404224
1720.953204
1404.632569
1775.489102
1372.273307
1387.865792
1289.918073
1228.978323
1723.059776
1461.928207
1912.459756
1403.059057
1302.864595
1253.408579
1593.128791
1462.269007
1108.678748
1169.941289
1008.597739
1083.208007
1710.446300
1408.284602
1300.178361
1355.859512
1366.587917
1854.895547
1834.622252
1700.550844
1768.719944
1400.291483
1494.059859
2770.085402
2756.781842
2551.071930
2099.228696
1232.108049
1670.100832
1634.506213
1643.916626
1516.122924
1459.360126
1662.439873
1206.409874
1659.032850
1280.230318
1643.015210
1402.388103
1489.288701
1471.225721
1777.123633
1422.019305
1563.240436
1221.843630
1562.113745
1217.437321
1615.204197
1686.538721
1270.266574
1755.066221
1078.747439
1212.093827
1081.560025
1262.769760
1169.424846
1562.063892
1421.208640
1338.316093
1043.425705
1378.927791
1436.657246
1431.888573
1472.552049
1182.684035
1087.349449
1860.396107
1090.640541
1509.271914
1089.929335
1380.137726
1330.110495
1322.459733
1378.484768
1661.888058
1225.866723
1096.414267
1062.615978
1488.910209
1384.772275
1166.111008
1387.127390
1160.223489
1332.275367
1074.205646
1407.209850
1160.746721
2076.770556
2094.300974
2393.922488
1609.317405
1183.703157
1175.589823
1448.730676
1451.680036
1539.155907
1898.413781
1392.298327
1774.791283
1602.045467
1900.954269
1487.669807
1477.775813
2236.531346
1873.866044
1577.319563
1463.437239
1258.776953
1687.132399
1723.906480
1595.441482
1745.339188
2187.544972
1785.064679
1709.608162
2097.156638
2269.376349
2519.187206
1662.356009
1445.727210
2242.552802
2198.098527
2226.367302
2238.436235
2072.891571
1997.032675
1409.544217
1466.068047
1591.566386
1325.776204
1583.321549
1404.149211
1445.147247
1695.997986
1591.711662
1771.963773
2089.316636
1424.124917
1175.413643
1364.819397
1411.104654
1361.623968
1820.422001
1327.868874
1546.165751
1465.139222
1157.710826
1154.587084
1527.144951
1441.216236
1275.703344
1272.611248
1901.569317
1317.750067
2077.135137
1336.538853
1168.377910
1389.173683
1253.491450
1299.172217
1140.032520
1211.295013
2525.183835
2037.318626
1749.048553
1909.403290
1794.052010
2513.552311
1226.194349
1855.253195
1367.223136
1298.372260
1461.622634
1299.106466
1846.243927
1417.476235
1243.280100
1126.201456
1283.573011
1535.818550
1996.342747
1641.481949
1377.987971
1852.918614
1316.183609
1411.116652
1356.078495
1307.635549
1708.651988
1468.245085
1450.454094
1964.455740
1983.252164
1396.496949
1398.211998
1324.592614
1285.907640
1278.847625
1740.718457
1577.310648
1368.284368
1261.081500
1383.518870
1197.486315
1109.719868
1272.300763
1537.694280
1666.210194
2493.430174
1650.370391
1908.604723
1460.986709
1404.360929
2038.612575
1808.619409
1537.802393
1515.132973
1651.698320
1278.969459
1587.989743
1286.822316
1644.289112
1549.563547
1723.506855
1819.217848
1780.222264
1811.291162
2048.685704
1961.779441
1398.394367
1405.328695
1280.813354
1285.053245
1274.177980
1264.771072
1467.121462
1070.770277
1276.332610
1205.182691
1012.658553
1503.518503
1020.199664
1232.354678
994.453895
1433.317565
2351.161927
1432.562473
1606.547487
1680.836323
1566.908034
1520.043005
1746.834897
1546.003493
1728.026955
1697.435834
2385.197726
2396.227192
1769.296159
1803.769825
1294.844932
1297.001000
1281.014723
1081.306110
1370.816752
1437.426364
1090.487651
1538.869704
1646.193074
1741.545498
1717.405425
1527.847204
1699.135489
1165.445819
1383.671487
1245.000190
1166.588175
1763.095714
1563.074742
1488.023085
1916.238221
2182.820385
1328.758354
1087.305201
1342.595753
1825.431145
2009.578270
2170.357825
1691.852584
1908.098436
1381.670389
2327.733509
2027.630675
2035.059689
1705.991135
1494.103752
2236.201219
1502.790490
1570.239115
1432.767932
2211.066464
1429.958055
1617.034898
1712.412265
2019.658245
1431.538210
1977.807540
1353.130945
1596.708173
1409.044679
1304.511567
1405.993041
1550.941498
1459.393419
1866.158814
1852.017148
1311.601417
1417.556791
1301.683399
1403.078099
1469.364886
1635.727213
1916.648175
1716.161664
2004.441547
1763.572984
2340.127053
2179.299057
1919.790388
1951.052218
1636.766285
1442.114722
1436.286893
1973.205167
1736.299910
1916.580603
1721.719104
1850.820932
2022.541107
2037.909468
1102.602465
1291.898352
1388.579829
1555.264742
1381.776531
1385.912757
2354.954692
1551.349431
1522.379080
1387.067821
1026.580140
1706.412815
1727.691193
1719.605181
1801.630230
1807.127576
1721.027356
1773.883903
1817.429049
2148.599596
2167.327378
2376.521183
2220.074596
2158.941836
2254.482437
2151.536460
1873.719353
1846.432837
1747.721264
2437.618893
2336.864531
2058.534112
1903.851213
1956.810291
2445.194222
2203.084248
2117.092735
2018.592360
1858.583167
1825.458160
1858.300132
1772.914879
1851.627553
2132.313683
2040.788587
2524.530328
2360.059856
2167.313455
2577.802646
2291.923310
2456.659503
2195.896809
2275.444802
1906.606293
2183.947270
2000.459218
1872.547014
1806.431454
1961.040724
2331.909349
1514.332920
1511.708670
1314.803234
1440.295438
1433.508019
1331.583082
1343.630677
1408.570733
1478.780117
1541.359338
2142.388420
2026.954312
2128.896064
1682.226637
1763.337726
2257.981151
2840.447853
2331.373038
1851.364444
1804.464773
1979.693938
1803.807250
1655.066425
1978.518155
1925.828022
1933.303875
1394.398224
2228.382708
2401.611245
2322.440324
2390.007348
2441.035031
2358.152150
1535.445302
1815.082664
1801.322483
1851.342232
1966.595075
2200.330689
2142.400522
2043.061856
2152.154305
1792.554296
2016.069984
2104.446851
1691.780860
1570.505349
1747.196736
2078.527007
1420.901639
2022.927238
1677.971563
1991.500485
1462.979302
1633.016402
1572.603178
1658.905530
1603.884180
1727.431783
1823.359923
1714.829521
1686.298823
1864.186066
1761.273789
2028.058432
2182.409306
2238.141948
2014.046807
2142.959391
1746.309572
1766.984650
1506.113723
1512.022009
1744.955919
1796.222516
1976.703318
1854.815364
2096.435010
1702.237374
2227.597373
1979.498687
1911.259991
2088.553091
2632.048909
2927.384487
2272.143365
1846.602882
2224.566018
2055.710795
1849.128629
2313.645040
2333.834322
1455.158316
1556.638221
1418.907937
1531.052671
1656.505941
1568.423585
1632.946782
1632.639589
1592.468517
1806.085037
1698.919131
1493.058393
1351.035685
1441.482398
1598.806588
1603.683115
1553.307585
1456.415108
2152.196950
2186.846041
1522.002343
1614.024074
1773.852583
1726.275333
2302.557123
1790.561984
1717.162796
1831.337454
1497.450713
1556.330634
1420.693883
1541.538182
1574.952866
1596.378298
1589.371224
1806.357858
1887.277949
1918.301419
1694.505199
1707.482940
1567.587900
1708.326298
1885.384556
1535.193695
1571.333349
1957.757154
1675.707840
1668.461186
1889.116074
2222.033677
1405.649265
1415.308600
1760.276916
1646.969641
1760.105137
1732.471236
2124.774533
2006.765278
1794.761001
1791.659807
1703.937171
1793.790726
2134.103170
1878.410535
1611.537751
1717.056938
1934.558412
1750.358439
1732.700341
1607.398664
1797.685523
1535.145849
1480.872285
1474.488167
1683.691554
1428.785815
1430.917438
1770.007187
2009.309044
1382.736305
1572.092493
1204.228254
1215.615269
1029.170430
1297.897431
905.841381
2907.966957
2074.719560
1835.849455
1866.198962
2080.795995
1903.684864
1666.083567
1327.172350
1992.223069
2070.224409
2544.427789
1592.788746
1621.577215
1165.374687
1106.643276
1216.335133
1430.549142
1436.633850
1538.256168
1341.837432
1093.970094
1185.427017
1662.369631
1523.563774
1171.024105
2290.666420
1490.365396
1578.821741
1509.193416
1701.232006
2049.283830
1257.614314
1242.064576
1326.473236
1309.503985
1381.609510
1270.729568
1332.704072
1649.739866
1753.581999
1785.383744
1883.488448
1341.819955
1638.896929
1734.932460
2061.101527
1968.134963
2864.192533
1950.819046
1746.287356
1906.389479
1794.756887
1646.896691
1836.829392
1450.705323
1437.874522
1755.013805
1492.453559
1595.804572
1445.966885
1383.674882
1703.455324
1692.566708
1740.251090
1694.042264
1891.883333
1409.097319
1543.866046
1712.045856
1820.229653
2455.462434
1015.116518
1559.352404
2338.004727
1627.473788
1097.020722
888.943140
1599.163058
1566.814582
1273.591139
1166.500338
2244.938660
1829.824773
1837.583499
1832.646965
1704.633977
1438.558693
1687.189924
1162.381800
1032.005153
1274.932464
1494.433254
1597.985851
1286.333862
1635.466604
1223.142785
1435.386240
1214.641510
1392.572760
1538.599207
1260.557568
1104.196759
1231.701080
1422.332668
1389.365255
1506.419336
1456.464424
1449.833311
1894.110797
1386.934247
1110.910935
1070.837720
944.802021
1458.525557
1071.220380
1552.632626
1128.954179
1321.770207
1862.346101
1745.658097
1771.084582
1791.346279
1857.457767
1711.613978
1622.455291
1560.029944
1300.932046
1254.785580
2114.602987
2215.373142
2516.633230
2194.580093
2586.760917
2014.196391
2168.265660
2470.741378
2504.595822
2037.830461
1933.866309
1941.670272
2229.508976
1970.447597
1868.183887
2094.972073
2112.220825
1793.182743
1461.846770
1845.568013
1504.980107
1871.323506
1764.844482
1938.299632
1838.596064
1458.046482
1357.679307
1835.372528
1593.259836
1584.480234
1918.421885
2112.996528
2021.665517
1660.204875
1481.416433
1348.874166
1660.132470
1592.921005
1555.796653
1887.873480
2293.851638
1870.679353
2044.657696
2014.503181
2279.639458
2266.593538
1355.420727
1286.173298
1645.878801
1711.390617
1336.996521
1996.740457
1407.725803
1758.805433
1620.418657
1755.385721
1811.825828
2126.997967
1433.337368
1796.624168
1683.887823
1771.567574
2013.500613
2061.003846
1787.202960
1989.792053
1850.773256
1852.504102
1492.995496
2187.422109
1619.205172
2121.353846
1801.606620
1892.351285
1897.369110
1556.815556
1544.845444
2008.936515
2172.881939
1782.699880
1577.792705
1408.766449
1555.964079
1618.703899
1989.686310
1901.380608
1855.335600
1587.265529
1698.675497
2109.091658
1889.195466
1579.209168
1636.720297
1970.225347
2052.317677
1837.035721
1972.579743
1639.518878
2066.545322
1844.105151
1976.059995
1835.548961
1698.390246
1646.530595
1509.233776
1498.473749
1899.841861
1917.076768
1653.039456
1557.880753
1638.825766
2272.149385
1588.900001
2075.876869
2131.174950
1918.183307
2218.745056
2152.280762
2247.844319
2077.318972
2180.306290
1987.904612
2216.310721
1664.849414
1609.880123
1363.193413
1597.468736
1461.771373
1473.422575
1838.236071
1608.784099
2081.245363
2071.551430
2238.846385
2142.081101
1671.367102
1899.675018
1831.431942
1935.594680
1724.373346
1903.265022
1790.176970
1367.463734
1662.543067
1555.957835
2000.141803
2429.750044
2095.525681
2275.636224
2094.745566
2275.738879
2255.362084
1625.403827
1937.393826
2114.788934
1682.934210
1682.018209
1642.284258
2085.223418
2098.335305
2028.481404
2099.805899
2125.607121
1934.891134
2180.200227
1596.210785
1590.908744
1378.597645
1395.682836
1740.515650
1529.206685
1332.132543
1384.088374
1330.623511
1699.226295
2204.212582
1593.546752
1293.833617
1490.171400
1501.409978
2214.777297
2112.538961
2110.468416
1524.647472
1493.597110
1785.177448
1782.485659
1736.935776
1530.598823
1676.370757
1247.775773
1939.675201
1271.346514
1361.737421
1507.557462
1443.628885
1524.671833
1388.971089
1263.034180
1580.779402
1389.592133
1449.585018
1281.939923
1592.529309
1515.095347
1973.026914
1526.343759
1385.711043
1349.660658
1545.533402
1745.395196
1268.693563
1510.200049
1144.533924
1248.934422
1449.111023
1104.824522
1473.113711
2077.202083
2052.493724
2075.177581
1827.760488
1745.824160
2146.818825
2072.930870
1719.725800
1687.250977
1389.815700
1643.233066
1431.018159
1788.283970
1613.623512
1824.170203
1352.374539
1674.686440
1634.940694
1565.949669
1912.379173
1688.367983
1455.689523
1453.742929
1419.954218
1897.808027
1603.801143
1389.419342
1470.732846
1249.713741
1559.630715
1465.565168
1338.260825
1321.822087
1197.391540
1385.234729
1303.325428
1158.838214
1469.005576
1634.086902
2315.196483
2285.955787
1887.816069
1394.335163
1404.121643
1392.570572
1505.659385
1250.179742
1412.245239
1888.345975
1366.507198
1284.676590
1416.968060
1220.348312
1440.416490
1376.993906
1553.153494
1602.469389
1468.761160
1141.941777
1105.972641
1868.597438
1830.773978
2505.592609
1918.775534
2001.014332
1905.005861
2770.019141
1612.195859
1713.994896
2040.992195
1424.390444
1294.069852
1456.771841
1558.432995
1394.711647
1690.356873
2008.865698
1390.216165
1460.740673
1376.017141
1571.740788
1342.449851
1616.546940
2232.547383
2278.178629
2575.115624
1861.375302
1597.724585
1295.775216
1872.660542
1710.088673
1916.467114
1561.561188
2191.853693
2100.522787
2230.325924
1556.415349
1808.354029
1883.473875
1235.770412
1250.785413
1243.268098
1499.381363
1240.088797
1375.753465
1326.899717
1319.155199
1440.930854
1475.163923
1187.405440
1143.548964
1328.807851
1343.037268
1169.897258
1241.019367
1638.560473
1137.241598
1470.669139
2124.159910
1397.152464
2057.540471
2647.223921
1779.725041
1448.743826
1326.365026
1280.978050
1750.531664
2037.640590
1264.153070
1278.335324
1486.242257
1600.503221
1569.000302
1557.188939
1204.728605
1207.005776
1582.066967
1450.807174
1825.612017
1860.147119
1576.449333
1519.403743
1374.509422
1507.667746
1643.143685
1464.002647
1311.084158
1267.100692
2083.479407
1372.418272
1244.631556
1448.485814
1664.582702
1273.812172
1320.425348
1721.855901
1858.508695
1809.342224
1664.738238
1982.025078
1775.660169
1568.657380
1988.397800
1399.969875
1408.278452
1821.991470
1727.514142
1907.392297
1597.570259
1393.402753
1198.413695
1110.543379
2568.605134
1687.752711
1256.293102
1784.313369
1422.368399
1280.950882
1455.165231
1845.636426
1308.198176
1759.134095
1609.059391
2128.272387
1864.189658
2030.621684
2048.932968
1898.398432
2087.548121
2020.835149
1807.036687
1503.378049
1956.398672
1801.480763
1702.800962
1890.266301
2547.023062
2107.350571
2402.411248
1988.657329
1896.547320
1349.371888
1876.902471
2143.130736
1936.783842
1754.743221
1325.680410
1374.957533
2441.154013
2079.470047
2721.324095
1675.812415
2166.482096
1909.586103
1653.588268
1708.445991
1685.096708
2462.974468
2959.306366
2486.819794
2425.512769
2911.404428
2983.737595
2351.353442
2441.077725
1540.229052
1583.539367
926.609388
966.883957
1485.569928
2052.361487
1800.711135
1777.713383
2750.103845
2252.667143
1900.828680
1092.583888
1499.172331
1414.766095
1325.666701
1336.200096
1473.273840
1819.590917
1236.648237
2081.201159
2257.235700
2099.845955
2310.667871
2245.464627
1040.869786
1118.842190
1432.375993
1118.008764
1390.740659
1041.517681
2201.070075
2496.292316
2436.427730
2324.888351
2195.894575
1716.043361
1314.120381
2316.090120
2259.228867
1913.922426
1660.664951
1591.002500
1643.292927
1603.416076
2018.583055
1476.757846
2111.559951
1569.687629
2280.210056
1834.340490
1844.688127
1916.573069
1845.609470
2253.509113
1860.956546
1999.780123
1894.842194
1319.180101
2273.947919
2348.552030
2361.197263
2614.936750
1537.964936
1682.070110
2010.158668
2087.908282
2544.218683
2331.376663
1091.761427
1704.599575
1415.175634
1348.827546
1364.289176
1424.607499
1220.888152
1055.624469
1614.316202
1674.831080
1689.237357
2493.838115
1140.198108
1786.746172
1585.362138
1592.489000
1630.534253
1505.179041
1975.314901
1622.032267
1706.933001
1227.757357
1377.990044
1096.917826
1293.558972
1430.842985
1238.679462
1355.574524
1335.041355
1374.723059
1344.743872
1072.694961
1188.410299
1423.319837
1460.145495
1572.085606
1399.108436
1456.305250
1144.921920
1573.184488
1513.465902
1297.500849
1763.150583
1218.840629
1757.459615
1236.727980
1165.808292
1342.378560
1055.782306
931.208162
1611.725189
1458.902621
1414.378400
1643.801508
1263.129383
1224.142672
1431.605644
1348.474437
1745.158109
1261.093337
1488.205355
1410.142705
1414.044151
1413.900044
1378.981144
1818.308988
1375.467409
1212.377118
1757.747366
1539.166999
1417.844793
1082.723228
1460.322356
1089.519074
1464.739494
1156.816892
1472.422401
1095.410909
962.755710
1225.036321
1205.925573
1319.127187
1594.827838
1274.997700
1210.002302
1875.057544
1956.054006
1235.574368
1907.324296
1336.058967
1261.544570
1089.018982
1467.259868
1335.244121
1908.391851
1376.555132
1095.675375
1551.004413
1685.540075
2182.803183
1622.454314
1269.801366
1311.819699
1488.126296
1166.919025
1617.959392
1264.017084
1533.129660
1303.921142
1094.097469
1426.670185
1078.667330
1087.281351
1217.750535
1287.506979
1219.118603
1516.348441
1795.244979
1192.626405
1482.136579
2175.895715
2347.364549
1284.498175
1082.594958
1361.379870
1224.809863
1552.030659
976.377631
1042.113146
1223.336037
1261.431416
1102.614633
1321.290633
1501.602419
1348.256570
1085.485984
968.815247
1579.617857
1979.250223
1319.960538
1431.909061
1439.549404
1286.223545
1194.705021
1372.599634
1424.110284
1266.313428
1812.990569
1824.063448
2176.738629
2036.871065
2028.938719
1979.707917
1347.399521
1732.528673
1347.524736
1399.485353
1399.950614
1359.045411
1359.631372
1910.857771
1208.927098
970.374882
1014.579336
1413.732964
919.710834
1010.904622
1056.892400
1556.803627
1644.856171
1719.265378
1042.383112
1251.285696
1229.107644
1409.359676
1353.101199
1450.981761
1353.015056
1183.879041
1583.319726
1683.145817
1255.666750
1481.760474
1130.556711
1915.530816
1380.237441
1103.598861
967.087515
1093.402294
1365.566473
1280.044115
1267.933289
1065.765548
1423.366751
1054.829001
1562.401887
1052.953302
1340.205910
909.771752
907.246843
931.681724
969.231405
1296.697431
1697.007680
1763.396338
1201.804130
1215.361552
976.221665
1829.336771
1900.074795
1275.177886
1064.926605
1016.813343
1293.586549
1873.408701
1562.804642
1710.856228
1041.796562
1257.703756
1327.210858
1013.301859
1380.426313
1076.093136
1597.950681
1633.885106
1124.979023
1221.737790
1050.293214
1295.745677
1292.284724
1168.390009
1688.684805
1227.112260
1134.098594
1135.038787
1174.873263
1229.524585
1100.072324
1414.180948
1238.438131
1186.930104
1116.740221
1304.199507
1458.092902
1576.805128
1435.961509
1831.628292
1500.910032
1400.217103
1581.486963
1457.854005
1880.650334
898.194689
817.595599
808.580780
799.462464
1274.434258
1241.537181
1175.999819
1409.308466
1436.918536
1697.023036
1581.735567
1832.347319
1518.662917
1702.552391
1296.930463
1394.422804
1101.121847
1432.769423
1139.511316
1861.045341
1615.363366
1352.546082
1437.246240
1213.865329
1150.902890
1391.263224
1598.527114
1212.882532
1595.466289
1674.795760
2328.459417
1648.650511
2036.617491
1637.994885
1627.399307
2237.455156
2036.362485
1328.254260
1400.737104
1437.536848
1444.444163
2128.004058
1869.453727
1486.084232
1274.019134
1452.942955
1499.107230
1493.199157
1491.105495
1977.091624
2154.413806
1219.375207
1167.407866
1080.903443
1370.539134
1211.149494
1823.334646
1668.601313
1526.995026
1209.986837
1206.599243
1213.503600
1206.039188
1755.819611
1167.577793
1163.508780
1113.412004
949.716080
1383.371221
1896.889411
1891.557724
2103.946519
1916.419964
2116.926847
1845.148983
1590.034240
1668.734977
1572.780843
1500.858000
1612.050639
1147.315803
1380.705788
1609.963315
1768.264154
1647.119834
1588.960036
1731.854885
1387.591544
1880.998767
1411.948367
1815.251956
1928.636335
2014.957272
1614.930750
1771.759772
1858.066173
1661.255710
1441.205931
2027.047883
1485.863132
1567.997363
1368.980986
1550.652557
1200.328529
1485.873186
1408.966969
1055.597024
1254.736381
1242.351815
1672.612571
1257.403911
1328.681276
1700.614919
1474.255472
1160.896831
1051.619818
1497.012928
1592.706590
1549.966558
1570.875772
1480.781277
1659.005210
1591.354143
1413.851021
3260.534257
3151.923909
3158.211974
3313.438485
1196.570221
1098.936263
1545.540174
1321.443168
1223.507894
1328.045911
1768.387398
1365.204282
1048.533905
1449.229610
944.734223
1471.369128
996.659952
1344.027835
1339.790646
1683.235454
1691.419388
1339.942202
1530.771301
1100.525528
1933.068948
2630.902095
2035.189321
2031.186035
1181.847694
1626.546235
1822.378145
1351.626280
1209.980407
1639.870011
1311.199393
1935.686813
2634.635781
1947.195985
2682.583086
2042.286886
1822.993440
2094.748935
1687.346027
1891.427223
1901.293659
1788.561322
1664.116410
1511.713094
1566.687666
1671.588645
1622.381884
1871.219943
1890.881971
1842.874595
1172.463787
1178.631133
1400.149373
1632.308151
1497.218835
1461.870726
1954.817152
1355.363356
1561.128176
1876.952452
1470.021987
1480.190613
2005.874895
880.530686
1239.116639
1238.928539
1076.078584
1391.335597
1278.781059
1406.292977
1680.543200
1568.462970
1219.052351
1080.231577
1769.024577
1513.844863
1296.954207
1259.902475
1685.493726
1592.530719
1877.202557
1687.013240
1752.646768
1540.135130
1341.701754
1210.296586
2119.044378
1330.752700
1461.948620
1353.704502
1463.900334
1474.556319
1460.181896
1146.693008
1537.109798
1287.125523
1325.383612
1802.519148
1445.891346
1968.269095
1538.124349
1278.671165
1672.104167
1086.938683
1648.087680
1472.608404
1580.928832
1821.117169
1352.223492
1644.300171
1173.301383
1143.917123
913.388226
1159.388934
1150.010420
1413.250928
1370.867855
1074.757559
1983.765017
1407.724902
1805.976566
1444.587069
1125.141510
1420.353400
1977.194360
1160.198331
1034.376554
1162.752079
968.527896
937.936415
1479.791870
1516.039708
1435.280711
1559.073451
1264.622933
1287.729160
1258.489416
1409.606092
1531.656532
1560.283731
1391.898030
1325.054890
1311.822368
1669.870261
1511.260368
1229.738728
1378.706227
1162.464490
1216.480393
1297.067608
1342.145322
1127.064864
1467.759595
1335.404223
1391.960043
1472.926884
1360.029938
1306.453196
1298.818353
1495.179584
1624.055735
1042.438332
1277.508154
1014.217933
1089.240411
1642.316916
1548.595526
1526.587448
2342.872582
1398.005096
1320.308575
1591.850106
1398.660063
1269.058578
1840.298533
1807.243917
1515.617836
1584.825181
1553.690780
1655.573124
1650.594485
1474.297637
1589.497752
1642.572300
2151.315731
2144.997972
2105.564326
1917.892186
1949.290713
2153.915781
1717.082858
1301.361146
1889.394963
1431.584354
1386.435031
1437.230805
1345.769494
1959.618869
1357.027161
1489.107380
1313.577808
2250.337989
2320.598649
2239.658666
1453.531165
1707.763872
1233.477489
1295.344335
1340.576610
1350.354743
1534.262087
1139.778248
1937.330989
2038.378676
1646.812481
1581.166003
1173.007636
1353.882482
1133.810378
1517.588684
1636.473226
1215.834864
1381.012705
1296.477414
2445.495613
2376.880992
1669.177787
2565.545776
2946.909826
2860.931291
2568.549417
2696.037667
2737.709111
1532.847100
1987.593220
1463.744246
2081.482024
1587.312603
1585.096801
1641.931956
1663.431757
1580.981950
2084.062608
1344.116498
1452.581052
1456.862708
2184.902754
2250.047534
2049.657021
1812.675011
2213.295290
1970.518575
1855.385134
2120.062808
1970.431809
2061.685290
2744.365072
2705.574385
2676.699344
1306.642252
1151.267122
1113.360310
1718.548225
1900.904163
1242.707370
1251.100802
1267.662224
1635.055883
1495.747013
2158.201437
1482.023570
1443.851115
1499.500126
1098.614074
1663.594177
1324.492441
1395.125126
1365.620759
961.160576
1051.260700
1803.301346
3091.900214
3242.732311
3228.751694
2819.326341
2801.689322
3015.761959
3506.557797
3256.834974
3434.282456
3346.978309
3434.417506
1509.972605
1543.661948
2221.741694
2312.612525
2114.504943
1530.878773
1178.044788
1386.971080
1028.952159
1297.762819
1418.936657
1907.438505
1049.942764
1136.234301
1493.960753
1120.897712
926.663791
965.579285
919.693821
879.611274
1478.797795
1532.174490
1269.415645
1313.558139
1236.431331
1207.525216
1244.241606
1141.219354
1160.356767
1256.898910
842.732674
1285.768625
1182.759999
1213.197267
1287.503080
1936.494692
1435.512749
1306.011154
1391.378539
1343.121210
1371.899638
1416.508392
1440.956229
1433.911461
1550.501432
1334.232863
1129.843994
1399.105929
1080.271347
1482.095647
1544.674809
1653.793929
1626.433622
1334.726652
1098.847244
1074.945476
1592.081662
1698.699522
1045.092188
955.302454
955.400639
1457.392659
1463.317828
1115.519222
1079.771409
1450.962699
1145.269336
1222.709637
1086.990177
1126.352588
1216.329317
1283.703635
1287.490598
1262.366643
857.458192
861.566095
1203.600441
1469.267895
1378.017777
1560.010035
1653.223766
1573.461711
1752.117292
1488.003690
1459.277016
1281.331237
1241.602705
1453.817046
1314.114818
1190.235644
1066.188164
1131.814833
1653.176439
2185.579994
1119.203248
1508.577340
1546.433495
1461.248768
1634.584982
1346.928304
1365.013521
1662.962420
1940.351282
2073.642142
1542.989522
1629.235877
2085.562560
1953.661128
1585.336626
1932.605449
1882.768054
1834.292768
1657.173817
1932.304581
1884.260934
1526.655446
1890.225185
1449.203304
1088.241451
1853.584712
1060.946417
1016.762923
1592.778327
1306.290450
1340.476684
1399.563926
1111.194887
1260.736808
1228.616802
1329.061740
1380.392288
1204.320472
1336.360219
1492.380189
1078.848576
1636.166670
1590.190832
1653.853973
1631.180417
1562.354921
1457.948523
1458.291885
1371.636871
1344.904287
4326.869014
972.483301
1442.150364
1612.746195
1967.892909
1352.466425
1353.738453
1459.665611
1410.727956
848.268696
1231.374774
1682.524213
1124.029929
1166.420618
1574.799955
1042.508089
1578.290907
1080.381226
1191.302049
1362.505663
1298.245441
1495.101640
1253.067703
1112.004124
1464.840744
1529.997094
1247.456414
1329.596931
1078.266923
1188.546515
1315.274905
1072.737073
1019.703220
899.224338
1143.437113
1305.464822
1718.456918
1109.937185
1267.916442
1232.379965
986.201077
1118.998493
1552.689219
1596.298215
1177.397741
1231.580232
1426.497765
1236.809425
1281.251347
1343.270220
1280.735917
1853.359551
1631.573119
1058.135252
1585.458399
1661.093380
1611.016858
1392.803961
1397.991450
1722.477235
1587.179079
973.625811
1078.599623
1150.400847
1081.966440
1703.372703
1373.115641
1297.098848
1679.467236
1603.368934
1370.335553
1434.254058
1020.264794
1691.115830
1362.628687
1005.883952
2526.471245
2506.103558
2559.828153
1524.608562
2199.178692
1632.389597
1768.699490
2728.712200
2755.866594
2897.849054
2804.441492
2873.956480
2742.466947
1015.772934
1384.855003
1147.160100
2003.550168
1183.926890
1482.945450
1545.386177
1515.762517
2121.777105
3011.528826
1625.459120
1495.611022
2191.086884
1464.255892
1280.582671
1204.519699
1338.695629
1980.449030
1820.857082
1667.283291
1748.891399
1163.784454
1042.234601
1007.647875
1397.351625
1594.704985
1455.663912
1131.682576
1182.309059
1331.837437
1227.823033
1836.547262
1213.792357
1410.289569
1315.590182
1349.146207
1367.853801
1215.353677
1185.745831
1126.513070
1441.334805
1265.347993
1059.323405
1568.161181
1681.104800
1612.683435
1895.985772
1279.966238
1642.433152
1116.825550
1219.611094
1211.538279
1358.318973
1423.608842
1614.235613
1133.230307
1054.240291
968.904648
1092.334753
1094.188602
1347.221563
1433.276124
1269.632597
1305.619081
1580.139249
1846.049834
1712.810765
1527.909344
1663.055524
1278.058396
1487.838261
1257.506426
1503.965229
1409.965039
1073.768032
1196.405952
1264.079497
1512.353497
1272.550457
1390.871495
1058.146610
1398.271926
1191.028213
1143.498366
1679.793740
1437.822344
911.466043
1352.971275
1367.423775
1653.058987
1277.270636
1115.713798
1458.756859
1451.281061
1459.086736
1397.016670
1499.902658
989.349827
1123.632283
1805.523250
1048.721260
980.118694
1130.714433
1009.522414
1876.850856
1169.811747
1102.365835
1202.351049
1038.078568
1393.028058
877.155145
1310.434309
1305.293160
1437.055902
1623.980982
1387.054618
1058.542561
1239.716254
1232.210122
1275.924547
1426.192612
1505.028921
1226.499461
1141.296827
1413.588099
1348.777998
1745.199336
1607.710970
1299.489227
1060.550441
1434.048114
1048.056751
996.283083
1677.614329
1500.179854
1228.211110
1452.034764
1327.096847
1399.674616
1498.623749
1383.345046
1615.850900
1136.495416
1263.552435
1338.182417
1688.678149
1292.951324
1300.411802
1598.640809
2705.426684
2951.878226
1945.518409
1807.075042
2152.462338
2010.039652
2160.713814
1740.555825
1875.430555
1963.422870
1920.616069
1618.852652
1428.510055
1791.622680
1989.117663
2176.042480
2087.536723
1937.232922
1060.647863
1153.114264
1760.388504
1347.927819
1286.826002
1115.991574
1788.270603
1274.123707
1289.475392
1326.820649
1659.184126
1731.041514
1789.284904
1658.161548
2154.400985
1710.105585
1755.931421
1350.434594
1360.917410
1458.812624
1596.792405
1520.916118
1586.834152
2044.930318
2328.464641
2173.903561
1410.354317
1692.969601
1654.490210
1475.331352
1162.212656
1179.499358
1524.173214
1531.682553
1740.272252
1368.318494
1384.843004
1371.826557
1908.172894
1255.323097
1472.331990
1143.629974
1186.859674
1239.745458
1328.433591
1679.196381
1521.622891
1909.151883
1241.866602
1226.873325
1282.613020
1714.858171
1613.380419
1302.348471
1354.102562
1275.495847
2633.453131
2128.516659
1530.193241
1188.032884
1217.392646
1256.175285
1523.352062
1342.844069
1771.055429
1456.173439
1467.606154
1357.622552
1361.397468
971.700022
1111.079195
1201.926462
1166.995212
1134.266061
1149.689391
1201.669944
3554.699630
1582.994418
1852.277741
1920.027639
1824.706026
933.673681
1619.160173
1631.664797
1178.089516
1349.420029
1342.522869
1398.222117
1013.549738
1393.146046
1241.767759
1783.347613
1490.606457
1545.588734
852.673823
1125.538383
1181.584476
1550.143187
1193.920194
1263.070117
1174.250114
1190.864410
1298.940915
1128.665015
2017.159588
1231.983388
1692.893235
870.701635
1393.015559
1391.966036
1229.074017
1497.698355
1215.402334
1202.218162
1607.643887
1444.909792
1638.026077
1515.217876
1397.200515
1441.008876
1362.967207
933.368488
1670.708435
1404.429147
805.509392
1368.513376
1459.378161
1811.739960
1529.646808
1445.942905
1598.122462
1819.195640
1666.767440
1741.098681
1566.930260
1716.609425
1605.795894
1658.820792
1679.279192
1821.969289
1351.442846
1927.314238
1614.695641
1814.626249
944.345613
875.099688
912.532050
1428.361629
879.754112
912.040410
883.572396
1556.673340
1600.385165
1555.097675
1127.512639
1190.709131
1127.021365
1893.156542
1852.043640
1868.372087
1893.038683
1533.215070
1614.742239
1804.420203
1483.104275
1256.452410
1657.973498
1744.852533
1594.232755
1462.089807
1467.927587
1577.416059
1257.168269
1209.502016
1616.652684
1485.966232
1189.972045
1808.462281
1770.432271
1877.097502
2134.391283
1940.230271
1417.061748
1438.572709
1336.026940
1173.240712
1400.382470
1016.788182
1233.212925
1298.851047
1323.590919
1359.186866
1948.906249
1654.540644
1749.178442
1468.923129
1432.893346
1576.811517
1669.495134
1173.753899
1340.802273
1269.705027
1016.696511
1365.263752
1896.296884
1558.960112
1728.378429
2126.556169
1295.162496
1375.018952
1321.552065
1875.741478
946.450362
1815.788853
1568.232678
1257.099950
1262.187966
1205.714217
1244.902690
1598.533278
1251.803062
1315.547328
1312.254821
1325.691047
1414.561492
1496.913382
1321.283936
1555.703585
1197.495588
1176.098444
1256.356565
946.191265
1304.727129
1565.707450
1445.639975
1513.128911
1483.332362
1394.177324
1441.803159
1610.332694
823.452291
1734.170176
1314.361878
2075.763604
1423.180443
1328.951820
1467.945891
1541.056396
1655.761433
1516.983893
1590.477658
1471.831938
2385.126442
1270.544748
1669.135753
1473.925267
1371.921756
1128.111645
1549.747922
1205.660352
1277.652156
1598.340942
1442.761357
1024.253480
1141.368219
1214.779899
1246.309113
1380.824909
1457.612617
1645.911076
1392.558432
1508.333929
1710.147798
1719.326035
1158.353025
1340.938656
1454.670860
1356.500918
1536.925879
1427.498018
1798.876973
1646.553210
1878.215840
1490.479630
2129.579909
1545.668343
1740.241350
1768.631425
1590.467464
2223.901363
2108.088400
1770.536999
1785.139095
1607.813660
1401.635806
1419.484166
1425.407838
1200.267979
1201.370970
1215.660131
1545.197820
1507.768808
1856.651587
1678.956091
1658.750679
1670.769538
1639.393740
1547.217238
1949.460233
2225.437278
2315.340922
1636.754224
2210.344280
1678.848159
1852.975325
1854.721306
1808.226408
2196.125688
1867.531492
1555.184604
1935.886549
1687.162000
2096.093545
1330.068754
1872.216539
1989.562701
1891.672410
1660.217367
1786.141048
1575.239244
2228.636189
1628.953009
1295.179536
1925.659341
1529.181360
1803.859979
1676.296279
1994.268215
1692.390563
1844.392709
1855.300945
1663.918077
1291.550901
1773.119391
1864.478397
1703.391458
1851.141162
1577.196606
2006.843117
1628.044766
1771.744210
1784.024472
1562.779355
1749.586562
1649.828116
2314.775898
2229.366288
1836.451928
1857.645081
2794.333075
2846.170929
2703.468913
1290.145557
1738.924536
1746.834547
1576.318959
1633.221603
1628.702249
1666.388091
1630.391839
1706.940819
2097.897871
2176.546488
2040.700662
2120.733183
1890.504444
2081.307496
2082.513736
2088.676217
2042.351618
2415.535119
2647.544352
1210.316374
1212.404161
1515.739163
1648.633753
1820.492383
1206.882531
1168.036233
1166.752883
1362.504410
2083.818560
1147.337913
1674.567041
1462.088922
1318.235042
1157.735737
1674.960332
1436.443226
2070.376327
1569.807462
1410.427680
1428.766806
1507.547999
1512.842608
1297.896402
1207.258521
1919.297633
1510.531562
2010.808377
1295.261882
1289.976142
1282.246233
1235.470837
1335.120698
1997.816884
933.926077
1225.787981
813.592763
1393.016987
884.559120
1384.627834
1149.154146
1162.223403
1013.206840
891.937316
1350.848407
1361.636428
1379.814213
1133.203471
1264.614766
1935.362516
1388.974346
1252.598983
1638.628524
1282.668321
1245.317735
1795.429354
1378.200139
1218.485453
1427.205176
1207.203156
1046.282372
1795.690432
1501.886463
1058.381985
1102.645899
1406.691094
1456.270475
854.540664
983.220554
929.667931
1582.913303
1650.448847
1180.330518
1250.292933
1472.098496
1344.790510
1332.313099
1749.927107
927.255375
1174.144860
1048.030141
1303.504322
1212.356658
958.228335
1168.034637
1054.302150
1053.776236
1275.077151
1148.147937
1301.509160
1216.465730
1087.116506
1329.886525
1338.366405
1711.137823
1378.805621
1299.622228
1268.084263
1331.323375
1093.511787
1346.473102
1333.023070
1674.850907
1492.091407
1546.648118
1411.357353
1464.334609
1582.958227
1272.440365
1186.915029
1960.835107
1729.071416
1240.696546
1449.245090
1274.472168
2076.693670
1247.238558
1205.592242
1380.053231
1165.001563
1330.976803
1447.547841
1257.402090
1792.697605
1389.068926
1396.193709
2062.376752
1090.956509
1804.556782
1308.050507
1241.014968
1249.272712
987.014970
1123.622317
1501.943092
1170.486965
1140.582967
1284.287963
1120.070149
1360.467293
1339.945863
891.350808
939.018520
1316.314192
1265.914291
1416.160796
1479.015328
1498.444683
1134.055808
1415.376305
1336.987339
1335.177206
1994.737994
1343.588066
1870.946263
1181.056664
1644.782659
1288.824582
1170.211504
1017.636498
1104.194904
1177.088025
1501.434794
1456.231959
1542.679452
1678.339460
1446.498007
1394.663437
1407.193393
1449.726997
1510.536005
1272.047789
1500.549770
1674.180909
1435.957853
1623.083724
2013.088337
1190.289039
1925.675530
1312.887407
1630.153751
1706.896596
1243.898011
1191.401924
1302.708922
1393.906767
1174.772788
1806.154978
1381.184582
1493.705693
1451.629586
1450.681631
1812.996239
1509.631861
1336.042900
1143.499218
1560.449449
1424.053768
1493.171991
1531.682712
1601.089578
1828.662873
1821.611117
1886.586892
916.963090
1584.927091
1610.451496
3045.620545
1262.478956
941.888768
1107.835765
1067.760073
2269.086309
1231.309784
1381.182547
1443.774343
907.172247
1506.073193
1659.252019
1388.973889
1752.037055
1579.504891
1473.905088
1665.912940
1661.625637
1379.293501
961.234260
1344.446358
1240.766418
990.737328
1251.943828
1731.043587
1893.687148
1931.458441
1802.106691
1909.155788
1638.205977
1683.573687
1275.674427
1688.789361
1507.958270
1534.326874
1717.819910
1608.815514
1468.466220
1485.052282
1463.725184
1461.498609
1327.963555
1469.332692
1292.613251
1273.609931
1188.225362
1447.843495
1434.463599
1423.153369
1340.513817
1715.932149
1420.708868
1919.654612
1671.667747
1223.751876
1870.760457
1754.829419
1426.083576
1472.086973
1018.836147
1076.528287
977.522459
1264.933257
1836.755070
1684.652986
1940.235840
1667.799490
2037.211760
1179.414073
957.868500
1261.719519
996.854017
1309.753044
1654.368634
1337.196015
1860.235015
1917.285481
1391.279772
1233.571235
1474.918827
1432.680155
1674.600070
1052.408691
1047.617319
968.961583
1098.687941
1531.455779
1283.349439
1313.578320
1174.491559
1286.358335
948.787920
1213.245211
1176.989262
1205.927611
1063.368731
1008.326139
1247.408709
1125.841054
1054.022595
1211.341101
1278.419480
1789.195959
1650.410685
1329.964145
1102.301616
1078.689003
1664.508847
1718.652116
1120.804627
1269.506716
1578.054998
991.677787
987.245543
1521.682172
1301.627729
1113.016549
1122.916089
1461.365798
1322.595714
1329.919695
1125.200139
990.415951
1240.690843
1208.698553
1293.392471
1197.908698
1194.169027
1539.239118
1527.976654
1395.501972
1292.227611
1087.160069
1341.415152
1310.113316
971.701298
954.234061
1098.955167
1093.339027
1134.548409
1525.828392
1347.616477
1161.198390
902.063955
852.793023
1163.185270
1901.858104
2173.466867
2213.820772
2143.230699
1674.372338
1443.143857
1756.249236
2145.049843
1510.520089
1398.755221
1894.468530
1377.259409
1633.788795
1712.226658
1459.414070
1551.559582
1848.782485
1401.254090
1415.148760
2080.286600
1601.182254
1647.262052
1805.359865
1606.744165
1864.964833
1290.206050
1634.182154
1767.867064
1585.899033
1199.607556
1219.014237
1153.730524
927.073732
1146.549122
1091.282795
997.390315
872.297875
1086.228505
967.096820
862.313089
1328.537882
1306.509402
1224.345042
1266.461269
1368.293288
1191.612993
1432.412063
1445.264786
1451.584317
1184.085259
911.044841
1211.166135
1218.863444
1223.495949
1136.092398
1693.504964
1176.752810
1637.147892
1385.446456
1264.731064
1138.230284
1215.275668
1562.549930
1080.455637
1572.420304
1232.054364
1606.536395
1443.140262
1091.538550
1046.638571
1117.569937
1034.531441
1310.120870
1315.367763
1154.503241
1110.108643
1069.274230
1078.269159
1244.420071
1347.106351
1266.427756
1096.991997
1233.797360
1183.399898
1302.037761
2117.676769
2027.645173
1996.181131
1658.637031
1176.693221
1169.079396
1596.743334
1482.203847
1571.898184
1579.671342
1644.140564
1578.347514
1396.112132
1326.530680
1421.603622
1555.049529
1136.369014
1280.729166
1790.013505
1289.007748
1292.450926
1467.056907
1456.078678
1721.384146
1337.436091
1712.664987
1195.560400
800.143900
1535.863626
1333.787173
1357.761417
1157.732238
1746.517107
1183.890501
1397.530043
1300.177689
1436.951009
1553.019137
1219.432910
1330.896948
1088.465280
1505.912294
2191.337715
2191.162143
1475.293278
1089.046142
1607.918680
1911.620955
2205.212012
1558.405134
1538.870061
1617.255514
1442.478590
1690.748751
1127.614396
1164.246471
1513.464944
1470.385680
1419.712391
1417.984644
1164.176570
1414.600184
1092.976414
1090.130981
1649.996206
1343.008522
1657.203309
1729.830241
1801.785503
1019.676530
1565.725473
1337.866017
2419.477765
1497.786148
1410.858274
1546.251279
1441.522659
1512.996793
1448.252075
1321.631539
3567.864471
978.617633
1488.006678
1049.307482
1121.138827
1010.030457
1043.236204
1485.870613
1674.517399
1355.069899
1445.935745
1851.219981
1878.489316
1849.584197
1455.006803
1350.450857
1360.437438
1721.656799
1515.400560
1586.868611
1705.468593
1465.591852
1589.676013
1513.050379
1535.546772
1371.794473
1459.851459
1211.554337
1205.768525
1711.206246
1795.959490
1980.511617
2228.224489
1593.253364
1566.404559
1851.972534
1895.188931
2139.617912
1724.729050
1287.700917
1244.345330
1259.435820
1883.145518
1115.199882
927.565735
1842.806587
1565.356194
1761.106191
1715.091364
1769.817102
1989.486432
1185.797285
1376.940367
1460.933275
1392.233629
1296.752873
1263.443849
1123.250201
1154.650360
1126.108540
1408.390682
1406.898312
1248.569647
1276.248984
1273.707646
1354.580611
1107.682212
963.990123
1158.034562
1338.270634
937.895043
1476.421563
1331.615459
1439.612257
1175.445332
1218.096242
1138.185416
1573.852187
1598.558833
1114.269166
1319.492038
1512.453622
1328.185033
1336.694441
1165.163275
1115.127633
1543.622300
1459.108101
1549.976533
1184.188354
1057.529000
1225.002131
1458.117260
1340.274739
2118.510923
1297.044510
1703.261734
1787.231925
1461.526639
1432.562303
1591.109986
1719.931571
1403.235791
1811.384694
1305.663277
1418.107033
2066.341194
1665.209181
1419.158911
1061.116093
1244.826062
1546.840386
1436.944785
1567.149811
1278.799075
1678.530768
1133.136033
1089.826368
1131.997519
924.052890
956.898075
1418.240697
1406.445759
1432.773368
1949.560009
1326.710941
1263.680801
1373.054432
2181.466297
1606.488913
1778.631290
1260.358253
1604.974650
1378.706314
1545.900653
1496.817522
1532.439203
1172.893012
1445.185265
1081.707974
1698.225513
1295.444997
1257.766215
1325.963432
1301.091785
1874.063145
1650.891675
1020.880708
1387.363576
1032.918293
1193.755013
1550.489933
1267.591050
1314.703448
1738.332974
1256.196272
1286.493298
1317.702725
1233.465025
1395.874263
1086.839461
1594.863278
1048.323288
1079.364773
954.793209
967.205518
1425.302173
1101.189621
1185.706767
1366.257929
1172.685654
1008.346799
1518.267491
1172.502936
1209.524863
1218.826088
1859.328280
1092.973259
1009.071874
1625.945346
1177.955380
1221.478213
910.025200
1245.737768
1505.173199
1630.964131
1585.163086
1226.392628
1261.803712
1552.943498
1512.782721
1367.116469
1709.391362
1664.933020
1688.429243
1255.385619
1265.785895
1427.109501
2025.036289
1623.585552
1710.473002
1142.846985
1106.853454
1149.160189
955.081548
1487.410616
1519.205151
1302.074832
1605.538383
1662.384835
1676.347787
1734.196121
1752.954942
1468.250945
1033.418484
1658.778364
1115.940672
1431.144236
1982.515809
1312.877057
1242.079291
1133.406377
1639.045673
1577.326730
1131.822360
1009.785946
2116.714593
1079.049358
1767.173740
1873.114889
1240.441145
1749.860557
1832.481881
1547.615082
1407.498931
2084.472893
1436.373610
1588.033678
1667.421266
1221.538892
1259.002357
1258.783366
1455.396228
2022.983081
1816.343455
1247.308875
1408.304924
1303.397674
1177.324162
1517.149221
1259.537843
1389.909920
1203.852407
1212.636690
1305.629987
1750.027498
1492.458661
1776.810887
1260.142742
1268.472131
1784.598824
1347.783422
1522.621749
1091.283092
975.127898
1425.757385
1207.780862
1512.082634
1295.179957
1187.421027
1235.212211
1144.251424
1744.086135
1801.673846
1689.007056
1601.849779
2254.414582
1528.309019
1900.821103
1625.768858
1488.511916
1724.254599
2112.693900
1573.344759
1599.995047
2050.651897
1612.216311
1528.273851
1546.857774
2234.496322
1814.476273
1544.365460
1414.553119
1442.157484
1469.877680
1042.755005
1434.755055
1701.745592
1389.070395
1134.917707
1789.957655
1163.691237
1152.776040
1198.413154
1429.490099
1598.594819
1701.002821
1736.500167
1303.843578
1764.207922
1758.202158
1621.921906
1901.023133
1490.264165
1641.361432
1646.374233
920.461660
1211.488677
924.378114
1273.868205
1794.069394
1236.140495
1440.539934
1732.791490
1485.613392
3101.871958
1959.961168
2858.478082
1799.339788
1229.692337
1970.273967
1392.404505
1648.130632
1097.335517
1202.106053
1697.357695
1417.261514
1752.885006
1408.535504
2798.301133
1133.955815
1364.740749
1488.233896
1493.095850
1292.840332
1316.560146
1486.099140
1725.999461
1922.229438
1666.895369
1377.646983
1823.438196
1544.765604
1627.760359
1802.288692
2367.403159
1675.184700
2268.882673
1625.507313
1644.488985
2224.377856
2160.273065
2301.672963
1634.067780
1583.079940
1542.095600
1900.457555
1707.546412
2062.160923
1550.150196
2046.423396
1701.751829
1654.373533
1724.427315
1559.116184
1708.162040
1838.902902
2331.397348
2093.813747
1731.184840
1825.954375
1815.863041
1729.846785
1215.183316
1214.798878
1254.789024
1286.558148
1417.908448
1102.258806
1127.001357
1323.441876
1599.043061
1196.964485
1372.611814
1238.581849
1274.435982
3171.908353
3005.223676
1528.257976
1609.643536
1174.804653
1345.836505
1241.923788
1369.910939
1379.742479
1047.792125
1011.325429
1323.434960
1559.835488
1431.202661
1037.305635
1568.829039
1371.528199
1455.986495
1236.879935
1210.326963
2200.347333
1186.712595
1085.959232
3652.409263
2117.328463
1521.039386
1466.204043
952.681986
1582.845188
1142.419637
1090.588962
1076.513360
1255.982464
1387.995617
1491.728547
1504.434535
1137.738404
1140.131355
1941.859373
1269.662515
1201.061736
1605.283955
1416.403265
2427.932264
2186.403059
1366.556484
2178.981400
2322.926461
2190.172546
1249.821723
1645.313336
1087.291225
1690.813729
1301.160975
1655.185510
1262.393803
1185.069874
1172.654744
1243.117617
1348.941261
1292.313679
1174.883883
1772.559135
1487.348804
1477.978551
1765.748166
1527.339219
1126.407074
1872.687836
1237.229186
1742.119422
1875.138147
1458.809517
1606.311145
968.693583
969.178121
1164.316031
1395.164042
1760.352491
1347.722282
