820.934599
493.527210
372.346720
583.148796
802.537778
449.679010
560.765955
372.132501
581.506678
531.456569
517.086863
570.392413
873.175683
728.718303
513.326707
882.030257
696.026644
796.507245
832.027585
656.326917
852.183345
677.426477
781.144145
741.070803
844.382176
518.686948
673.918455
625.536337
929.897953
901.677431
754.254031
716.204417
616.410250
560.039209
957.246560
1394.103090
740.724250
904.624812
668.260595
1386.038988
782.572548
734.826859
1183.326112
934.396682
893.417116
1190.207559
1071.954079
1173.184593
1014.394513
597.225389
959.918303
1050.626297
1013.705390
944.383564
939.597898
902.796151
1119.708602
1243.111414
996.072251
1193.229511
651.422661
633.309207
1127.327814
877.232470
1316.669411
770.915244
736.674015
572.281906
666.259728
833.816426
660.064359
622.339326
625.037435
754.641479
789.791320
753.508642
739.779663
497.574387
739.507970
607.441298
673.638985
670.788045
807.750012
667.034712
628.387610
648.857568
835.964624
487.723578
969.925223
927.843565
948.525005
981.133980
609.294979
1206.078455
920.663036
999.079494
1071.411165
1194.982331
622.064797
552.189044
920.295250
602.466262
699.389818
632.344192
740.104281
863.592585
873.841725
891.323765
989.498682
833.192596
912.409742
698.906982
668.186878
960.133847
566.569059
965.323457
1054.221807
655.500956
661.336458
687.256319
681.607361
1030.656121
995.288943
811.683305
906.731459
748.553894
732.769721
720.105549
978.180124
712.913682
954.143962
960.010084
602.007738
1102.941843
999.969485
712.235470
540.436815
781.641259
865.380909
751.294394
897.487773
856.632656
868.400158
857.693893
756.233396
1057.099828
371.761522
599.134415
472.301350
576.014713
650.933527
673.956357
1145.445056
901.405939
740.091984
867.504176
821.233974
1139.022730
938.445700
884.301433
511.169714
594.080640
693.269999
638.383816
677.940086
635.163679
1011.991526
1224.862045
1207.203542
1250.288212
1398.998469
1219.796553
654.085826
901.329469
873.243155
1008.476060
697.654243
637.166734
950.262714
711.008257
1002.978346
903.058008
862.642697
1107.520801
840.900154
905.843125
917.351750
878.906421
932.783478
923.469281
799.788471
701.710675
722.273179
847.822124
767.398333
812.014215
913.421608
954.432189
867.908982
1013.642608
876.263197
872.721194
769.563260
1218.280232
1739.515548
667.235783
903.375144
669.931384
907.599855
792.926250
843.486979
730.408943
670.171384
729.123599
595.989350
510.768198
989.924263
700.651951
829.120244
1103.782099
571.221916
819.414370
1027.039341
1050.201467
1036.500264
664.197551
664.992607
897.178305
547.417413
544.279990
761.759423
1009.146032
620.356277
903.359095
935.096740
433.601776
540.018914
537.925270
497.616920
899.818656
714.872644
787.604720
919.953758
716.939646
920.098640
1307.165785
1119.631571
958.093524
830.024894
1077.574125
966.962789
882.189845
942.321111
681.000052
630.880212
827.323429
845.218698
676.821062
744.750855
948.426898
874.991027
744.694489
1158.643715
1455.141904
1011.060319
1046.819259
1014.803269
1291.324032
1268.647710
1117.016989
881.079144
996.272560
1008.972299
1094.048244
985.519023
704.137346
911.232510
587.597471
934.852671
903.434295
1039.888015
956.325644
716.024243
807.883999
1056.945548
843.123131
952.547614
945.474400
793.691104
953.158126
699.852248
1070.386779
1071.717977
947.506002
889.236839
1178.092722
921.807471
973.730246
891.267865
918.992981
821.995043
660.075921
840.977274
852.918794
968.596224
840.377002
1153.792711
991.279434
989.500733
1041.704543
1153.513885
1074.519224
1078.490531
1098.804880
737.700787
655.593675
785.748323
591.690182
1207.454493
633.898338
654.840946
913.365487
1385.824910
1052.515124
885.020679
1018.352179
784.306762
658.730961
590.218629
764.082314
796.304950
668.402765
662.225111
608.797402
494.641796
614.490678
529.355754
620.326609
1050.570932
990.692585
1019.468277
1013.858291
718.485988
722.546071
614.004493
609.837896
680.493155
475.897167
786.998355
771.331560
624.494154
1465.501515
1135.843647
968.595958
1035.490152
925.305249
1008.615287
987.330867
808.314784
1041.277400
1007.427465
668.226174
480.845333
677.759196
418.755365
441.756409
512.664622
774.574833
609.344024
779.839153
1030.264361
545.008784
885.942533
725.530606
863.832661
490.093800
893.282857
740.259769
583.488546
1028.281160
748.166832
870.182534
786.335646
910.045265
1298.404686
1425.730519
640.564140
786.631800
778.426945
662.345351
730.204421
841.458243
964.600201
815.386050
603.421124
604.483866
843.480404
781.536968
694.418290
766.067517
667.229963
534.368883
685.301664
881.577771
940.660423
880.914112
1008.748726
823.608052
914.803584
839.369772
789.490932
498.186583
539.307494
464.587963
808.010119
601.299289
604.139178
581.230422
546.811019
633.301786
864.965187
876.729993
739.788643
687.621587
746.788235
657.330831
880.824495
733.990731
697.776055
597.092674
829.526049
707.319064
504.730451
893.429907
833.272044
687.227522
477.717951
985.188524
532.826886
677.830091
745.316283
679.845405
685.965228
554.557438
450.336322
789.865417
679.509653
658.098715
739.894134
529.976964
397.445387
433.607931
493.572602
550.052444
568.575490
867.160661
716.777890
552.143452
692.452010
459.403391
659.889556
723.403410
694.456825
680.172643
670.882706
553.365356
459.520791
613.932030
956.240526
596.779501
671.875949
482.371192
937.662628
873.921867
534.064706
944.255201
791.631977
708.892539
1109.315679
1163.884886
1288.854102
824.273065
1394.826764
673.953565
769.802006
939.335337
742.085508
940.571270
735.368602
795.624220
825.542141
1031.617452
776.362635
607.961046
713.549745
726.911771
908.416424
848.551048
891.642137
691.417117
795.105933
835.182604
556.271864
907.745954
939.892560
389.639070
968.703245
635.484347
895.497161
1439.393371
1282.771533
1362.224199
418.243035
738.344828
711.205159
765.204301
839.327707
964.578285
599.823582
616.070720
961.972429
961.865979
623.038047
600.409163
863.599733
964.456930
416.164811
434.490951
966.265385
669.256177
1088.440500
1076.406029
1059.582124
1170.552666
1248.753544
1330.224442
1450.956317
1068.686032
1119.152133
1177.863697
1484.451109
1118.614583
1252.515954
1229.518709
1301.241463
799.837002
825.563845
1029.177128
958.307802
946.601341
811.093229
761.651470
902.545918
863.461493
818.465948
574.959746
488.493875
904.254523
675.680981
927.882955
1184.419610
933.020482
822.965787
910.967757
1174.946576
1015.737665
959.160110
1004.358444
672.057767
802.827941
723.236050
1018.584716
822.828652
673.905010
664.431513
907.023913
568.502486
639.582264
705.073919
731.360271
761.391730
1217.480994
1075.659675
944.959311
1132.299402
1157.445788
1251.666455
1116.298413
1166.299922
1394.606037
1267.594799
1326.281831
1330.014587
1083.211610
950.526730
1091.722173
955.406923
1733.364653
1231.696324
869.760770
1004.700809
1016.765038
982.749027
917.834831
605.404296
637.780335
1110.001895
985.652700
980.115595
552.016916
1634.296323
1477.812448
1820.109639
1651.616755
1742.129809
1635.872162
1804.392462
1818.105290
1616.517698
1647.851636
1593.235473
1676.489803
1633.193905
1683.652593
1204.843415
1262.427486
1262.052672
1110.371221
1031.082157
1131.692033
1442.056548
972.397316
833.838802
967.606224
541.327973
519.209453
491.308677
695.597778
791.555886
690.624232
714.147977
554.490184
917.227867
880.714186
528.355343
449.930018
901.750464
780.509817
711.034455
674.495892
746.673084
731.062914
668.394981
626.048006
815.295266
694.761587
546.617148
500.214434
617.628545
583.091298
638.262379
558.427275
653.945880
603.494975
773.453293
577.941028
585.666357
728.714431
547.379966
1143.294292
1183.691887
1213.544109
434.039955
856.697757
644.928553
564.312016
489.121492
973.627932
592.935140
582.618625
439.839318
644.874190
651.445511
786.237024
668.984766
840.983684
841.626495
826.241210
736.015375
557.656847
1058.861581
999.143364
544.207549
461.799097
641.070303
757.226463
480.007987
761.512887
635.929041
743.941718
1003.762834
597.592105
518.213079
918.591648
665.782557
577.126254
570.567959
769.363140
655.364010
732.198170
580.150859
900.613354
577.020701
554.014901
573.385844
681.709975
645.960436
724.289370
595.018192
692.199592
1434.646031
1511.390951
769.384066
1583.853536
1416.487204
1573.945362
1549.876474
1539.736352
2345.556722
829.904452
467.534368
497.070130
649.151961
785.394650
588.148781
571.721688
906.116161
502.227449
656.643446
648.737378
759.210307
796.765150
570.758384
935.384625
1188.265048
649.794241
758.806716
657.674636
760.809248
765.554455
688.780861
722.194120
770.480506
659.773652
781.216144
734.767421
674.420427
868.776476
761.728017
477.284884
735.140160
1145.157803
944.929694
622.840257
571.309871
540.170549
966.319856
575.909607
953.912520
808.381303
832.327801
736.559350
790.013901
684.167875
538.533920
898.888582
1016.314025
797.854400
780.321648
939.326133
925.161358
751.882207
780.171877
767.916620
771.995318
780.705499
464.145572
458.084843
898.832293
827.411466
767.263437
854.529776
760.495338
771.812704
782.540912
524.087268
589.181601
608.993862
715.333386
743.555901
592.206137
714.585116
932.851919
717.474093
745.716015
456.494071
896.854218
930.313791
753.813135
690.459282
707.316569
499.416460
810.006115
587.909865
755.398520
464.499918
491.086298
592.012096
711.141332
728.883873
751.324298
811.449013
1229.844487
1078.854880
933.524539
884.185750
943.678507
928.293807
944.544282
1121.819564
829.191116
864.125665
1082.814996
1434.768281
577.470041
1091.530613
535.155683
532.795599
724.633557
688.004586
592.325508
751.707502
650.924453
771.351584
588.659689
656.213457
680.041982
604.181969
585.180431
728.311134
781.622370
571.941588
592.981298
505.606541
503.219503
579.891309
717.885079
504.938291
503.576763
554.982843
653.361240
598.744286
543.535352
685.031345
597.535849
493.649694
704.965116
724.506231
471.003655
427.908751
497.626192
657.807951
742.291470
555.548813
1102.308526
963.193231
620.157425
594.389685
1093.583805
600.530303
677.902050
830.447112
862.512532
843.111854
812.236357
800.285315
2836.059647
1567.920090
1435.700635
1483.923939
1551.296421
669.806946
794.056290
986.581381
721.479931
799.423995
905.767562
1336.430689
897.620502
973.188907
963.053901
397.109870
512.205479
833.027687
616.991847
628.266089
798.307796
818.203972
771.717839
636.635498
601.140345
536.503873
557.020367
471.492186
619.481195
614.589276
463.985194
499.473072
2949.024547
866.078706
598.679842
530.367257
528.817326
528.112748
