911.076999
485.113188
545.331844
546.219715
963.749782
895.768032
799.472552
1310.193485
1114.266050
726.127275
867.013054
796.712923
894.774916
799.615125
801.971307
859.948625
801.877765
734.142741
680.545644
837.699547
863.334341
1494.124008
1335.688958
1024.125252
1333.821891
768.836509
1334.994980
1373.156346
802.506135
1328.428138
646.603767
856.116530
980.661452
755.532745
1117.455606
1066.684560
1011.305937
974.426887
1093.453740
1031.747082
969.204501
1070.763897
927.836748
855.847155
956.235582
1226.104495
1206.489946
914.753113
988.740328
779.797399
906.014302
1294.004908
657.108722
848.677440
1075.849656
793.841759
931.291430
1508.675539
825.970437
1444.212013
1433.988261
905.494154
951.594920
1177.364481
1112.132770
954.513544
735.020151
734.513135
744.743691
1235.988440
1169.927906
858.951424
992.331133
742.949862
1127.913724
1154.147161
1123.360679
1158.649337
1062.339152
1114.600919
845.082035
1457.352916
1463.361687
1849.458038
1565.777261
1889.792851
1500.713540
1139.449625
1160.595285
1108.090847
797.703287
700.577941
1631.502398
1605.807558
1583.940757
1655.523143
1506.844489
1385.104071
1466.162111
1388.854135
1519.437964
1497.809876
1946.545808
1872.808256
913.061442
1531.113137
1974.786265
1795.536558
1194.428791
1027.594378
884.427039
1375.396306
1041.286215
1212.708634
1445.556940
1188.627432
1000.532393
773.373771
760.490669
1249.287948
1004.564347
801.413316
1134.959442
1019.648399
1333.131669
1376.010687
802.264419
718.063474
754.333313
854.108749
1020.801667
837.481654
1011.783958
774.548061
764.669456
763.756021
796.488094
748.913268
921.247281
1201.010830
1323.885417
997.327005
651.391820
868.794188
859.154483
737.720446
673.433620
1038.954425
1063.662074
803.285550
1261.157165
812.224503
1328.462295
1211.079061
647.693614
645.996265
966.667075
660.450844
925.213917
827.164376
685.535201
631.173925
1040.823938
805.474618
1243.246562
1365.798513
1520.154991
1563.502702
1602.019347
1468.229690
882.210532
1173.592094
1424.494973
1496.091085
1455.707690
1448.816882
1014.365354
798.270697
1205.459960
1264.068019
1009.858079
942.644659
868.001920
874.100681
823.706999
819.024141
966.802955
956.341342
883.606958
1233.015717
1469.350406
1405.008269
1132.711082
1100.231465
977.729264
1163.390726
1297.868542
1398.244697
1335.019095
1110.902935
1076.252003
1157.485785
1159.457341
845.517606
706.153877
803.268800
1108.571374
1025.125494
804.339748
1126.230495
906.200618
1452.719482
1577.368147
866.992813
1132.883297
1451.773032
1513.488258
883.397679
1648.540473
863.792056
975.354069
820.881601
813.028389
758.597193
838.797025
973.124448
1036.554053
1063.382064
1000.638465
955.484015
1163.174852
1482.947345
1177.146528
1069.134157
1099.223297
942.990659
1294.379292
1357.805384
874.608029
1442.888367
1344.580519
1359.288061
1153.312182
1011.121866
926.732514
845.810638
852.852232
787.358497
1094.429976
880.742726
734.345998
1008.138409
1016.340526
1189.895572
1134.761721
1157.508522
1021.392436
1035.164656
1319.126342
1391.327287
1322.244437
1171.464895
1081.474632
1119.228897
1478.392580
929.487079
1030.645422
994.459257
1167.039479
1169.326607
1490.121329
1624.710543
904.989638
1189.280560
904.740137
1406.778949
1626.842961
880.708267
1129.902834
830.682215
1525.888438
1581.058882
1309.417868
1503.876971
1040.309902
1086.234462
782.441657
663.250590
721.383736
1216.771594
746.994017
967.420831
911.724902
1089.510093
1073.478430
1223.791752
1019.738608
1027.414443
1192.816235
872.178614
971.544191
1091.993514
1150.332897
1275.793340
1085.513554
1172.532142
1375.982856
946.253102
1183.358679
554.508405
670.345502
846.157310
681.414201
866.732511
922.566449
828.418483
862.676956
1230.677542
931.981767
1041.576474
906.295341
894.573001
930.204198
977.385203
973.359979
1986.436321
1158.134868
1145.224268
1232.263900
725.346352
1116.963916
1113.284462
903.348631
1139.435073
785.010630
775.726371
1388.492955
1068.042250
937.716334
852.707338
1163.317182
1133.389338
1203.428111
1908.408638
1150.370549
1176.989261
1322.491803
1182.299473
549.078587
584.861817
889.027992
722.672021
1020.086809
1006.057375
839.495026
867.202306
735.463059
1060.685008
932.206615
1110.097896
1362.412664
1480.409615
1337.923144
1805.000559
1578.096704
1622.608150
1575.958524
1531.577519
1491.197804
1569.962329
1689.034975
1556.557784
1824.729407
1748.197287
1551.790405
1037.623195
738.634382
1173.320134
961.901436
1341.712106
1634.034218
1009.184976
1072.858839
1289.836672
1250.069936
1290.025490
906.262345
1453.834713
1227.594997
1012.961594
1361.858820
1102.925019
1067.154014
1042.343653
1334.793394
1442.399175
1367.982438
1413.309169
1696.446633
1595.940336
1587.169515
1465.517590
1068.758586
1073.230307
954.131003
1431.151791
1153.971219
1327.739930
1065.181223
1193.795002
1310.073735
1196.326534
1410.592573
1223.306804
1375.110908
1349.567996
1187.401627
1274.277353
1282.283458
1042.707121
1054.187060
1239.438168
1216.997705
1110.403993
893.153341
1060.006224
948.860524
923.818692
860.384082
1160.533770
817.356221
1031.789268
1161.479137
1030.899134
976.280621
776.074841
1022.040454
882.656768
1098.632152
1355.494035
847.600907
1337.140941
1268.720107
904.919512
1262.571145
1273.320897
920.465703
1391.144775
1362.485673
1395.558165
1010.589950
1238.410135
1152.763054
1219.845974
1070.666839
1213.070382
1217.589332
1364.333255
983.586831
1311.278120
1028.797160
889.710676
1038.119490
1075.111561
973.152500
1297.349449
1217.975229
1601.935593
1910.678049
2433.863873
959.524841
962.002631
916.826352
935.117256
1038.363986
1065.789612
1128.963020
1220.276660
1000.506984
1041.006417
1026.581260
1067.468549
1063.384435
1171.928310
1262.234256
892.049947
1135.220645
1174.276478
842.404227
1273.084471
1121.814336
1216.459879
1079.411694
1115.431948
947.161135
993.877301
814.792482
703.037460
1059.474550
974.786772
914.275625
994.258455
1155.240053
918.073591
846.015396
863.724128
857.771050
759.161652
851.251529
549.057960
1317.153153
914.926892
988.546134
1377.861819
1356.704643
624.533898
914.783180
623.853977
912.846365
792.737944
1597.412192
1392.164077
1269.516951
1190.634441
1255.724209
1391.578950
1527.831297
946.532599
834.712773
835.595505
1341.241563
1430.146936
1399.689721
623.844702
887.241361
623.092310
734.832539
784.414866
776.743001
989.310024
1715.300589
1000.959788
877.819851
1305.367699
1266.034241
1419.623023
633.215508
1009.948551
836.132170
1482.845538
764.482143
918.845445
1005.098814
1196.069021
1030.527701
917.318470
1003.634654
892.504236
1402.218843
1452.139278
864.175469
867.206982
1122.892960
990.334288
1145.932028
1246.735617
1177.105748
1014.045007
1040.772006
1177.928932
1468.066457
2092.169309
1380.172096
1384.815539
1449.017646
1379.474232
1388.973371
1241.962320
1121.624499
932.143163
1166.175534
1261.768989
1074.522902
1653.830707
1435.807983
1454.827954
1258.177844
1356.161673
1222.350360
1452.804550
1227.942281
1143.710259
1080.479825
834.503955
746.394035
832.681371
1303.959823
836.233623
1374.902672
814.930012
916.758356
878.476363
735.857264
1033.719065
945.935096
1033.245135
962.249398
925.001226
867.369275
987.537597
1291.914952
1147.471538
1374.085366
1038.051141
1347.522102
1879.351344
1492.556241
1287.299637
1311.674067
1361.414774
1671.674527
1644.357139
1400.344069
1541.999600
1710.720587
1183.791524
1612.794608
1651.344115
1392.828232
1316.098075
1417.312587
1099.257352
1095.586928
850.575130
885.939115
1250.527133
1077.983200
1199.089770
1416.010440
1243.470703
1263.335585
1267.796661
1467.086709
1507.968914
1446.898307
1471.743290
1354.197492
1539.092065
860.037164
1168.032252
776.640679
1166.991951
1120.704265
1213.292398
932.766392
1483.030622
546.341744
1004.898031
926.303125
883.351439
1364.081713
1270.855968
1385.822244
1270.688489
1152.499695
1242.574992
899.451501
1437.394012
1046.049022
921.718611
1194.966231
995.712210
933.083187
938.168531
1229.818323
1313.723577
1350.549124
1093.137147
1211.474301
885.678756
845.122983
1213.940689
854.314945
968.275558
1269.164959
983.057907
1229.647013
1037.486137
1497.359167
755.995752
758.885742
1425.883529
1505.971711
1315.866383
1540.930023
1217.672209
1339.952976
1207.998495
1239.868439
1405.870843
1025.062493
1379.335066
982.258550
1070.636006
1583.435162
1557.463352
1507.461416
1794.406551
1280.827431
1138.215630
910.780107
1222.639261
1230.210548
1450.055972
1471.444285
1504.170883
1016.100705
1241.939544
1646.571649
1094.692754
1115.373912
1016.428159
852.914505
912.109867
915.761424
1148.026637
1407.830413
1249.640474
976.151537
982.207513
1135.952617
979.633437
1030.562676
854.607423
1154.668041
1348.903327
970.062826
1193.093931
1111.555955
1670.370538
1730.617186
1507.419344
1488.665035
1212.043496
1272.247458
1543.862405
1542.381237
1340.037931
1417.855672
1477.072136
1383.831473
1311.933497
1415.285729
885.546705
867.299267
912.415890
885.040575
1314.214436
808.929912
1000.166367
639.099658
969.458030
1044.139812
699.736314
1166.402951
1133.253899
1168.064477
1081.759432
1141.009097
1447.383602
1250.738137
1188.446468
1159.607357
1371.903398
1220.982372
1374.441353
1236.477897
888.885883
860.928114
1081.953847
927.184353
1187.832853
1225.091088
1262.366181
1051.940942
799.719553
1327.424072
1021.963653
859.281324
1021.247545
687.409005
763.270675
753.789074
861.015614
990.616037
854.077098
1025.254412
998.681764
1057.810084
1515.728670
1465.050238
1154.339843
1057.287497
1101.630168
861.444953
766.157364
1009.077006
925.614668
1015.074805
851.183573
1108.427417
774.383490
838.486192
2173.223295
1636.176910
1099.736943
1197.876669
1199.530929
1221.642883
1331.495883
962.316360
1023.621721
958.012513
1453.149117
1368.028438
1341.585624
1215.040259
1012.396257
745.022724
1201.632492
1129.504957
1243.115324
848.662864
1125.703953
1296.465406
796.952784
908.656407
898.112214
1299.462583
1480.030320
1778.306475
1041.153901
1207.073683
973.025970
1099.317285
931.098749
1022.594265
2021.225005
782.795275
993.754459
870.515242
943.828740
759.018146
1267.578734
750.291808
810.805766
1268.756683
1019.264858
896.544835
1017.312981
1140.598513
1069.173489
963.279396
1096.951333
894.125150
692.674105
1062.352858
944.635192
1084.838519
1137.629875
972.436408
904.959867
837.480294
890.942758
868.267223
1097.847789
1012.740832
900.725632
1022.793211
742.157895
1175.321735
1136.279974
923.078271
1228.206864
1207.793508
933.086004
1027.210068
1100.581848
1249.441935
995.581662
1156.021249
1687.780912
1210.478208
813.774327
538.572189
795.379747
768.147351
756.379121
908.751521
750.882337
932.100170
852.015205
802.703997
721.536182
712.800385
727.284169
816.857170
951.147530
689.528731
917.054189
838.737948
783.024644
866.699887
1340.037543
1131.025084
1165.767850
1129.198163
1116.479393
954.914978
1044.213775
733.169707
1015.426774
920.673542
1088.513896
1079.755816
995.453217
925.047975
820.298480
920.668580
969.371769
1130.928442
1018.198323
1270.467104
875.181652
1173.810973
703.408282
705.821263
692.907344
1168.271268
820.791218
827.886250
656.667299
949.658484
1399.019615
1310.865375
906.760362
1190.614765
1248.774646
1152.180551
1118.167762
779.546535
1060.274582
1096.285011
1375.569254
1318.245042
805.686156
665.307788
1295.080561
1018.016968
999.724785
677.862128
922.547084
956.332215
1096.796119
757.850976
1122.649855
924.806351
940.823041
1127.902282
919.543340
1088.020456
663.336520
1043.243154
1101.310414
968.808107
974.954167
661.504029
883.101215
829.035746
804.444471
717.665982
687.125828
1177.442418
767.146099
762.810264
1130.913351
980.872505
1085.703410
1300.157627
700.688496
929.769061
979.088245
1164.947718
880.852947
895.533879
623.175304
948.102013
895.184683
909.507566
1036.333594
840.395494
1064.357108
807.066698
799.550386
1069.949264
1063.205325
796.866850
1112.079954
1089.149136
954.860135
908.014227
817.431684
949.437340
942.615232
797.793374
690.926271
745.438031
728.278110
707.523951
810.248676
789.801517
655.405440
826.334033
772.316307
616.660734
615.097244
1364.293334
853.721033
671.391549
780.573547
1301.373023
1556.848265
910.930847
932.808375
878.091450
749.114800
1078.687947
990.281992
1210.603610
1341.031809
1147.353220
1157.220106
1276.103089
1067.131157
971.813688
1275.884249
1345.779641
1760.288714
1805.323990
867.689959
1149.129653
1758.373103
965.430042
1015.701604
776.262365
948.084010
1060.695151
1041.841779
1039.993756
982.514713
859.888339
1398.859580
957.487724
952.983625
1478.168764
972.168409
1028.574732
1005.373782
1084.317575
1232.062251
1094.427759
1147.424791
1303.636350
1268.699811
1330.695472
1170.543097
1269.411643
1288.113587
1058.522168
1176.211004
716.488582
868.767795
1450.057492
1068.663386
1100.860073
1219.686466
1002.478872
1329.188844
805.001262
1337.920556
1339.125875
737.891810
926.866793
1046.856381
1018.729667
1138.950009
1086.559538
950.904089
921.268454
1264.667474
1398.148166
927.936856
563.219506
771.623269
1630.645303
1304.715364
1456.009486
1322.812570
422.264437
742.288475
1370.374881
1096.730855
1034.375121
1380.579477
1539.352751
1385.405968
1459.218939
1924.037411
1096.614164
853.495060
862.509198
938.985713
836.645145
978.490861
770.501172
763.412312
1175.628887
882.121593
860.329122
877.785396
882.260644
1161.016417
1204.523590
1871.888175
1807.017196
1811.926765
1561.103215
1249.007256
1697.570034
1846.098772
1587.859816
1683.185931
1675.549544
1733.622181
1890.122020
1638.216442
2054.833716
1232.860098
1070.818891
1293.855147
1076.729063
1535.851120
1313.469956
1135.067841
988.977655
1373.371128
1038.549931
1076.548336
1049.510933
978.382048
1064.778081
1104.064391
745.355159
650.444720
839.236360
802.251166
726.975422
834.150179
753.334775
704.598171
960.805686
1148.875019
864.933649
891.904942
882.932189
965.226037
1263.952934
1449.722734
1429.480605
1272.297359
1427.297180
1119.496946
1791.116590
1691.617180
1352.545389
1590.591747
1311.090634
1226.315028
1350.997508
1321.284417
1157.355955
1159.735644
1265.563039
943.474391
1190.843888
1038.635918
1649.797299
1525.048902
1323.397180
1084.623332
1393.991669
1027.223574
1029.779306
1161.418307
1053.160055
881.342867
1044.019196
943.362472
693.004307
995.252207
894.391566
1165.803733
969.933759
1149.853674
992.186148
923.388388
1200.100339
1002.068611
1147.565794
1008.624107
1031.005689
1018.997016
1467.125447
1324.974399
1048.659282
1471.344436
1540.821263
1660.227547
1607.272366
1798.708583
1841.157944
1813.869054
2050.379299
1889.852093
1732.691225
1841.265809
1807.169114
1502.388536
1422.975628
1731.538137
1266.326662
1217.700421
1369.935354
1415.171030
2008.639301
2199.215165
1571.678414
1284.918152
1218.839906
1399.608603
1282.576556
1398.773550
795.993670
992.494239
972.233351
1000.593351
1206.390087
1060.535020
1576.349368
1689.416998
1396.224837
1836.047502
1611.164529
1843.186358
2442.163495
2469.511171
2461.251833
2419.926129
2289.445594
1958.252872
2373.238712
2367.998899
2308.175557
2184.429594
2242.990312
1516.997073
1263.409287
1476.667468
1286.906678
920.563530
979.687634
1590.845874
1379.023684
806.137484
753.053545
840.891889
784.352521
1002.298050
1162.454134
1211.980842
1167.869077
1032.155683
1053.085095
835.479762
902.312326
814.369852
483.531110
593.800486
921.254272
1413.780678
1448.282146
1429.682409
915.885506
1141.522430
1001.591346
947.656955
1058.700982
974.076237
766.943213
989.466977
1089.676771
993.235058
675.143334
739.883793
913.240197
651.178324
587.441546
1062.375061
941.245665
1048.543175
795.239284
788.720349
727.049536
727.136109
909.872735
929.843822
702.830807
1057.353918
747.786247
752.049063
651.817434
871.436222
818.183435
879.783222
843.678142
833.851218
1085.803422
762.485241
950.552496
929.348551
850.650562
646.186550
718.793427
729.202134
1241.765190
889.426883
1236.180472
1631.718184
1176.972547
1642.272575
1959.317338
1835.684316
630.690016
820.506140
1090.080182
769.222015
990.268304
713.948500
712.990500
901.721590
932.422322
955.354427
997.964760
1665.208620
624.409771
915.649872
546.328836
1049.937716
780.684399
823.007758
907.324078
887.180662
1053.227206
896.548969
909.213320
946.489328
933.812538
995.757467
1199.436756
850.268956
1128.088458
1146.091013
1226.933903
1086.701710
1038.198733
1198.790180
1186.378168
1207.057711
1580.666613
932.422316
984.982240
852.682934
904.438600
877.583861
875.395702
1077.734533
874.669922
829.212157
956.869678
1132.954296
852.348212
848.032577
908.637837
1118.309689
1220.397289
814.257326
690.398400
1163.880017
1135.008151
1125.654537
910.722461
738.817530
1496.036010
1402.149210
831.009596
1376.654326
734.081311
785.945358
778.267122
942.417591
728.183891
938.203044
968.160968
759.358964
1290.855899
1240.648735
1134.268042
983.441779
853.023000
1096.452358
1161.917308
734.063984
847.655710
1167.351428
1174.483657
687.024522
705.375403
773.366440
1085.672458
855.922144
968.836444
908.452669
1091.830874
793.342159
1016.870818
866.652638
1125.329446
955.882041
938.522135
598.814847
1094.701261
812.801170
1866.176466
2084.144983
918.773084
725.509882
802.010130
2137.859876
2146.116258
1997.030541
3103.884057
1264.662734
802.384545
1455.754276
763.854271
683.594459
733.009556
1019.163256
1118.202073
812.884436
803.196305
693.662949
810.607421
998.993707
1029.858530
936.013478
891.552070
861.618000
946.838567
964.381776
709.710558
627.520030
1266.434386
723.979997
1057.010549
964.587483
879.767022
934.502174
934.038726
1115.397798
934.758558
815.414021
734.090829
1029.386816
1225.275191
739.251713
994.156217
883.587725
1120.190796
1139.421951
939.152090
1097.473658
1036.669625
1266.688493
898.110529
773.514331
1501.945328
873.837061
546.565661
1140.085923
852.869260
1379.892389
1303.635584
1334.638591
1219.664419
2061.691917
931.127671
769.282386
1056.911687
884.435092
865.903680
1056.135781
998.323492
849.233930
1037.739891
913.102114
1004.551230
771.325696
972.476614
1047.588957
911.771488
996.039621
905.815524
936.480404
973.186413
990.360051
918.514680
1031.912873
722.285126
1058.276444
781.250372
721.475287
617.557473
664.219187
733.500312
787.631967
1146.131977
1059.787744
1100.532237
1137.079603
1246.956964
749.876335
1097.774150
966.441560
1451.147461
1152.684396
603.895471
607.681748
616.502742
741.144225
742.795479
980.180086
1270.537457
866.989407
1176.904039
1346.017009
780.236577
837.762743
728.680290
727.838505
958.473124
770.121707
1293.389710
1231.735784
1024.141886
1368.941461
1404.584194
1258.406569
1009.999806
1140.815925
1177.551557
965.880306
1341.150864
786.916142
733.325008
976.009919
1105.118557
1195.758270
1193.915191
1235.148035
1061.727119
1170.364284
1059.772943
1179.719502
1152.614903
1029.356166
813.512461
825.038710
822.587439
824.929511
1104.350794
746.659664
857.837984
750.784256
1136.033296
1111.305264
1141.447288
1383.974588
725.847893
1073.951313
1262.200184
1159.245209
1065.951612
974.536112
1407.903846
1160.442809
1166.228230
832.899437
643.860003
784.469643
794.471785
1029.443468
889.026899
1101.330663
742.281484
713.015152
740.314755
1134.192090
1073.110855
790.269985
739.144195
759.387506
822.592840
995.941116
1567.544326
1606.715927
1431.307239
1533.097278
1621.256557
1470.355201
1362.365067
1357.761332
1379.495243
1432.014767
1460.217092
1227.163362
1222.348600
1612.685929
1462.137237
1072.934250
1291.857828
1171.498438
1160.471153
1076.863908
1139.582970
1066.182074
1476.540601
1122.805586
1366.684604
1083.917283
1205.553544
1049.008106
1362.885156
1718.952365
2073.985262
1925.555907
1219.460821
1188.841867
834.094051
906.709993
683.773525
687.589195
1154.702830
1132.652070
1053.764876
961.279560
1171.123106
1027.811921
896.143933
921.689586
1253.410325
760.393428
715.306039
710.444122
793.277911
835.787503
760.965600
759.727334
1111.951441
1014.304113
936.177366
804.038895
780.009391
710.920461
815.789613
832.658880
727.711554
940.646829
851.934056
813.827011
1162.437434
800.826388
652.531393
812.548082
627.337812
845.399502
689.940176
978.721490
700.085384
676.593915
715.365547
808.661019
542.468014
814.210846
634.133685
617.911185
730.727702
804.953155
1093.269477
802.188162
1031.694593
609.155684
605.478396
1066.727378
905.426715
682.267456
709.014179
599.852615
851.741893
850.789589
794.552544
759.584697
719.928396
728.384085
882.380351
912.738267
819.590894
973.234962
942.140680
892.494591
1863.333211
1924.618437
847.639679
841.826943
941.286992
940.517728
1043.516401
1228.811262
1142.032309
1215.026178
1036.644962
1282.786546
3650.007373
298.517816
2067.738810
2166.187219
2073.227047
2203.406135
902.305655
1264.571621
1353.215632
1144.082056
1564.404382
971.889262
1228.558871
1152.528698
899.417249
1211.547935
1092.364784
1136.829741
1167.575549
1053.360404
999.607379
877.712591
848.028590
1065.305941
1513.000427
907.601381
1711.891625
1260.610020
1086.490219
626.520888
604.290418
677.342695
635.921696
694.674867
1120.768345
1079.482643
1048.534900
1084.809540
995.944668
904.510972
921.749542
1219.159520
1179.372538
985.117661
800.646961
709.728589
784.440409
915.413507
815.334261
641.381700
869.036670
899.731461
2557.741362
1344.020577
877.348016
624.435375
552.925334
805.508242
482.085305
4229.351099
