8954.006728
8949.207564
8996.390027
8961.948863
9000.111996
8982.719295
8928.650376
8986.654234
8952.626921
8940.820475
8967.520781
8967.384744
8966.772479
8949.121118
8951.814016
8978.385870
8978.324209
8950.044750
8963.222345
8975.891172
8997.486949
8948.951237
8947.992954
8966.873868
8971.596497
8981.637841
8962.388405
8928.966638
8940.647023
8981.043953
8941.567807
8940.633294
8951.034015
8951.411572
8967.176337
8963.685023
8996.621735
8974.239885
8963.996043
8950.996507
8978.559980
8950.461650
8977.946104
8968.037825
8940.447823
9009.010408
8973.642824
8964.585388
8951.134633
8962.755010
8977.943371
8937.517139
8995.734685
8949.741638
8938.943000
8926.456022
8928.815950
8996.641359
8977.338887
8994.409415
8995.963382
8986.192230
8996.395326
8984.462100
8990.511890
8993.721800
8938.993747
9005.261736
8995.762687
8962.344095
8961.325856
8953.442825
8953.424215
8979.937574
8949.923095
8951.525547
8979.464804
8949.034192
8963.766178
8961.166717
8964.483036
8973.739555
8964.593834
8974.621311
8980.075285
8966.309272
8967.038720
8963.009423
8980.013850
8949.927194
8963.938620
9007.498774
8948.755593
8960.272286
8948.761265
8951.116490
8947.937160
8994.207048
8986.636423
8964.233033
8954.280746
8974.540036
8953.655850
8951.374079
8978.508738
8974.502469
8952.531405
8978.761305
8951.248569
8979.691612
8975.423722
8979.024014
8949.599280
8976.432819
9005.821591
8975.161257
8995.990629
8993.306637
9005.941406
8995.691686
8964.045460
8978.913532
8963.815246
8982.462790
8991.474456
8982.117192
8950.750517
8967.285653
8952.128448
8978.836145
8979.464794
8962.190603
8950.156099
8989.318637
8989.195980
8990.688185
8962.867216
8978.974879
8961.755335
8978.055068
8939.239876
8980.206220
8955.743929
8970.631739
8949.323841
8949.609172
8962.380666
8964.551977
8974.003206
8977.513952
9005.727819
9043.537036
9005.903202
8994.997430
9004.370655
8996.045377
8938.079708
8980.367348
8936.958460
8950.450197
8989.931287
8960.422998
8965.568648
8960.594161
8938.498852
8975.627518
8951.239612
8965.593677
8963.025083
8995.821796
8947.826232
8963.079811
8953.602490
8966.410323
8965.827632
8939.045627
8928.576623
8939.779020
8960.090064
8963.772687
8974.466831
8977.593568
8968.441111
8988.641463
8964.510571
8968.728184
9007.487000
8977.075126
9038.501828
9040.724080
9016.944585
8955.180483
8949.484420
8951.121430
8959.475901
8977.876816
8978.006780
8968.285980
8978.535645
8969.363287
8976.327065
8949.942193
8936.680396
8937.503366
8976.906899
8973.694666
8951.179609
8981.369859
8967.946406
8938.618423
8977.534953
8938.738377
8968.725309
8962.016028
8942.759960
8939.738392
8965.439727
8956.311800
8952.201116
8927.213039
8949.126349
8961.960212
8965.416135
8963.725429
8951.325623
9029.234235
8998.776386
9034.597032
9022.357774
9010.025724
8949.239055
9013.153135
8997.003320
8998.021786
8995.991892
9014.674280
8990.735420
9005.423820
8991.471395
8981.717450
8982.168802
8982.617798
8990.984191
8981.730760
8988.535296
8995.239955
8991.528291
9010.842621
8982.135634
8940.011514
8940.093987
8986.640999
8939.166030
8968.021330
8937.349281
8975.282003
8964.415068
8964.439127
9058.724810
9038.786309
9019.523722
9032.466676
9016.169649
9024.523771
9047.609443
9043.362608
9036.763020
9055.621459
9062.277564
8964.735896
8951.233743
8977.581734
8938.973659
8981.267247
8981.590702
8980.822486
8926.813864
8952.266328
8955.457053
8925.905500
8952.427726
8950.719799
8952.498046
8937.949515
8952.567895
8931.138501
8957.167991
8929.533381
8938.901622
8953.620807
8952.429880
8960.213293
8974.624344
8973.887249
8983.866870
8939.138548
8949.503124
8972.193530
8980.465380
8964.836281
8975.204215
8965.380878
8991.358742
8939.155723
8983.964672
8954.092716
8968.453850
8927.861763
8977.899527
8937.304909
8954.767452
8950.469978
8962.981380
8950.246699
8950.207847
9115.566124
8962.579507
8962.186012
8962.173517
8949.009107
8952.167884
8939.629643
8940.719629
8926.392779
8925.457662
8926.916411
9034.398658
9001.583922
8993.780627
9003.905380
9012.537231
9009.855878
9000.696640
8998.955036
8941.167571
8968.446717
8981.118009
8967.868874
8952.294109
8994.217339
8936.488942
8937.316426
8978.918985
8988.081991
8990.252419
8978.751547
8982.050501
8939.704121
8939.546252
8983.350387
8978.252392
8981.745336
8982.858015
8952.792453
8940.197626
8929.149532
8955.163806
8918.428304
8917.506344
8958.045330
8962.751336
8962.159107
8948.317272
8963.791834
8949.454792
8950.134718
8949.033910
8951.027345
8947.044666
8936.499974
8951.755605
8953.363493
8928.048208
8968.857051
8968.204920
8928.831576
8909.028085
8924.424888
8955.556183
8941.368355
8952.894198
8951.463663
8940.004029
8951.806249
8951.392326
8954.984855
9013.084607
8988.812723
8992.706303
8979.073877
8960.853863
8964.908991
8961.066587
8969.620803
8938.765626
9049.525043
8948.689390
8949.388296
8953.779086
8951.825165
8939.585327
8955.501710
8930.458596
8938.781959
8952.984286
8926.023518
8938.743940
8948.261521
8951.675410
9018.000613
8951.228104
8953.275442
8939.271865
8967.520582
8940.440811
8964.299552
8949.732168
8960.766474
8939.869548
8964.434561
8962.970865
8960.914637
8964.495786
8973.461663
8950.224081
8954.371578
8937.407664
8936.534363
8975.716089
8961.764602
8939.755495
8939.289024
8955.014980
8950.332978
8940.385788
8939.740000
8952.213132
8964.430454
8962.673963
9020.339245
8951.567995
8995.621919
8959.968445
8937.571700
8989.489775
8949.348188
8972.621255
8974.894637
8988.746928
8955.938842
8950.675479
8949.582713
8950.099471
8960.858914
8962.994541
8978.897562
8939.076528
8940.160969
8986.404931
8984.793077
8939.061813
8951.672705
8937.323280
8980.814206
8927.751501
8950.798516
8948.431171
8961.126084
8929.442676
8938.034711
8938.070786
8971.006292
8970.144480
8970.504243
8929.247250
8980.134276
8970.048662
8953.476198
8938.525775
8979.896574
8969.885044
8927.134372
8927.958026
8973.557272
8970.136266
8972.775347
8940.289109
8939.042835
9041.010693
8973.816371
8961.689044
8963.889977
8935.560723
9029.367067
8974.376864
8974.698952
8961.738721
8967.144450
8976.235713
8979.976508
8977.920667
8966.511541
8979.145927
8963.987888
8936.589514
8975.406680
8939.367377
8965.214125
8937.468225
8959.369089
8950.740846
8958.675966
8959.428541
8978.407642
8951.189547
8950.833802
8959.741399
8942.207299
8965.031082
8970.321872
8949.214336
8955.681421
8938.686604
8978.022716
8951.211427
8962.347969
8976.510757
8950.811879
8963.598470
8964.606809
9018.242728
9022.979975
8927.682365
8968.032270
8938.076882
8938.561618
8977.384490
8967.360966
8971.025216
8927.985379
8951.441143
9016.779967
9007.288056
8954.369685
8950.083289
8941.950540
9020.342283
8949.151009
8968.366738
8949.426677
8938.770155
8939.788183
8951.430452
8970.802419
8938.484418
8980.425801
8927.902063
9041.341486
8966.954349
8953.007168
8958.651005
8941.234069
8927.685784
8938.426004
8956.022795
8963.032063
8964.280788
9019.226340
8978.161549
8950.913438
8954.810110
8948.984241
8937.639084
8940.224643
8948.239120
8975.611791
8950.997118
8950.044381
9018.367031
8987.996222
