975.611743
500.056477
824.652424
949.438681
1400.341032
1338.923907
923.808785
768.768725
1116.769982
968.399416
1673.400105
969.332549
1514.229619
1072.639396
1016.338283
1195.536508
1209.196716
830.733415
874.989935
783.698186
1116.891069
880.491338
635.547833
1090.882182
782.504174
1086.994465
547.929298
615.893933
634.985399
699.976908
812.311538
988.814902
863.310002
1151.506617
1063.989864
1142.766050
651.387207
1311.367049
646.467691
1029.117642
904.600185
734.875527
816.503607
744.419847
859.590391
1019.445766
1025.841462
1353.343641
978.108440
1035.878855
963.095558
1697.171672
830.925051
788.760331
1046.905008
1075.007388
1186.315060
1104.176233
1115.557571
1004.056695
1267.903618
942.442168
1310.495632
829.925810
698.490339
594.573827
759.859344
787.473651
820.341565
1238.129678
1195.767826
810.472022
705.491803
656.444975
894.015536
600.314252
872.291171
677.247512
871.483969
856.188215
1126.701410
901.898072
1017.511600
1580.843243
981.472172
928.616222
930.547184
1322.011597
1012.892753
943.902033
1188.300955
665.548024
654.703952
996.158795
872.247791
1117.334901
651.409295
578.261852
628.722567
1324.294133
1477.651567
1792.588670
1388.499624
1436.678992
896.917516
1111.345564
1265.886330
1003.662181
1219.762446
978.305509
987.146897
988.565988
815.792287
830.363838
721.967411
763.427460
704.544816
1155.250519
817.745613
986.121489
1182.283978
942.729460
683.164497
690.172643
1630.078946
898.399796
1183.072065
907.092422
744.150229
768.099369
699.092499
700.426827
655.078027
559.514189
899.406195
1578.551260
932.887050
1296.390079
1116.365286
871.739779
904.018778
815.298406
1519.519646
1176.661310
1209.975609
1188.121793
1228.452804
1407.592721
1151.165678
1196.232323
1136.697117
1076.150048
1040.480784
1445.251440
1261.769304
1418.161039
619.909680
1678.312766
919.754029
1161.676490
1347.014808
997.458212
932.128795
944.935861
1107.063178
1143.621192
712.925209
965.875513
1116.798640
1051.893966
978.693232
1048.976619
1051.666917
1180.763047
1262.825412
736.104985
890.349637
828.006108
670.926180
1175.365199
1050.741404
1214.236718
1116.159321
802.909058
543.899489
622.133929
634.262208
889.115216
782.824694
1037.588866
1184.957375
909.874097
897.895718
959.608765
875.970400
747.167311
874.520843
819.975594
932.469352
715.831031
1033.314159
879.547803
858.914096
768.827239
1055.512304
1227.230845
1222.102665
1161.930645
823.980420
1000.346581
992.143407
968.495399
770.723921
771.232243
804.045692
812.260713
742.962516
1212.768591
1158.337529
681.491488
941.496682
701.932445
954.303375
955.513416
764.085839
751.366640
1184.427797
1253.215301
1149.518701
1771.166937
772.479003
1094.746238
840.226586
1291.222205
749.848751
865.028499
840.545375
1056.867979
903.449589
736.450052
693.554857
1034.805037
749.205090
811.190409
1332.811206
1096.299822
1150.919615
1287.321756
882.774934
1025.598366
726.246875
919.062289
1046.737694
695.708420
811.504138
869.140880
1354.821825
1112.306169
1101.690455
898.439009
1014.051448
1135.985342
1392.304603
863.368639
872.719765
1251.964837
1322.166759
1122.622230
1138.717330
1089.050686
1061.768267
1151.168961
993.143254
851.715114
1006.764728
1001.786462
1215.813634
1204.841181
1285.192590
1368.701207
958.019295
1276.207956
1061.431283
995.197043
1056.150132
1099.851189
1079.032228
1336.337151
1350.771770
1316.707411
1181.348490
969.436221
1253.248172
1218.399659
1483.683308
1245.703796
1167.660934
1040.770213
1334.724422
851.460348
1068.307408
1048.739409
1199.405223
1122.613657
1007.569772
1142.668353
986.074382
902.082849
914.807259
1156.850320
1177.387793
1340.460310
824.673452
1006.277522
977.288000
1224.584183
1155.635244
940.407518
1072.147321
1323.877887
889.037004
947.785184
1007.599649
896.035111
928.240432
948.541209
1159.417257
1043.447216
1252.312259
1078.716224
886.009112
828.088023
1096.636453
997.226221
782.382902
630.685073
940.537573
956.817376
1147.316877
836.306912
1180.733207
931.996922
789.563674
1113.940585
1178.801465
908.399377
1192.043624
1378.224797
1054.698723
1496.505887
1119.029648
920.682981
1070.333693
1089.941159
1149.180428
862.608891
936.490585
927.422114
1132.074550
747.845747
1017.250815
1035.242004
1182.484697
777.679102
866.102328
1286.189865
1060.881101
1434.592929
564.506579
572.509749
731.735559
680.656058
732.340498
745.560490
898.133421
1177.533724
696.388805
1082.671877
1103.334570
705.835809
818.137391
810.908479
1150.453478
846.778461
904.151398
1220.156796
919.109803
1126.137777
1190.186768
983.104294
1227.088831
1284.576015
1305.976630
1026.051352
1241.641476
1148.924129
1478.374870
1314.883385
992.358418
1012.057087
1138.576206
1414.535783
1366.901870
1684.415087
1383.356271
1184.170861
1246.178774
675.426395
893.778397
1182.134907
1240.320908
781.566147
1035.416803
652.773886
935.425147
1163.587526
1185.931693
860.488202
1278.132043
1381.762038
749.816682
1076.705807
888.429673
890.073449
852.707011
805.387665
830.800868
756.233581
631.798496
1072.259969
764.447126
751.095056
719.739948
737.794269
1162.791356
822.019062
1006.161329
635.866172
1018.162513
1164.248786
584.568477
590.489346
721.191500
873.904207
694.824585
582.226457
919.370023
890.182808
589.896432
708.976912
965.979431
737.622832
715.020316
717.380344
1121.299870
815.000215
1075.255120
1692.550607
991.659459
968.201321
1077.171210
688.086513
820.265093
974.761982
923.298361
935.352917
824.695536
973.161964
937.220102
557.743500
574.855441
716.714904
901.344962
570.035434
935.995797
900.356117
883.235399
918.000874
1124.594055
1092.838772
1162.946080
872.157295
763.394799
927.553171
1116.463591
1011.461401
933.850819
1105.323034
869.239155
757.829353
681.233293
817.444171
1169.815161
992.654011
1787.987648
1858.916091
1823.435373
1833.092078
1744.061648
648.513283
1179.417159
954.920538
709.866022
953.517137
841.109687
717.424191
1067.749013
947.616189
744.015807
1073.301772
652.203454
1068.770515
658.221530
1074.238399
1109.307597
964.461125
713.543241
1105.103203
1087.423456
1099.491925
995.026476
1112.992062
905.676729
1059.185755
631.895438
535.052781
529.817356
830.860329
712.152620
700.900998
811.208331
832.338552
1366.483160
1019.542634
980.981688
528.869332
523.600138
574.964263
1073.618328
724.508980
699.484256
715.038605
790.588632
763.140510
815.099107
677.017979
1082.581266
1178.110729
929.900047
725.137047
1021.897226
720.579866
889.036603
880.762359
920.116459
1005.254565
807.903187
985.534461
960.252481
992.760600
1019.403407
905.975017
879.609461
815.972406
1012.342672
1083.111681
869.614103
674.562112
1154.083119
1039.060762
857.079304
790.929481
618.984833
540.832219
1594.564740
1444.357851
1379.499704
980.267675
969.319603
1324.780024
1563.950620
1671.091544
1414.416350
908.415653
967.042812
925.995943
1396.275799
1261.178345
1269.608866
1266.107879
1200.573805
1352.457816
1203.171526
1129.198258
923.140679
1180.670838
1198.635781
1296.162115
1163.816587
783.355699
1166.143103
1529.244107
1618.059389
1296.058513
736.685988
563.991630
646.594901
648.359019
967.062624
981.840519
786.424045
765.062724
866.676410
927.375327
780.041099
789.964173
945.947139
1886.045099
1841.224895
1803.062707
1644.373220
1743.123466
2038.327540
1944.080346
2015.317875
2050.250711
1834.556676
1897.993849
889.308742
985.837526
1003.020446
714.474500
710.200308
1044.520103
1029.549512
1108.181995
720.924926
923.182972
773.390120
885.656844
807.964642
660.915671
588.810196
722.369851
768.599008
679.430806
669.813117
503.189673
771.794174
559.153428
538.891146
648.312670
947.322176
738.636604
595.351310
712.330227
772.895519
502.879306
764.886444
760.964394
808.810994
774.572620
691.608251
661.658983
853.032351
631.341451
608.138397
914.402387
744.511727
1202.098081
688.281918
1141.598026
811.957541
792.449562
996.325871
987.130415
1017.524866
829.144162
929.972709
920.083470
943.549889
1002.169163
929.685742
663.300994
642.421960
1074.833259
920.870390
813.532508
863.995533
829.301368
764.536066
743.700705
806.557097
958.968574
767.702757
861.270098
749.382969
2716.183314
621.456385
870.797638
773.917271
752.099772
893.118993
831.348267
849.770390
768.756072
749.525716
841.413229
760.106558
747.073669
749.999214
874.822378
738.837220
622.742205
836.475080
838.327589
570.113825
440.693865
940.854485
567.664580
564.814029
1512.314033
1503.862122
1760.132709
1355.460508
1547.398746
1526.801913
1489.942452
1056.926005
1606.822865
1365.921688
1285.762638
1306.233171
1172.522871
1174.910675
1034.230810
667.864064
1345.269819
1178.091590
1256.539710
716.755399
1322.947632
898.661323
656.232540
1212.834257
935.951276
699.526228
593.594229
712.349977
1176.257279
1213.362980
883.346863
640.683342
770.965098
629.918632
801.855686
493.414752
379.177735
917.642244
863.080338
775.446084
748.291867
888.286401
951.145847
747.690814
743.375122
619.269978
830.430812
756.375662
1008.606346
860.801483
765.527125
604.650391
810.232970
777.777649
746.047516
640.295917
627.684341
506.219183
731.570650
594.888223
675.188754
683.428874
620.327811
730.535158
897.712785
943.391807
799.528550
1115.026984
1369.717398
1342.420210
1112.330290
943.956078
756.125683
941.212009
788.968582
901.054631
694.193267
703.809475
892.373878
797.733884
912.517080
697.315448
582.765347
641.137285
1436.947907
1671.864675
1599.249642
1233.040548
1154.344383
1415.495878
1306.960141
1196.426798
1240.595861
774.604214
1167.835582
948.014350
1014.575544
1010.091868
1189.431254
1017.031735
993.641597
1002.614061
765.895548
792.947718
756.475281
1004.898905
989.120999
1073.829179
1175.073228
683.347878
692.924136
750.676080
2071.416482
793.046081
661.979666
610.468987
869.354980
509.074199
527.111617
534.804262
592.356007
615.350212
749.333151
651.399441
653.117893
772.215737
951.919788
685.984677
438.972931
764.882379
765.603944
780.455721
770.742027
750.128846
662.870272
504.493788
849.533244
603.914655
987.455796
973.602698
707.632171
692.751027
686.938305
676.809761
848.873129
922.205540
702.977482
721.415651
511.909150
701.612892
664.044511
645.724224
887.311800
811.510079
753.688351
795.026137
916.768924
999.952614
601.159607
571.681835
916.332419
881.945426
918.281652
797.607799
848.522617
880.117706
863.864595
804.401060
912.479277
981.667365
930.989291
956.194897
873.562496
1007.428921
796.650205
1057.421457
603.990302
949.295718
640.793857
912.418847
736.531183
775.718842
854.209096
959.489909
608.562084
768.569374
606.700824
943.455873
683.084291
500.414513
518.445030
988.990486
640.444812
920.583092
922.924293
807.972386
703.542403
679.288192
896.150283
724.766798
835.477752
952.566722
1435.053489
989.205877
815.415966
884.752115
825.305163
820.166438
1007.497433
1039.053746
1486.358019
1060.165681
1520.896503
949.459649
950.602739
1002.535570
1054.030164
1173.680140
1337.220189
836.118067
838.348272
661.792824
774.943572
700.491798
833.004101
868.136786
771.812909
781.546721
1011.663247
910.825337
874.616203
936.978596
989.504557
752.646889
1132.595011
1339.315412
1268.191498
936.960470
1014.127077
746.100841
664.890953
739.784356
819.412901
784.586394
825.836167
746.660045
880.831912
977.247584
1011.376330
613.718727
589.465817
612.980332
614.264478
1005.473048
819.874730
797.457798
690.665836
694.767196
1087.615197
1215.358541
720.616992
716.560796
889.750596
928.981497
724.174461
607.767997
617.880615
596.555917
742.441589
746.492797
591.769345
576.627471
581.769808
818.651161
624.943037
629.595931
711.391944
741.232950
691.371357
688.540634
795.405952
842.671758
711.254216
716.292983
683.735076
780.072275
500.922161
719.423143
1320.799649
1134.499560
1098.201707
1255.877134
717.656199
760.010266
739.338839
597.415923
1095.741247
1469.937422
1085.872143
1086.077621
1070.322305
608.581234
641.625654
554.210851
554.466083
820.135196
804.274254
858.045509
1480.363834
1002.246686
772.702661
1279.273808
769.381902
650.674229
751.630167
742.472521
760.261444
1003.419244
1092.827601
684.304987
735.968280
1991.418402
701.191544
693.907694
930.537271
1041.736397
936.202611
936.329453
796.059263
704.249430
886.872578
989.875092
976.226226
950.555007
1177.718005
936.927325
1061.252397
765.784208
1131.313161
977.531802
597.385942
931.956058
1090.637995
646.037044
1104.930714
1108.584472
1113.952161
1012.425387
1009.790208
566.410179
576.156758
925.915734
708.890920
708.277919
853.892800
645.666298
531.555582
753.857928
693.448269
677.052314
628.799887
925.960503
820.792505
798.906104
604.254553
805.089334
952.067842
809.833271
739.022595
580.067628
839.161746
629.854822
918.113776
688.434396
984.589394
675.962520
709.593016
1140.280894
1259.648334
712.073699
724.624787
804.101001
727.754770
926.559308
826.054939
736.682216
583.306824
652.640080
661.660814
836.506528
887.495513
861.201498
874.107808
767.618032
1037.007514
827.146385
588.471356
826.693810
598.413525
527.846025
1082.777865
934.341557
890.755330
1141.258464
868.495756
800.960197
1088.909719
814.834418
767.965071
906.163531
986.508029
866.530338
853.565142
1676.349536
1080.831562
1295.626790
439.172453
720.469218
1183.465622
625.984838
1086.640980
885.576229
858.389282
721.880761
1530.774418
1035.527401
1040.265936
807.141408
905.349123
833.096716
718.326727
1703.882124
1742.201225
701.000941
565.536410
825.576087
569.856472
1148.873017
612.945806
844.756865
780.502162
731.516912
624.798158
657.199541
737.151007
656.404564
1261.658930
1128.095935
1039.780625
1002.403028
853.614059
834.150927
587.254629
2095.140049
1047.408468
656.973100
756.480378
890.501338
803.973330
977.611310
1009.038869
752.436983
670.321999
1083.767015
664.468421
1030.578127
742.089081
1014.201774
945.325608
887.675483
868.286435
917.734691
868.317223
700.498548
739.456171
849.244314
669.206880
597.216219
864.785536
830.767780
855.427118
792.383583
793.776178
1163.641107
