290.011258
376.624148
356.682033
383.109511
464.948415
442.339447
362.680758
183.721394
346.594812
278.853216
350.626206
363.272112
341.218676
327.218433
348.257175
409.748534
417.685901
433.242018
666.015542
403.031034
466.104081
592.087807
700.127452
384.256210
500.448318
398.870040
287.838702
544.187378
586.392905
184.971722
296.551286
386.737566
260.161364
279.973848
280.276246
335.793499
297.527445
594.283100
225.840837
469.382997
480.980943
402.786983
440.589807
323.440635
423.506807
252.350941
271.337265
367.507193
384.233651
480.331458
346.660030
347.474066
237.361331
286.989541
346.990950
368.366928
561.304394
440.807402
539.629710
397.734052
236.987844
371.965074
455.645319
350.992611
355.357617
277.111835
373.017951
246.254128
369.408215
370.775605
376.507258
292.973715
287.831510
265.800315
230.527257
303.223992
636.470584
245.328028
495.133231
315.857369
355.776344
260.015848
479.773240
248.395995
436.868290
534.082078
353.361701
410.315787
381.894107
473.425566
394.035449
481.860319
340.571743
357.161386
421.346404
311.726706
369.624183
404.229637
503.897912
522.314785
527.337714
757.003457
563.922628
529.959523
466.148616
410.264355
429.601872
737.856695
708.696827
697.438930
585.844915
795.751098
656.013080
639.230548
800.581980
689.508032
520.615877
391.442379
335.732416
323.127366
372.109495
367.797443
366.663497
290.008057
593.854921
318.649245
393.868988
243.160372
305.012177
354.482435
433.032781
269.799770
439.584226
381.724885
293.298615
303.977988
316.484228
357.647427
310.529655
266.252032
605.071574
531.634381
617.084956
802.817089
1005.407434
410.253094
543.602684
476.052408
331.162575
255.242983
277.258438
261.923419
330.846751
395.011294
317.844661
296.221210
411.572178
357.708230
400.910744
361.033643
323.618379
314.703007
247.181244
285.130091
333.220123
354.978626
304.678990
544.300037
507.324561
283.699928
300.210223
240.174728
235.830790
300.076970
229.862606
289.355931
263.121072
238.699534
221.672737
221.709992
215.421085
221.347114
270.389314
183.984089
292.010339
402.872057
447.783838
422.423576
1369.867139
708.024433
580.712585
629.361725
507.177382
285.405544
237.351440
231.127548
196.176671
334.757319
665.759373
