2808.790906
2370.700197
2533.753869
1811.680943
2558.367043
2071.743297
2086.156035
1993.985224
1840.739707
1600.529975
1929.584441
1668.760612
1646.221671
1847.736609
1651.938389
2350.672506
1742.593891
1348.350189
2397.614760
2737.313624
2130.956167
1574.438693
1901.348722
1560.969486
1809.235759
1254.328260
1927.298933
1559.601553
1852.202272
1293.495272
1572.967053
1767.606709
2109.828433
1996.812516
1443.596698
1611.935547
2265.363891
2236.571961
1628.866293
1702.966648
1985.662613
1208.066517
1563.665693
1204.193999
1285.214891
1451.327148
1592.897270
1283.761825
1488.473821
1592.918550
1295.009081
1456.543850
1524.659117
1523.020630
1814.337869
1971.452762
2083.769523
1477.415304
1486.251693
2312.756064
1648.157339
1657.347945
1679.830710
1756.655046
2292.141935
1840.146803
1920.708059
1333.873696
1334.580833
2253.287843
2221.690160
1973.274292
1825.442204
1512.881164
1517.241459
1760.449596
1972.893509
1175.661292
1888.198967
1578.096856
1735.212363
1600.731881
1774.954107
1673.529284
1580.130287
2374.569978
2196.191854
2455.606148
2092.033184
1606.044705
2588.049195
1788.158347
2039.843479
2112.390885
1845.053725
1706.518821
1512.700131
1788.291023
2772.913182
2397.082868
2343.209720
2341.592890
1991.774589
1461.872468
1572.088718
1613.383817
1555.965201
1421.719596
1987.900558
1469.692405
1507.306388
2188.047667
2213.192035
1826.339098
2069.610264
1786.535477
1883.414340
1844.397609
1578.189875
1804.572579
1841.989052
1942.067551
2108.992729
2318.097704
3453.610675
3588.220550
3544.185514
2009.669371
1517.037080
1744.854558
1771.228246
1617.777798
1613.092058
1467.805200
1283.423883
1487.469600
1515.838760
1528.803067
1303.541083
1642.991935
1694.214460
1736.460453
1593.925726
1721.571949
1641.999580
1687.960845
1407.244560
1814.749985
1844.683855
1725.746823
1780.298132
1591.571911
1668.252681
1680.443258
1638.505146
1977.759380
1983.620113
1490.923857
1391.823899
1535.211092
2112.936681
1696.968574
1560.179940
1740.432594
1648.349584
1476.456159
1596.073560
1605.941578
1825.066903
1750.152315
1797.301592
1553.119452
1890.242661
1465.842295
2173.724838
2444.909734
2352.481433
1760.224714
1804.462803
1463.476212
1274.238039
1369.470173
1428.911715
1354.113751
1549.336366
1469.048543
1648.131024
1581.866033
2197.448826
1672.867024
3082.142837
2234.813529
2275.451234
1756.984583
1863.882471
1935.116555
1619.741636
2014.093512
2052.027353
2086.832053
2638.920155
1928.467581
1806.692568
1607.355324
1827.450756
1528.506869
1530.032219
1693.348978
1745.418965
1506.117501
1479.322577
1412.464052
2167.504501
2826.063452
1984.164351
2591.416490
2037.215543
1809.243333
1992.263032
1558.826089
2783.718472
2109.322719
1249.453485
1360.061029
1323.151712
1183.236128
1637.163123
1763.082934
1967.336423
1745.217152
2018.670105
2649.654591
2169.273089
2375.416973
2090.462115
1961.733514
2648.049698
2467.364724
1746.935713
2556.837274
2270.761518
1849.238291
1866.001216
2427.190839
2485.617208
2289.809218
2476.303257
2589.412060
2494.099314
1852.765822
2379.279899
2015.362441
2469.001782
1957.876163
1745.819200
2219.571812
2467.914234
2358.506988
2819.303216
2765.633395
2766.561234
2270.666751
2371.599149
2208.783193
2410.361592
2670.106744
2706.539536
2025.631675
2437.037299
2594.851078
2296.639775
2515.527810
2319.256846
1701.019058
1817.752805
2523.112278
2256.879677
2523.745440
2024.761323
2025.244609
3230.506339
1744.957778
1958.747924
1501.354345
1747.132091
2027.440623
1985.048359
1671.264734
1674.959356
2001.669706
1786.221464
2128.863787
2294.586853
2027.694897
1978.996725
2096.140116
1854.435203
1672.589159
3369.997458
2660.478935
3699.399174
1508.158548
1547.964968
2028.414904
2626.877508
2328.343005
3057.601047
2283.392555
1774.743565
1811.380704
1787.843281
1716.649697
2379.933977
2099.022678
2466.957285
1807.771573
1341.907315
1692.478905
2459.191209
2356.601226
1897.003933
2009.647060
2889.036014
1677.213413
1797.347318
1915.524315
1676.825754
1576.284501
1369.897427
1635.562771
1652.216507
2095.505530
1818.968449
2318.000420
2084.543026
1920.975596
1542.455834
1592.607588
2268.568781
1466.402029
2126.451599
1926.816771
2216.880928
1927.428581
2613.527180
2509.378345
2758.697032
2444.874937
2388.990053
2235.490383
1608.950482
1509.234796
1860.714052
2234.291111
2169.414651
2086.840893
2047.441003
2229.449663
2174.832274
1784.729830
1616.625695
1560.214634
1293.899104
1209.638000
1291.130633
1671.071808
1132.854804
1565.929755
1474.184285
1431.901941
1439.762225
3155.616504
3026.470608
3235.621553
3002.172881
2967.984293
2988.889725
2900.348635
2894.863809
2960.579048
3090.240674
2146.229405
2038.579813
2205.719964
2264.627341
2713.823824
2307.735572
2311.801039
2661.326442
2790.841346
1586.077507
2260.046569
1556.000123
2099.534281
1742.210931
1595.157215
1694.963459
2040.411685
2108.791959
2437.640619
1933.941950
1604.174406
1961.669597
2655.482586
2511.688627
2384.042896
2502.728073
2214.728815
2652.009584
1503.160751
1506.844958
2018.312413
1732.783030
1665.087736
1750.741113
1767.069145
1903.329286
1819.876061
1838.029317
1786.846686
2251.704020
1900.541975
1741.484090
1735.562008
2176.535299
2181.496042
2292.796130
2342.043416
1142.158031
1294.449475
1300.149070
1309.720186
2177.059239
1539.524921
1622.065380
1364.443748
1447.958247
1469.805826
1921.571486
1748.770469
1465.237537
1455.981243
1677.686178
2730.725945
2940.018318
2947.290611
2153.333031
1525.225091
1711.544489
1701.748102
1574.192709
1572.570312
1582.682783
1704.884700
1471.926659
1478.804299
1953.236339
1549.733024
1639.746047
1744.496192
2102.530584
1705.119429
1706.323246
1764.703080
1961.554653
1908.845066
1648.327611
1615.065670
2129.726486
2115.942218
1500.630561
1488.024395
1679.778501
1761.473091
1812.916590
1602.635643
1910.910503
1367.087134
1316.160031
1429.773550
2126.900375
1794.797032
2164.497824
1978.479567
1908.431429
1943.896389
1992.740608
2033.901108
1844.109257
1589.101740
1625.111882
1500.561557
2009.039966
1172.415959
1616.089535
1515.710913
1261.143818
1540.277090
1592.161721
1392.787270
1553.188463
1467.836689
2077.819602
1466.188516
1340.650938
1922.412442
2256.608148
1501.958155
1336.290979
1309.073435
1574.107579
1467.543618
1425.761567
1555.400017
1542.902055
1419.341997
1587.775969
1420.725552
1545.501954
2003.284293
1326.364825
1200.145463
1827.627874
1925.289252
1334.626144
1674.849739
1678.744771
2310.446417
1582.248539
1531.698138
1674.748523
1901.961301
1908.867014
1864.099728
1626.395869
1857.695489
1707.569395
2156.619392
2171.254252
2218.779494
2315.841969
2532.763694
2138.315660
1763.627449
1932.734734
1874.474428
2134.025974
1889.125804
2337.555292
2053.546617
2153.091295
2094.211430
1583.041658
2239.109041
1875.435306
1633.884714
1797.752321
1756.571586
1621.070119
1445.466891
1801.018995
1806.099005
1626.361606
1542.031276
1517.127886
1805.003792
1708.811169
1631.603992
1519.160279
2116.010838
1854.392178
1849.352840
1802.528697
1515.571792
1892.813467
1874.382430
1625.549314
1891.841467
1520.448474
1862.817719
1537.573496
1892.129692
1953.693866
1919.270510
1684.722026
1661.294938
1693.561080
1747.170046
1892.885662
1558.025861
1307.216289
1619.207157
1656.562825
1717.511453
1377.351766
2436.797464
1540.789001
1641.769711
1540.817425
2006.372708
1762.578105
2019.316715
2136.521327
2153.940699
2178.381063
2128.281089
2154.373972
2390.813624
2147.549652
1673.026327
1716.683854
1439.155174
1663.756163
1434.064839
1642.821321
1935.016203
1605.639218
1658.558017
1730.250583
2026.567898
1877.223227
2043.249375
2288.360190
1889.386664
2540.005097
2057.448887
2293.414438
1719.654294
1253.860814
2088.659262
1657.660860
1629.942083
1752.712321
1474.292788
1624.519004
1649.243732
1594.309659
1648.923016
1720.028360
1999.825534
2371.287068
2308.672291
2371.705680
2073.080268
2349.434755
2047.350327
1845.839142
1580.989187
1490.911373
2413.601481
2373.093473
2365.078667
2088.599603
2756.959425
2150.506821
2342.889490
2681.357954
2399.171299
2558.105919
2201.858903
2686.764076
2743.664575
2472.668299
2737.779192
2557.077090
2363.190502
2379.537323
2141.281054
2269.948147
2201.042657
2237.808864
2162.563720
2123.413378
2384.455772
1978.930676
2159.705541
1686.575440
1894.456723
2152.627173
2445.795393
3184.573068
3175.116727
2155.916263
2333.716597
2150.229167
2520.990642
2714.360502
2934.315202
2834.841501
2160.778929
2073.251207
2162.902622
2241.222172
2183.154532
2233.663936
2207.149872
2418.344882
2260.717705
2356.895195
2412.823086
2078.868415
2096.391679
2068.795519
2110.447747
2466.728925
2401.193125
2198.829744
2953.843634
2403.351449
2395.805047
2040.517307
2216.167705
2585.057708
2891.300713
2867.603783
2596.775628
2937.471815
3057.146317
2836.823880
3143.488813
2650.431907
2879.820604
2880.354471
2380.756262
2514.080186
3156.204421
2425.731568
2790.168805
2034.771845
2342.863568
1825.282375
1800.522869
2096.084546
2250.061653
3037.165644
3070.389981
3165.413889
2842.707741
3213.393452
2321.360735
2574.541751
3016.324715
3049.704569
3165.830639
2924.140818
2432.411280
2318.342203
2397.233892
2651.722761
3094.168596
2764.137348
2653.286070
2493.052572
2633.398035
2431.589358
2581.306633
3305.388295
2473.223459
2468.544991
2323.438769
2181.114061
2366.242591
2929.861462
2443.440733
2450.658722
2865.023630
2451.355280
2675.511683
1441.278523
1386.049668
1314.101216
1860.361476
1665.061454
1488.145831
1863.573077
1495.837641
1479.112121
1940.017882
1788.131677
1645.118208
1792.512004
2049.071174
1891.453715
1953.550179
1695.874111
2051.506478
2085.584288
1542.038148
1857.912115
1687.083806
1685.153059
1823.100505
2524.511669
2142.566742
1732.366588
2113.993301
2432.076954
2406.016281
1782.193930
2488.812235
2693.561138
2375.962223
2646.621093
1906.985472
1831.059749
2115.673699
1535.353635
2006.894969
2048.369708
1883.155455
2092.613020
1564.019081
2143.093397
1427.371882
1503.462111
2377.530322
2060.031977
2343.817397
1818.473696
1718.799941
2786.575831
2814.987025
2703.895707
2101.404798
2412.999699
2410.146922
2422.598342
2165.529207
1989.279445
2190.638706
2624.895661
2329.492259
2448.291011
1912.676642
1947.061429
1790.999650
2001.079506
1903.861617
1974.304672
2253.171486
1677.479725
1680.894691
2653.310147
2787.902781
2640.385981
2337.390312
2487.933617
1482.401349
1948.994397
1903.569280
2086.529763
1897.673218
2078.950638
2383.486328
1958.266617
2093.954754
1536.283063
1591.544175
1897.668374
1812.340664
1898.418791
1657.330913
1566.563513
1741.192509
1628.690666
1707.019926
1705.226374
1745.149215
2103.382946
2142.161352
1936.513040
2160.463606
1940.299874
2125.906815
2138.833824
1768.052335
1757.240638
1996.436094
2136.024191
1873.145870
2373.286609
2098.761593
1673.882110
1618.217404
2472.970964
1915.072821
2157.770051
1819.302397
1544.265978
2089.065872
2412.608155
2329.237697
1798.825989
1749.209945
1917.322769
2101.356492
2100.588647
2054.603810
1741.476161
1785.406513
1857.817421
2159.154068
2521.462281
2151.189471
1637.826171
1728.213554
2045.757731
2015.537072
1522.220486
1593.795246
1512.924420
1821.005978
1424.136945
1605.004984
1553.310259
1884.048478
1733.136664
2127.004022
2494.513247
2035.039411
2109.199880
2124.741052
2141.505388
2217.168762
2182.061223
2140.403799
2182.118966
1986.709976
1342.037592
1389.323440
2163.893205
1718.014017
1921.303367
1710.354623
2243.062536
1782.570369
1831.095743
1782.692434
1566.166766
1510.593019
1603.286364
1341.796789
1375.757096
1353.715824
1543.657407
1509.559413
1288.252276
1285.069126
1332.562678
1637.704897
1251.118586
1333.470259
2295.507604
2071.882869
1758.269544
1655.338663
1459.234492
1898.968247
2046.368809
1857.812324
1879.795514
1641.252671
1625.203916
1656.246602
1625.252652
1640.583704
1837.378106
2070.958374
1975.353242
1741.492938
2329.917697
1708.884644
1724.947672
1722.728751
1727.418884
1888.034031
1789.341774
1773.309002
2118.925859
2068.087516
1835.187422
2390.706853
2430.998856
1952.741429
2138.778005
1741.470826
1902.791035
1870.820043
1834.712781
2000.272093
1711.381732
1968.522958
1900.822163
1859.113481
2356.745726
1924.752019
2403.079371
1784.181232
2001.512894
2179.962811
1819.926865
2049.425491
2264.651762
1917.436520
2025.530057
2664.936662
1864.571065
2649.631091
1898.559324
1384.723631
1938.230176
1714.183077
1713.446267
2147.004711
1824.082314
1818.033937
1388.344571
1372.534144
1747.868824
1750.550797
1825.496327
1480.002786
1470.167939
1282.996476
1776.702605
1324.207618
1283.001952
1741.366074
1454.824488
1651.479753
1501.640652
1731.335593
1769.844095
1663.200393
1670.686455
1647.487532
1616.624139
1533.344213
2525.453970
2023.416572
2029.467848
1902.460551
2731.789196
1684.926704
2009.028776
2396.314282
1685.717919
1457.679455
1434.400140
1699.160175
1929.768903
2403.338265
1917.933804
2399.389626
2112.706954
1995.128937
1824.929366
1992.848614
2088.100449
2117.923663
1751.918053
1842.112317
1785.246894
1942.813102
2031.480296
2141.523604
2152.571531
1790.538514
1763.943914
2021.474630
2357.878668
1906.020064
2049.268920
1532.939147
1857.728004
1712.371860
1666.589707
1702.180111
1627.462311
1581.573171
2010.598681
1532.544767
1519.613340
1612.259663
1933.107925
1711.590042
2029.470869
2344.205272
2539.560201
1514.488404
1898.058511
1388.874996
2079.980931
1459.589585
1454.367021
1417.000800
1600.037033
1345.863577
2032.041083
1439.633249
1170.970805
1240.720644
1584.058664
1640.189450
1964.622728
1734.594686
1736.265046
1938.687649
1751.077435
1608.230485
1707.389949
1369.472170
1780.978086
1555.476701
2147.133746
2154.446316
1431.532539
2280.542317
1516.975698
2037.520451
1706.899005
2176.083173
1565.173293
1701.756497
1814.194157
1707.309095
1545.695668
1929.811974
1520.099349
1778.106364
1681.784259
2104.458097
2031.336044
2410.569740
1608.495178
1459.858860
1704.416286
2002.183549
1592.570296
1816.926249
1964.331150
1804.999332
1973.449055
1927.262337
2496.746900
2118.503616
2081.408489
2014.981499
2545.536564
2866.964935
2284.126530
2073.733386
2211.522742
1490.788155
1576.667994
1685.494895
1623.777816
2151.939647
2151.491948
1561.565120
2269.253604
3114.466431
3121.974607
3278.924184
3114.357379
3168.308126
3106.873460
1610.109101
1600.057239
2025.094324
1881.671578
1810.575813
2563.026333
2721.774816
2831.182498
2916.644987
2777.452718
2875.646482
1728.312894
2956.275874
1977.210033
2025.468266
1802.792537
2058.804400
1707.974654
1745.902081
2085.180763
2940.500386
2498.773082
2090.541652
1792.853619
1952.973015
1781.216414
1922.776896
1906.902843
1858.523626
1910.734104
1933.599279
2647.764236
2122.982074
2236.832413
2078.296504
2262.058418
1644.895466
1614.778502
1854.187373
2026.597424
1373.115992
1550.375173
2081.413406
1544.340927
1916.619821
1960.692822
1953.928330
2170.416914
2211.886161
2074.740812
2083.903226
2259.605830
2175.513907
1135.029749
2005.926139
1532.715730
2657.172915
2465.704666
2237.124794
1501.776326
2661.723917
2558.284547
2435.970775
2640.740512
2719.021501
2507.988357
2800.697935
2721.525487
2736.353379
3201.232253
2607.582559
2284.895794
1689.273712
2395.108628
2286.881987
1889.055102
1340.394574
2023.734034
2016.910639
1974.106487
1965.461303
1844.929815
2507.049618
1754.627110
1840.059037
2094.868141
2086.232752
2111.151479
2013.106788
2038.095253
2566.153903
2016.177822
2019.866413
2013.288717
1260.475467
1685.868711
1567.386078
1486.569273
1739.607400
1603.087990
1580.514345
1413.709047
1681.968729
1416.083568
1392.376290
1758.107257
1767.357145
1649.337441
1573.212031
1921.365452
1670.801149
1881.231948
1582.817404
1321.034628
1718.399610
1804.659334
1460.287591
1758.121597
1736.882405
1799.169512
1345.557399
1496.496758
1628.132850
1477.419851
2263.065640
1877.673027
1825.828511
2029.009419
1775.633703
1985.188844
1701.242106
1495.882564
1486.963302
1617.674870
1614.887893
1745.998953
1604.657922
1481.807736
2100.230601
2617.197300
3264.610560
1858.245721
1682.200548
1616.615662
1705.892529
2035.905663
1768.263666
1772.111516
1767.208491
1304.709938
1385.915827
1352.002496
1693.554618
1508.812898
1742.391300
1631.195554
3229.194990
2622.960835
2736.779608
1938.745902
3240.660180
2866.508125
2894.075045
3005.878317
2980.101650
2964.543912
1475.356631
1627.064736
1593.027377
1410.135755
1320.440204
3127.672398
2424.064861
1981.828260
1849.639770
2026.509697
2320.079507
1767.554506
1844.833367
2393.246256
2086.857422
1898.354862
1909.299659
2238.666673
1881.750484
2310.603162
1828.146578
1744.534629
2858.469831
2996.367094
2869.094624
3265.608376
3186.293632
3308.056004
2104.810762
3267.979196
2939.159137
1799.592792
1989.185793
1666.465631
1702.340368
1582.871734
2016.272314
1719.321174
1985.402922
2319.786404
1818.963782
2044.684064
2096.493448
1816.421003
1838.180948
2263.489149
1869.152330
1880.075872
1934.906059
2092.482781
1463.591845
1812.156313
1614.258311
1720.395494
1710.054660
1765.525342
2026.669104
2552.590487
2132.759209
2431.089131
1829.810218
1976.233678
1539.228340
1661.725677
1361.261246
1241.627839
1975.777881
1538.409326
1563.487715
1370.275408
1550.610920
1688.033681
1729.428064
1629.023300
1462.751795
1717.759116
1947.555480
1650.700331
1700.355365
1611.810396
1753.007349
1814.282162
1673.076547
2346.383260
2170.500797
1555.776237
1767.022683
1533.869799
1806.779966
1703.808248
2392.617968
2079.215976
1822.279446
1772.511744
1791.323238
2130.789235
1856.888768
1924.948262
1650.285540
1665.186338
1912.568842
1674.216698
1648.412324
1663.379545
1757.305463
1801.634844
1612.423573
1822.648371
2173.598983
1730.606874
1855.317549
1991.483410
2334.202262
2036.426595
2469.824566
2351.508655
2177.964585
1792.689639
2030.161372
1668.278417
2244.626692
2363.305562
1768.493298
1570.447286
1887.754949
1854.349537
1915.443197
1631.567031
1779.912591
1687.606039
1731.612686
1826.478542
2387.764634
2565.210801
2121.246414
2280.643837
2381.715742
2109.014986
2264.783381
2204.625228
2405.688790
1972.868009
2514.365324
2953.893354
2236.966754
2350.377278
2492.730851
1172.522857
1290.658299
1524.006923
1743.450829
1776.538680
1992.509923
1827.392730
1589.184564
2007.304082
2046.421103
1887.465203
1973.927654
2390.858922
2397.003784
1462.844021
1676.014688
1591.341850
2060.218841
1427.956153
1485.975915
1933.059506
1291.562648
1242.496353
1618.534384
1237.597887
1171.146559
1296.972978
1516.114259
1768.330231
1754.611750
1976.484851
1762.705574
1378.218773
1388.984539
1911.986392
2491.233868
2382.771899
2262.449122
2032.199539
2458.497750
1970.745915
1951.857557
1733.266801
3457.142639
3296.241444
3367.912160
2838.327313
1850.187851
2351.521060
1955.352805
2186.771956
2214.786802
2239.383511
2217.169376
2384.557449
2142.421368
2228.384265
2254.293572
2074.362117
2069.468908
2167.487867
1920.601890
2184.998675
1814.443521
1772.321419
1992.427537
1582.117735
2358.814383
1872.490843
1735.956561
1574.873759
2212.423511
1731.037487
1984.778209
1810.201208
1796.935416
1809.832250
2094.143249
1879.700672
1807.943381
1550.883730
2013.319415
1993.736621
1476.476595
2605.825009
1608.568927
2002.044096
1707.331878
1525.562940
1429.864458
1766.979303
1767.696418
2182.084431
1657.110737
2466.047104
1575.647324
1843.469770
2172.934983
1648.360547
1893.169746
1815.622739
2177.676967
1893.072964
1716.766015
1857.533632
1655.994922
2011.198598
1334.966879
1753.181155
1525.530478
1505.823671
1793.057236
1617.116542
1632.152958
1389.882900
1577.186127
1646.371055
2128.226937
1673.187200
1576.671512
1530.719263
1664.613897
2104.273316
1737.519204
1792.969193
1471.724733
1654.437620
1929.716376
1804.729715
1698.458262
1390.669338
2139.526608
1377.063531
1418.988520
1391.976204
1473.570062
1998.497394
1479.192322
1520.197751
1627.149347
1461.905268
1652.470092
1477.221218
1383.967034
1664.194108
1490.821437
1470.199039
1678.195585
1673.555805
1508.661149
1570.711920
2401.667154
1813.609453
1994.751816
1948.460068
2184.215866
1950.707047
2006.004307
2171.798937
1817.845729
1719.861626
1672.011055
2091.400277
1667.423924
1465.766292
1471.065166
2189.102229
1871.926695
1596.368444
1305.656982
1885.016759
1548.962725
1724.156730
1456.043850
1488.312876
1355.229041
1432.934934
1178.020948
1666.366397
1222.603960
1467.456025
1552.022654
1216.132954
1578.627402
1474.052248
1520.071623
1603.237326
2053.512436
1567.255900
2296.199213
1536.034746
1436.740755
1966.424500
1604.559322
1568.860350
1917.016443
1476.362582
1880.134021
1749.359664
1740.220704
1477.512065
1525.315220
1699.403537
1294.156517
1568.232051
1860.697769
1858.046905
1817.424416
1332.635714
1595.391447
1273.541494
1366.207478
1724.479478
2031.976361
1772.318751
1407.263571
2843.611566
2726.714244
1748.073207
2031.008245
2257.377130
1889.318822
2058.616749
2295.681048
1994.847087
1923.426224
1897.229649
2037.650873
1466.977388
1513.026132
2471.210180
2097.989754
2217.663350
2130.091336
2050.526106
2043.343798
1928.813324
2161.808442
2065.347244
2589.380618
2773.035914
1581.026961
1584.264189
1936.601284
1705.530901
1930.331461
1771.677761
1916.886043
1917.620945
1807.672653
2632.576702
1865.317298
1966.751269
2021.694646
2941.784026
2529.859294
2409.830204
2033.494036
2477.054429
2100.425040
2951.311292
2933.251261
2945.429981
2077.690551
2948.363566
3043.519610
2938.856893
2740.662624
2701.690665
2857.526539
1481.787772
1795.969424
1603.734498
1689.932051
1750.955781
2264.291296
1916.146433
1976.373025
2334.829366
2422.822702
2041.480266
2474.482506
1606.670587
2219.240428
2045.539000
1509.066489
2006.010069
1846.089184
2308.202348
1901.981213
2666.729771
2247.167705
1821.861421
2484.463484
2073.566605
2762.491591
2160.221750
2111.110774
2151.199713
1898.610064
1785.363547
1723.688209
1693.162000
1472.291992
1659.854801
1922.476144
2040.209177
1618.418064
1903.414139
2087.872283
1613.791702
1815.517919
2093.594442
1795.956409
1630.659660
1674.255343
1536.155985
2225.040354
2217.424058
1685.078732
1522.596197
1794.461243
1750.439535
2039.748747
1847.005184
1868.076666
1946.490293
1758.956288
1788.645917
1587.338323
1797.199578
1797.482998
1867.082023
1776.259423
1427.764618
1549.785328
1550.503112
1476.439486
1676.891590
1403.247374
1805.934171
1634.302095
1591.745316
3003.251765
1607.248728
1216.516467
1641.050607
1586.134881
1477.256732
1338.261082
1510.341578
1292.791393
1297.460293
2705.049878
2176.866887
2087.250822
2698.955599
1929.296057
2276.877706
3454.092667
2056.776252
2091.433729
1825.720278
1339.196640
1667.030639
1808.195784
1539.113189
1414.900143
2741.577638
1471.942367
1807.459825
1479.410865
1823.945560
1455.189300
1849.841226
1627.751122
1591.472716
2050.270356
2123.528925
2153.554347
1662.252403
1396.720087
1432.542530
1466.476784
2007.025800
1986.108696
2070.863498
1858.178499
1776.027840
1692.669675
1754.260720
1434.596970
1595.239193
1421.425125
2035.550255
2023.751226
1776.242534
1732.658995
1697.557187
1879.009931
1686.753284
2625.228458
1859.619950
2036.133928
1620.489952
1726.547041
2078.885198
1552.311911
1616.006994
1861.993428
1854.055275
1743.790251
1880.467940
1538.250885
1972.261365
2255.683202
1996.950745
1993.170838
2357.439146
2890.242349
1961.974514
1627.089102
1917.654854
2006.192578
1721.716004
1771.543366
1716.028659
2291.818806
2131.251967
1832.602139
1702.697102
1729.557967
1562.497035
1424.944301
2073.595302
1377.198606
1466.168873
1558.060290
1759.887475
1911.552655
1902.391502
1678.755750
1874.604933
1282.922285
1834.140127
1980.337378
1981.344209
2216.350267
1876.874607
2003.913233
2049.940093
1938.278879
1972.879692
1878.470648
1818.869353
2166.622345
1738.604712
2045.305912
3514.380010
2617.298189
2011.129008
1908.786765
2060.898586
1848.660703
2001.486843
2213.135226
1941.601447
2417.530346
1597.388823
1784.768200
1693.909014
1980.314051
1990.852676
2039.651576
1865.093787
1666.734913
1772.406036
2287.690125
1673.434457
1554.959271
1812.110953
1366.051598
1999.888991
1858.372143
2247.857969
2146.905678
2025.553702
2502.002929
2575.064891
2336.138544
1991.613155
2189.268372
2195.113095
1980.999850
1865.121497
1867.059193
2511.183353
2479.441462
2945.649956
2708.047930
1980.637049
2110.244836
1571.742536
1903.468086
1918.307843
1747.533424
1454.009851
1564.171306
1831.985700
1485.341766
2149.580567
1438.139103
1514.944832
1947.006423
1542.214998
1328.201621
1371.875746
1430.248373
1488.529265
1530.292612
1167.911115
1287.219233
1880.548950
1921.185447
2044.611367
2156.794522
1938.344618
2083.498366
1875.006866
2110.318918
2141.667690
2203.567894
1925.125337
1928.835551
1995.592050
2074.052381
1830.935452
1765.748838
1767.378752
3309.802882
2458.434709
1837.094384
2491.447901
1306.548702
1408.994555
1564.841386
1863.684824
1945.194241
1554.310576
1560.704465
2314.763155
2025.355338
1956.425191
2079.762776
2432.090109
2540.518408
2186.063306
2411.235584
2477.210982
2376.748664
2087.555945
2190.439895
2128.614607
1919.220591
2172.971102
1936.861060
1873.385900
2203.524211
2283.352859
2465.119688
2318.119060
1781.658645
2350.421734
1576.071460
1252.251251
1247.751870
1748.458726
1479.239345
1417.220442
1566.071147
1382.605229
2076.921954
1549.418953
1417.983638
1811.274728
1406.769768
1500.836920
1787.852424
1932.774511
1897.449021
1910.324439
1592.837859
1823.824837
2126.987560
1795.794690
2250.090042
1943.836316
2719.504331
1416.700840
1613.433825
1546.575413
1588.369757
1423.516852
1633.406750
1428.268319
1510.947933
1811.833726
2141.415003
1808.099128
1810.028341
2705.846949
3104.668506
2472.813896
2212.011299
2007.335956
2237.179945
2453.015468
1768.289901
1954.214540
3242.481766
2691.939723
2683.557198
2268.647620
1966.975774
2351.798466
2022.254428
2206.380527
2460.767384
1836.182501
1920.781049
2030.738190
3078.276635
2866.071666
1507.456392
1601.661346
2351.307417
2100.511833
2360.983812
1508.804253
1653.729188
1645.890202
1681.562811
2291.687553
1478.012666
1600.336202
1751.907292
1701.943788
2267.969270
2820.317008
2562.996801
1569.519054
1625.759382
2149.813927
2158.170380
1657.238478
2541.669482
2542.758869
2035.363370
2197.088710
2233.029542
1934.701153
2624.036944
1759.385627
2135.415268
2054.948076
2184.797993
2845.324984
2821.044621
2661.725656
2346.873339
1978.625693
2036.976990
2142.894691
2534.918239
2352.143033
2845.379825
2602.559284
2667.845048
2947.871244
2726.846247
2546.972387
2028.248530
1863.914030
1873.102574
2556.440837
2572.789515
1976.209410
2418.397974
2411.867718
2561.032687
1306.565905
1916.650935
2149.841701
3360.446453
1823.916268
1700.593621
2434.824917
1499.955507
1494.320318
1490.319143
1489.653004
2254.531955
2167.206498
2170.725993
1892.210267
2507.661456
2019.791508
1863.905793
2418.075408
2162.391286
2053.818290
1990.202652
1989.547452
1980.795246
2028.387880
2212.539999
2193.730642
2416.562136
2524.436040
2168.964257
2393.208499
2252.878682
2409.104707
2958.828142
2758.121824
3015.457835
2800.836062
2822.757400
3050.976074
2881.726306
2870.469031
2856.936629
2595.933987
2755.030606
2564.602882
2311.702215
2375.874274
2089.747352
2074.171647
2056.590192
2322.278951
3364.887768
3001.429506
2254.355430
2683.339931
2406.401135
2202.502575
2176.361869
3010.442549
2770.375928
2621.880108
2562.959763
2270.517405
2651.611979
2071.746795
2005.710603
2088.722099
2496.658310
2411.787191
1935.860381
2445.949250
2535.472108
2397.464141
2075.112483
2131.061914
1973.451081
2360.416961
2452.043865
2435.674566
2186.512673
2118.713884
2063.754104
2521.096905
2524.030320
2613.768156
2579.247979
2535.453015
2486.510103
2388.537420
2552.690981
2952.281012
3430.319339
2771.891892
3029.534295
3153.168723
2799.496042
2956.528961
2865.257797
3096.884877
3258.863448
3066.012679
2594.080320
2917.599392
2953.596303
2693.744637
2775.045116
2488.849977
2229.503674
2294.537191
2601.539542
2440.550776
2880.996290
2728.416198
2457.064099
2656.221119
2022.613278
2655.720075
2221.199309
2315.531752
2143.839891
2301.014204
2276.989036
2665.994082
2055.043229
3110.621247
3158.262664
2818.655129
2006.668315
2193.973193
2110.807253
1846.301137
1488.113654
1500.190925
2034.776252
1749.037511
1799.815363
1587.069145
1679.846288
1864.880074
1703.292123
1898.539222
1627.849906
1814.657802
1819.261240
1807.091721
1868.568969
1802.884106
1766.984457
1703.442641
1675.956879
1563.881760
1851.818137
1881.581196
1531.092613
1679.205959
2106.228704
2281.776382
2244.723635
2277.638056
3068.782881
2265.366527
2835.256328
2820.158202
1901.808037
2450.397239
2457.989518
3063.060959
3201.160229
3114.190639
3054.689773
2448.124796
2139.828230
2187.181615
2593.591659
2513.055233
2112.781164
2266.842165
2210.233900
2369.797913
2424.361559
3173.710174
3272.905453
3069.173837
3161.217541
1908.412372
2308.000371
2148.352139
2559.748509
2278.345325
2351.668901
2225.569341
2350.534155
2944.089167
2866.757097
2952.879025
2758.309191
2850.054199
2185.358534
2425.466529
2580.056828
2933.811347
2032.800326
2221.981358
2104.087874
1921.957767
2049.863082
2576.576316
2255.768194
1699.006362
2878.872741
1973.357149
2217.015164
1880.036536
2253.627129
2042.272278
2049.186171
2322.197312
1853.345573
1803.611033
1963.653809
2252.170972
2320.351381
2030.393388
2120.418855
1832.334008
2162.981187
2101.800810
1931.084357
2135.010190
2058.183472
2412.980427
2287.138666
2216.464904
2927.660360
2972.998613
2040.270646
1945.602398
1943.515694
1984.641146
2264.569736
1881.382282
1871.304174
2062.995575
1916.554400
1939.681457
2102.106185
1848.475475
2204.372140
2167.266618
2312.834411
2164.188248
2387.652011
2281.122515
2355.597314
2907.704786
2253.027827
2093.027475
2899.276674
2769.425796
2553.708895
2355.946021
2338.073442
2251.742718
2892.349795
2518.817606
3625.272260
2530.586824
2413.545924
2635.385120
2952.622682
2647.916442
3060.209719
2028.516725
1854.566799
1826.899938
1913.475724
1729.468300
1772.307404
1863.212630
1985.764325
2107.686797
2239.607415
2137.733241
1995.533515
1713.367002
1737.013342
1822.898524
1820.559941
1949.035360
1832.923748
1945.680760
1940.886954
1809.835225
1714.790666
1963.240261
2434.320483
1852.643702
1985.497871
1721.786020
1845.964549
1947.509590
1846.316495
1818.942927
2097.205116
1939.264981
1985.667092
2418.350609
1943.732298
2053.908228
2053.849053
1986.575764
1766.286814
1644.342497
1696.820388
1884.655163
2324.572600
2038.740135
1698.672708
1824.388042
1888.836687
1745.086324
1953.049196
2096.876454
1950.611800
2104.089692
1751.566362
1987.431016
1719.861158
1800.584997
1742.784905
1901.045321
2636.605834
2629.636101
3163.714293
2525.607240
2183.575944
1944.139346
2196.010531
2177.634445
2274.535153
2199.553606
2032.173273
1956.424941
2026.662421
2014.239437
2275.195263
1862.184801
3281.196560
2540.146201
2417.399791
1891.472616
2309.328325
2017.685060
2381.693813
1842.653808
1901.699430
1853.516024
1855.995273
1941.934317
1609.400535
2002.052236
2171.666506
1763.561044
1670.269098
1861.992692
1661.836695
1737.583831
1958.463417
1742.623708
1816.537426
1511.520585
1968.743720
1640.919035
1926.511398
2038.369526
1808.742622
1860.392720
1859.980580
2586.753587
2380.983637
2422.229448
2160.864839
2417.173171
1979.261577
2309.900326
1728.321052
1994.510693
2094.925600
2141.122361
2129.781817
1698.291485
1986.814005
1701.982047
2187.549439
1810.482425
2008.570468
2127.155172
1833.055456
1885.288816
2267.158459
1995.464019
2231.555298
2221.472433
1922.834308
2575.788246
2994.932112
2951.054622
2000.875330
1433.320913
1778.942675
2120.702384
2090.295085
2439.350139
2172.680499
3048.113945
2644.418454
2711.454714
1885.232287
2337.337611
2123.621078
2340.637803
2271.186716
2479.253512
2304.834509
2224.623115
2280.747231
2478.891660
2667.677665
2477.686195
2229.347818
2266.810399
2191.345022
2145.725630
2405.816149
2388.758567
2286.531625
2256.097552
2130.222969
2011.351421
2050.550540
2219.144367
2216.178367
2373.996338
2141.550803
2187.748358
1959.158419
2051.499077
2256.825345
2229.819281
1517.364645
1638.083148
1583.421208
1724.522505
1626.497999
2488.712609
2459.290417
1843.342177
2025.150399
1665.688785
1628.733263
2124.315947
1651.577995
2508.711502
2691.690623
2171.909918
1796.000814
1799.472299
1752.945386
2224.621266
2202.946685
1901.838936
1858.109400
1758.822102
1660.066916
1822.140061
1416.057210
1385.963566
1477.241064
1376.439433
1773.492623
1342.662150
1383.251827
1709.195390
1884.259557
1783.005784
1719.199835
1873.918555
2238.305452
1393.179017
1524.248614
1617.850600
1292.913499
1328.022209
1570.301488
1563.986057
1213.063517
1663.091489
2171.482716
2051.615377
2347.572762
1719.850269
3286.130034
1762.792088
2406.807579
1700.959166
1641.707016
1803.077901
2209.257177
2214.256380
2264.352613
2102.727850
2130.358959
2401.629987
1312.839460
1794.264965
1299.045304
1575.710798
1515.165971
1485.750264
1421.518676
1610.066075
1960.342947
1523.077663
1518.454168
1455.732732
1414.817799
1960.995728
1771.024624
1610.886167
1840.684716
1766.822510
1678.839154
1812.115976
1759.512852
2245.372087
2364.162197
2342.921172
2563.383242
2181.995369
2344.020716
2464.454522
2359.645786
2323.851102
2195.623412
2274.912642
2091.509818
2067.870005
2378.261061
2496.802825
2218.845305
1691.029182
2016.866085
2096.941239
2437.391626
2224.851759
2054.282574
1945.634546
2358.220624
1727.123393
1609.386610
1589.277249
1800.914372
2003.176682
1499.683150
1745.085106
1684.274619
1957.998865
2139.207693
1921.202808
2249.400085
2305.539373
2351.977231
2177.524145
2230.356752
2200.549338
2413.478865
2389.331072
1877.019064
2429.189432
2321.273330
2296.754926
2687.504063
3462.890186
3336.143692
2068.870679
2038.989164
1995.593538
1890.856037
1838.785016
1405.441861
1768.687986
1864.295926
1857.640451
1690.576575
1669.271319
1502.079462
1493.542375
1652.484495
1679.224425
1405.408334
2521.507317
2530.030771
2417.836160
2382.428937
1777.702541
1644.735621
2039.225783
1622.189998
2016.083289
1711.117908
1802.267672
1697.916459
1550.751761
1560.256342
1648.850989
1677.400025
2071.515087
2115.109070
2305.438450
1691.390083
1532.291367
1527.777889
1577.963483
2010.820744
2128.337541
1649.043993
1719.499992
1998.429427
1861.955448
1978.649446
1745.531118
1889.920090
1795.304394
1779.754962
1689.916316
1793.915007
1684.177802
1833.892243
2404.448209
1968.101839
1881.957536
2146.757696
1770.163410
2147.587503
1949.407188
2787.094918
2218.700846
2195.613808
1800.222836
1980.372663
1715.548265
1944.941559
2444.689313
2581.421648
2031.128124
2047.547543
2162.237367
1823.157627
1766.454217
2040.722857
2306.483757
2052.932041
1693.201329
2001.021944
1686.079908
1650.524862
3061.703351
2813.228960
2704.842243
2607.804286
3024.732490
3499.911889
3342.819542
2407.112891
2822.796819
2521.674246
2979.844037
2846.401842
2225.642750
2913.957725
2496.746256
2221.191497
2587.946020
2424.522763
2558.605928
2066.647899
2065.220375
2464.518490
2258.115516
2171.375778
2880.779980
2252.349900
2632.161916
2135.665521
2791.177008
2908.313347
2654.790296
2057.605077
2566.647719
1680.186932
1685.324326
2751.854888
2531.560554
2061.215359
2039.745000
2513.440836
2066.047489
2147.112236
2566.716486
2178.059194
1880.387370
2248.982305
2209.542093
2012.436953
2286.856145
2236.989991
2170.185204
1916.565307
2220.742559
1619.691766
1954.961221
1680.292830
2150.160389
1843.195261
1755.828827
1918.858928
1899.428461
1970.348341
2310.399515
2434.919495
2005.084561
2041.559491
2159.205416
2278.133010
1953.484521
2291.187916
1954.837917
2530.773587
2548.646055
2829.465662
2749.708546
2298.398114
2263.665456
2127.863446
1746.409775
1847.214138
1672.475200
1889.838592
2307.147261
2161.870315
2505.564407
2046.475608
1816.711770
1885.054039
2023.505442
1791.107786
1725.670629
2047.574181
2221.480120
2172.294704
2061.508852
2678.147997
2723.161791
2703.421004
2546.060702
2097.007521
2806.171263
2770.980152
2786.405668
2704.260947
2696.024098
2686.985804
1584.696299
1594.578913
1656.802711
1503.013311
1601.972559
1774.708657
1593.276636
1858.659468
1842.705319
1553.409739
1934.139625
1846.431574
1698.708629
1950.019155
1726.064420
2380.534791
1934.765920
2194.013820
2794.381863
1397.543857
1958.035050
2369.226273
2481.048674
2286.976279
2177.763827
2422.381529
2519.947601
2114.622895
2707.202921
1547.719790
1686.957663
2033.122233
1676.647576
2387.316317
2198.180564
2525.652789
2282.782880
2263.503488
2173.710796
2323.613493
1990.280890
2460.799945
2382.455821
2389.000196
2386.727585
2320.285949
2620.464178
2953.818575
2029.036528
1847.751650
2461.303879
2187.565011
1964.420437
2105.161053
2075.457935
2054.184067
2787.111449
3037.425779
2199.107043
2074.164945
2232.652483
2332.126019
1899.175006
2545.372946
2366.398156
2408.079381
2662.041810
2046.875009
1827.086703
1545.459256
1914.571780
2645.176424
2901.706708
2251.528042
2022.966697
1998.989743
1928.753590
2498.763850
1677.845636
2040.584996
1809.538709
2491.339196
2807.340191
2225.103430
2577.298148
2558.250769
2861.079904
1830.166621
2147.395581
2137.197241
1882.556570
1870.216018
2644.755470
2363.899409
1954.443261
1959.421434
2442.905543
2032.696091
2098.932415
1923.753474
2222.695571
2238.068650
2064.081635
1986.085011
2097.142988
2210.847876
3058.868100
2246.978184
2608.688150
2928.585500
2222.877727
2351.533539
2026.430418
2456.960204
2023.944224
2572.866516
2170.603255
1845.806695
1851.169268
2004.062824
1641.517273
1773.457825
1763.577023
2147.883454
1946.477976
1887.272931
1522.550436
1650.090127
1947.372463
2586.969377
1935.928619
2143.241840
2245.248777
2237.690989
2358.939029
2315.814740
2099.203099
1953.001689
2426.865188
2345.714920
2769.820082
2143.707713
2189.731898
2245.797533
2158.939894
2204.285604
2315.305521
2217.760777
2079.450661
2755.104802
2164.711859
2563.959652
2150.139405
2097.930438
2831.902452
2512.314817
2277.939844
2199.280149
2598.329384
2190.494685
2191.148603
1997.009028
2244.740052
2398.494059
2756.131870
2195.789050
2167.351644
2295.630379
2603.948933
2771.974522
2194.954378
2242.546700
1968.467551
2447.429342
2037.767758
2411.692253
2252.745594
2795.790127
1862.455062
2614.168533
2106.186085
1928.337516
1955.917033
2145.884058
1970.222740
1949.005170
1904.025091
2065.650995
1972.422803
1994.210280
1988.385924
2177.762009
2148.948574
2150.537920
1830.312542
1912.061245
2328.548940
1860.936530
2209.278005
1721.437236
1868.498424
2283.971168
2276.909381
2237.002172
2254.028435
2288.284907
2108.015064
2630.741294
2569.550668
1973.353816
2120.551444
2050.604987
2013.646693
1861.752366
2010.327559
2032.979429
2697.873396
2967.468118
2150.729437
2243.588031
2471.408644
2882.574623
2901.716222
2196.212758
2328.697541
2777.159594
2867.334780
2530.524300
2795.366932
2563.006425
2598.889375
2799.794697
2794.598247
2408.186319
2563.213097
2572.730891
2673.476121
2841.164024
2736.600961
2783.919777
2664.172711
2467.933787
2731.127293
2966.953934
2724.441919
2576.045462
2999.956274
2654.305603
2760.954727
2531.800531
2793.128422
2200.609901
2918.527092
2475.952413
2347.994955
2099.103431
1809.976195
1930.731906
1826.238853
2157.511713
2138.430445
1939.271306
1930.532815
2587.121423
1861.697480
1938.937695
1779.033593
1778.979920
2059.376973
1692.815880
1764.445669
2047.882401
1912.539199
1947.412057
2040.776601
2040.101630
1940.595356
2210.537048
1862.320463
1968.403704
1619.178965
1831.701539
1975.891608
1865.872667
1833.628000
2178.979935
1760.563810
1871.409238
1969.302109
2078.194429
2462.869170
2105.800824
2794.761166
2805.454847
2393.931535
2347.270417
2668.139463
2642.923183
2458.234057
2545.273116
2424.950580
2276.713792
1850.440884
2074.728157
2073.888087
2318.929711
2255.947229
2180.970343
2234.236217
2036.629028
2037.738883
2358.454759
2765.984860
2651.029576
2674.925293
1987.975074
1866.726892
2273.587138
2078.737893
2322.760781
1985.730303
1991.131532
2276.236898
2141.034087
2263.436166
2086.230130
1920.794343
2099.433460
2332.156615
2102.203011
1992.257776
1898.675540
2198.863500
1711.472281
2261.584707
1873.107738
2124.441926
1986.804304
2143.895857
2137.353430
1851.314742
2130.699441
2259.882921
2804.390771
2698.988988
2310.309154
2508.761777
2597.696150
2707.895260
2827.065225
3025.039265
2451.412775
2659.894856
2959.078456
2200.409574
1969.015083
2305.115797
2192.331215
2600.740822
2809.308604
2421.272863
2682.497064
2168.036053
2360.790589
2368.547764
1964.456107
2178.673593
1791.904171
1613.627858
2809.594778
2803.380894
2895.005605
2695.926161
2854.177289
2205.654831
2861.130032
2494.915811
2883.077568
2521.441919
2301.340085
2472.417197
2269.564722
2084.797472
1845.648671
1893.833664
1786.200365
1890.925381
2305.499715
2627.842978
1944.868997
1605.193134
1770.055177
1914.845846
1823.919352
1694.506178
1835.372414
1744.210720
1827.022191
2190.576220
2583.373099
2334.973231
2410.532469
2150.256278
2400.435237
1987.060828
1535.158465
1911.310234
1916.078699
1949.522659
1898.772812
2117.364379
2012.551978
1756.960776
2119.932630
2074.046040
2497.804580
3181.470879
2604.342784
2590.232278
2808.995474
2485.872444
3061.958805
2243.595756
2156.892414
2183.031473
2119.272453
2222.651649
1787.481465
2424.655471
2456.424057
1943.432551
2472.059768
2520.617818
1791.022008
1929.320319
1807.433049
1847.660512
2362.180589
1849.706596
1427.270336
1412.875381
1678.888011
2053.446099
1922.937869
1964.752342
2166.038247
1393.583862
1659.497689
1506.523648
1487.581603
1614.057037
1438.508813
1610.465053
1552.081949
2337.377725
1862.829265
1524.160621
1655.870978
1430.675028
1701.349359
2369.418115
1591.644683
1605.415666
2057.494058
2296.730156
1865.175395
1643.070723
1775.517021
1955.631516
1740.625696
1606.362666
1805.289818
1648.848323
1918.105352
1789.630124
1643.603306
1693.578409
1824.245757
1857.027083
1805.756560
1799.057212
2067.906152
1699.720706
1298.567604
1598.591939
1738.592113
1859.319401
2180.994378
2043.861558
1505.749331
2024.684099
2326.052245
1644.888711
1726.316492
1945.694537
1677.041766
1901.372559
1960.254912
2296.598632
2880.577080
2002.660777
1881.776131
1685.336885
1934.380576
1847.329647
1848.037915
1683.928517
1763.395363
1432.992604
1930.483510
1474.059021
1639.737934
1685.116556
2284.327776
1881.299144
1561.264457
1731.317272
1637.568945
1462.631974
1786.357632
1454.677683
1439.293826
1715.372810
1776.406135
1639.370850
2028.243698
1762.040385
2241.895941
1600.014359
1508.124450
1354.442335
1969.330950
1512.601460
1438.262761
1656.815215
1340.321769
1265.785295
1910.945263
2006.260214
1807.491944
1808.508563
2195.553798
1478.062917
1611.550349
1802.956088
1773.533657
1990.738572
1530.245604
2337.724477
2419.134558
2529.611472
2514.596018
1917.413812
2891.642219
2864.725156
2782.896308
2179.184576
2202.431955
1741.316451
1551.289322
2308.840385
2422.846943
1824.318705
1743.754879
1863.921401
1996.611085
1787.764557
1763.838901
1996.024913
2367.316545
2188.356204
1823.631195
1842.321178
2137.643682
1881.900624
2157.059164
2270.493845
2126.911415
2137.963542
1949.196987
2502.891459
2122.757154
1953.779994
1978.757795
2103.545899
1980.832676
2036.211669
2366.103594
2216.155863
1743.395323
1781.697511
1588.209748
1451.562718
1654.440562
1782.241413
1816.628010
1605.372399
1848.971150
1726.150994
1764.279980
1676.665763
1285.630748
1515.118049
1421.719142
1516.503668
1763.165705
1249.296326
1534.295646
1652.127434
1910.772128
1554.058746
1448.225585
1616.843364
1762.356017
1787.323776
1830.730624
1659.495510
1399.340060
1476.398019
1786.532817
1595.363490
2244.951565
1502.133100
1461.724573
1888.088427
1629.642164
1669.569586
1567.046376
2286.884213
1907.428908
2231.217722
2578.336351
1725.417979
1636.792416
1560.231052
1892.419865
1848.325351
1471.032996
1639.842623
1698.813956
1675.394883
1531.734115
2305.522124
1464.336393
1599.941127
1826.002587
1421.156744
1598.132274
1600.732757
1947.769223
1716.029246
1626.162162
1816.408989
1570.363610
1537.530088
1946.723082
1909.074878
1464.111531
1670.656413
1847.687561
2034.495933
1708.882427
2185.700002
1821.817431
1714.267984
1453.631152
1729.105607
1664.205440
1575.710245
2053.994607
1596.971179
1464.100643
1689.586115
1541.175815
2049.458047
1639.766562
1599.755346
1292.241645
1506.405919
1299.648643
1792.646377
1829.641792
2252.941658
2227.922622
2036.373800
1557.774723
1566.686763
2119.440410
2511.031367
2274.526517
2314.793787
2397.437654
2607.753944
2139.580329
1890.708957
1895.053352
1878.557920
2737.086530
1814.512612
2496.465145
2143.827937
1838.189244
1954.601193
1703.705867
1805.139269
1881.177924
1800.216207
1989.028600
1771.246390
1925.535196
1878.048810
1539.985832
1567.425040
2011.380116
1658.284613
1550.533215
1606.361013
2298.549925
2245.384098
1859.683317
1726.744061
1475.671509
1519.083567
1870.782620
2706.684345
2436.221275
2031.948240
1779.783322
1926.548574
2158.824137
1960.256074
1721.637810
1813.963563
2327.028816
2005.095716
1660.059750
2265.009726
1671.034544
1467.998252
1429.667903
1583.420653
1716.860366
3192.695669
2583.815973
2768.292147
2670.771390
3583.856309
2670.961588
2309.295254
2427.786718
2575.623631
2050.361574
2133.941768
2565.893408
1892.224140
2062.522842
2041.642619
3107.047645
2501.660699
2455.098462
2573.471480
2583.549826
1950.352935
2328.898044
2062.161897
2090.972321
1407.746793
1837.023367
1867.044501
1705.780126
1920.490753
1833.456028
1902.034329
1700.721668
2042.131821
1654.623929
1574.492596
1807.184685
1503.307744
1604.555998
1651.932288
1614.358742
1846.773742
1852.258851
1475.478611
2047.308339
2646.447508
1832.173849
2090.120860
1908.348584
2331.601791
1857.770018
2045.595726
1925.188660
1555.560914
2146.658087
1734.106126
1541.026399
1985.983824
1853.614953
1569.776955
1457.089457
1298.438793
1821.966817
2067.353804
1831.512882
2001.672295
2292.361924
1906.525726
2673.376889
2264.902154
2257.817884
2246.314310
1832.358030
2092.417698
1375.422384
1524.452195
2122.757020
2049.258919
1782.034457
1566.954989
1827.896712
1597.410446
1858.455281
1753.340014
1893.628907
2116.772608
2272.603361
1985.853687
1961.510769
1917.312687
1724.979945
1731.362350
2098.238774
1893.576751
1712.985905
1956.653358
1644.115761
1640.638372
1606.327073
1591.369538
2138.216951
2221.920508
1486.391480
1839.199481
1544.354278
1971.891913
1815.144783
1618.800653
1702.485405
1898.103576
1742.520523
2273.516333
2468.065901
2275.742753
2570.192452
2619.738620
2358.817145
2369.741306
2092.535493
2255.035064
2094.001452
2272.308213
2249.527215
2183.176302
2480.157661
2715.548072
1574.851953
2308.233139
1648.622425
2062.133980
1657.503512
2887.989638
1992.074108
2426.489488
2160.397968
2044.860191
2045.340730
2213.103989
1508.467055
3581.581411
2113.256692
2394.044143
1795.610869
1865.062033
1613.406837
1663.176090
2052.480957
2043.953103
1830.317576
2251.884449
1866.763618
1908.543778
2103.686455
1774.705970
1785.615828
2326.975307
2041.906252
2165.980681
1946.465970
2862.995365
2659.586318
2498.910768
2521.133040
2405.430919
2402.461474
2357.511144
2495.480494
2435.789571
2758.528301
2760.030506
2568.489760
2371.315806
2463.562469
2173.551737
2654.024690
2753.456498
2693.091656
2280.178502
2087.318029
1885.991325
1879.579555
2243.071429
2652.006556
1990.602881
2315.965534
2268.152204
2305.782874
2236.041783
2629.211831
2656.678515
2840.294379
1417.610088
1429.032781
1516.833747
2214.145690
2305.866851
3368.212305
2732.956229
3738.184986
2549.002182
2476.708453
2293.571632
2269.365166
2287.795510
2315.566077
2298.218694
2106.602371
2139.060307
3823.443416
3307.223907
3334.842671
2238.446731
1796.539564
1903.796222
1684.746394
2047.564145
2269.642750
2353.588566
2630.889423
2017.051690
2684.959483
2035.186374
2660.598027
3032.370815
2865.887061
2674.508798
1426.430956
1667.337798
1843.047841
1477.775049
2124.766786
2705.291827
3109.247743
2873.312404
3145.594929
2922.831198
2961.689404
1555.113620
1322.855002
1639.742060
1632.846084
1519.976870
1074.729917
3371.022390
3007.209851
2947.258589
2937.740327
3032.768778
2028.741055
3152.417642
3065.372471
2742.938117
2646.076412
1961.107334
1838.837032
2094.893149
2628.364887
1664.707863
1921.204225
2590.161253
2039.815988
1813.997100
2097.744180
2286.368208
1959.077436
2385.550915
1969.560464
2197.695423
2079.713575
1873.134664
2489.113122
2908.260648
2057.605870
1864.407014
1687.240524
2925.362941
1924.968204
1869.238917
2516.673351
2589.034010
2964.378945
3087.180291
2122.541313
2274.208009
2262.776179
2658.437802
1955.015933
2141.255599
1955.006428
2430.345288
1886.793769
1950.013651
2726.605380
2767.494737
2329.179606
1875.274073
2751.486866
2160.732315
1912.934226
1897.382971
2689.027012
3109.814307
3016.616429
2767.468486
3069.889922
2791.908489
3138.042097
2872.468413
3144.217713
1932.389673
2092.639059
1742.484544
1812.622482
1988.596207
2140.237797
2039.393310
2147.755155
2871.512142
2652.750340
2299.759177
2561.003160
2185.294731
2257.561128
2648.641588
2668.502166
2133.882034
2198.914176
3067.680410
1379.254946
1975.675712
1437.303002
1386.262385
1504.518593
1941.930042
1577.920610
1516.580373
1246.873657
1325.405779
1515.540119
1470.482998
2429.344619
1637.674921
1584.801867
1622.513503
1959.980355
2125.549955
1960.647136
1931.611190
2599.859927
1902.470914
1949.118237
3494.999680
1621.715465
1543.960903
2288.309649
1602.920890
1563.923104
2050.656404
1599.780660
1945.352194
1737.610439
1684.395837
1730.433417
2379.540362
2306.473867
2036.474320
2512.209123
2375.704935
1668.680377
1742.253923
1464.006858
1516.888999
1471.069692
1453.217024
1455.836057
2172.103826
1296.689279
1170.493014
1334.878643
1768.644188
1531.257995
1465.810783
1992.374597
2163.881129
1950.645552
1659.457250
1704.091568
1852.656589
1884.883001
1503.580988
1638.645726
1606.454136
1499.367253
1153.736719
1764.565597
1691.467294
2014.308011
1726.992218
1743.094153
1857.831951
1894.623658
1735.568510
1936.759130
1652.301098
2186.684073
1792.103778
1777.519657
1738.438128
2046.359690
1644.295903
2118.686205
1513.826872
1466.124352
2211.026010
2085.627127
1756.279447
2223.690852
1673.200187
1349.709601
1229.710647
2024.845031
2037.947322
2021.790891
1713.608047
2306.356387
1558.599360
1451.067830
2313.170942
1480.783759
1481.894681
1278.453628
1205.523631
1276.101928
1830.764598
2303.577881
1942.432557
1729.794881
1654.063092
2221.192961
1907.320754
1675.012955
1731.161901
1842.803719
1444.231075
1942.411745
1483.667208
1767.416536
1760.428637
1425.640085
1770.697527
1732.325010
1629.858455
1876.706009
1893.012043
1547.154103
2006.536086
1652.753128
1951.048154
1817.151675
1504.868712
1970.074916
1569.103347
1748.721938
2101.737057
1581.774045
1565.315484
1468.805101
1691.743567
2070.270465
1462.382995
1702.316533
2230.142681
1878.811950
2002.503884
1859.171328
2133.659852
1544.456827
1697.723212
1858.591235
1720.181322
1905.793328
1586.734686
2128.876515
1503.747567
2423.892653
2181.092572
1551.056619
2170.605167
1558.741668
1597.090502
1459.234921
1638.008139
1422.677443
1844.832064
1286.605503
1597.553714
1757.814961
1691.217684
1286.092759
1155.639877
1763.311831
1990.751122
1355.547549
1793.911649
1227.518617
1599.486392
1769.562264
1407.198312
1435.901495
1627.544844
1452.135575
1283.944429
2459.023209
2034.285994
1282.794893
1630.948543
2761.280824
2061.462691
2091.479186
1842.864284
1423.218121
1463.335920
1563.975192
1675.625344
1673.031149
1417.760914
2813.098146
1312.947680
1691.973582
1394.873030
1908.192828
2219.340976
2250.208962
2090.231267
1902.095798
1896.358127
2992.968058
2497.598426
1551.690911
1524.339745
1939.541773
2151.228385
1824.635858
1769.867837
1528.377617
1567.384825
1855.023916
1639.706917
1106.387617
1233.632035
2014.067595
1417.741341
1322.336168
1450.390367
1718.377659
1285.337850
1586.507073
1644.423203
1514.385651
1562.826405
2320.977046
2247.724722
3224.428671
2755.653852
1919.092641
1865.980606
1178.046871
1168.075852
1933.957987
1596.754588
1375.488133
1970.545124
1502.094325
1562.435473
1377.066439
1792.763844
1536.689774
2200.973478
1871.808601
1306.436185
1290.651787
1486.193815
1939.870002
1600.818612
1370.709414
1747.712955
1926.160050
2133.002519
1375.456944
1365.165294
1919.380994
1651.576618
1585.823021
1949.439809
1538.596324
1337.848074
1606.937647
2240.076591
1699.724702
1860.165636
1529.480520
2542.593158
1444.416830
1429.675276
1648.519057
1388.074594
1689.092390
1752.854998
1753.242096
2030.865425
1929.478640
1851.752706
1961.047803
1825.080816
2086.418696
2639.361286
2309.873326
1492.150231
1768.931536
1784.893265
2195.836681
1460.451020
1957.745120
1969.036848
1657.559966
1442.914104
1512.725065
1253.463949
1560.897780
2076.149798
2184.791939
1672.078149
1722.851874
1947.272620
1951.816185
1732.576921
1604.100468
1789.282131
1903.386528
1776.916063
1737.694622
1837.221311
2083.195871
1349.860571
1376.288282
1314.143723
1806.689811
1313.511801
2113.795358
1675.632027
1510.790965
1945.814949
2079.442763
1647.523486
1478.474127
1569.111513
2313.978498
1455.716213
1988.446383
1598.157845
1790.766073
1630.401619
1558.587764
1763.576111
1556.690043
1465.994533
1668.111168
2042.129268
1481.784051
1342.009242
1802.419110
1552.793318
1299.335569
1249.299629
1607.788055
1988.478192
2122.258566
1811.813443
1920.729620
1886.011697
1745.667678
1792.458555
2262.405773
1644.325290
1813.282704
1810.301239
1630.629307
1503.601343
1672.819447
2051.229380
1605.063732
2018.645151
2174.403000
1464.505804
1632.521877
1832.274303
1934.347830
1797.837645
1546.308072
1609.951497
1426.650668
1858.422370
1437.285011
1718.664242
1529.999866
1350.392722
1298.887987
1492.603247
1554.690255
1577.888461
1242.504853
1766.464881
1908.772574
1705.358553
1764.922567
1381.829440
1423.027913
1374.936426
2045.929347
2184.531134
1802.189848
1927.508221
2280.366076
1535.484462
1375.900766
1632.709304
1385.118356
1420.877764
1310.347496
1502.772091
2421.832805
2468.588778
2213.255520
1592.578547
2047.005525
1953.166369
1986.131686
2206.569807
1954.625200
2270.487546
2088.320991
2380.230265
2085.150686
2405.951873
1721.219350
1213.105422
1597.659178
1640.185441
1478.906014
1769.140000
1391.666331
1416.432634
1946.415203
2068.975664
1367.847217
1321.103271
1477.653148
1428.373505
1458.075044
1935.526760
1373.031198
1415.772799
2074.526200
1346.318569
1276.957733
1348.143273
1640.827234
1611.456134
2128.097676
2139.540656
2216.204855
1424.895499
1509.594897
1423.597191
1835.150837
1387.121915
1350.809783
1851.230759
1839.756992
1306.518113
1706.224578
1255.963384
1259.226381
2351.109712
1343.081649
1478.078900
1497.230047
1679.384384
1304.243755
1218.163373
1509.764191
1463.364379
1214.720198
1160.713285
1888.264623
1270.413058
1370.118673
1325.196903
1829.992292
1678.650064
2105.345990
1969.904624
1521.548697
1528.574228
1755.673110
1695.582227
1671.243171
1555.671589
1711.731239
2141.595525
1997.620527
2191.568430
2151.322350
1693.502791
2042.025906
1662.092937
1642.646340
1924.615065
1690.121746
1653.359028
1517.948653
1736.068203
2236.014322
2674.700760
1078.973967
1296.789372
1464.338146
1532.136455
1297.731669
1458.857304
1280.563024
1473.626011
1473.912708
1570.293346
1860.466616
2077.792114
2142.625952
1936.636293
2150.382196
2287.830508
2217.659151
2100.198315
1974.104343
1225.211095
1430.010525
1500.615014
1597.845075
1420.796691
1212.353632
1384.219899
1884.666154
2117.050616
1932.884676
1837.872821
1514.336800
1746.442457
2096.975953
1804.942412
1939.484356
1810.877846
2364.734477
1610.748748
1937.042438
1407.852649
1713.879779
1672.276256
1555.535717
1742.484469
1905.537712
2137.429606
2359.112138
1888.145564
3218.550883
2235.012516
2693.581289
2675.052546
1984.068418
2214.614748
1743.903559
1842.311486
1870.038491
1962.385632
2113.815344
1917.195828
2360.944418
2194.779339
1914.570568
2025.912055
2437.840241
2263.382699
2995.192782
3076.822976
2776.726109
2866.577741
2849.165228
1357.705801
1887.108046
2023.519698
3056.590189
1910.343597
1920.351312
1864.694554
1758.500825
1649.717402
1799.598915
1923.926302
1850.264513
1950.055603
1977.619469
1842.118833
2268.443487
1936.700163
2018.219256
2369.636804
2044.420102
2006.770768
2272.167230
1289.612768
1566.861159
1622.958240
1241.249964
1453.779583
1543.677839
1846.979111
1466.401774
1516.833439
1846.109710
1821.909570
2124.725389
1524.978232
1825.663044
1581.116398
1310.791958
1779.751314
2513.758697
2742.657796
2233.635950
1968.466906
1883.228335
2093.472634
1855.906833
1722.978312
1766.693175
1604.840476
1612.351797
2140.713630
1705.371018
2485.098020
1528.309686
1348.346138
2226.388713
2013.845306
2204.855785
2324.395182
2410.188448
2109.041976
2338.300735
2338.038986
2126.964355
1801.456496
1430.808737
2445.980289
2019.341238
2381.653552
2199.199152
1855.222954
1863.072412
2411.385617
1963.945157
2270.058564
2719.951054
1851.955182
1655.557113
1952.401683
2045.191691
2064.577629
2032.813589
2102.575624
1988.509335
1790.026279
2090.979395
1620.185111
1558.764816
2549.050266
2524.297399
2137.927039
2446.315947
2433.920868
2071.775607
1830.019845
1903.462216
2057.316527
2037.284774
2086.607419
1697.186629
1574.155215
1665.865770
1608.917331
1780.894099
1519.789678
1652.745304
1762.256429
1733.676163
2389.732547
1747.783585
1870.167056
1834.665853
1958.082890
2101.816145
2029.279605
1834.157944
1933.558767
1349.531256
1875.248699
2278.186539
1664.520368
1784.773369
1872.064108
1842.257002
1869.150116
1776.475817
1732.994286
1787.042169
1363.688956
1537.172900
1973.357535
1895.886892
1803.060009
2093.300749
2089.180949
1868.268254
1996.880284
1855.986724
1744.333203
3992.960573
3824.802037
4031.102945
1775.900936
1413.967423
1594.339644
1842.512386
1331.711867
1455.250452
1933.806244
1824.805600
1522.432524
1053.157421
1009.193087
1570.577826
1778.468896
1644.333913
1809.292683
1541.892494
1949.017212
2264.641088
2286.552771
1954.624496
2113.366243
2422.898352
2433.232647
1704.149089
1947.502271
2164.680282
2023.151794
2037.177941
2097.813524
1757.638817
2252.086814
1872.385628
1419.710997
1401.022268
1585.948880
1584.644818
2444.314082
2060.796802
2162.345258
2099.267143
2662.351392
2179.831862
2179.946134
2459.498174
2327.997068
2673.849939
2445.885322
1978.489271
2536.622165
2259.309795
2278.630733
1926.348416
1764.918183
1953.650829
1977.085812
1850.183636
1754.059658
2041.031680
2149.496850
1871.928185
1987.246832
1869.573174
1999.214030
1673.513404
2402.754953
2185.871624
1512.997969
1741.800832
1811.689096
1983.466435
2027.573768
1803.415312
1982.868802
2079.377268
1582.801390
2132.349261
2744.986096
1744.131862
1553.105631
1954.194820
1740.335106
1702.759432
1646.633144
2014.540879
1652.257762
1469.981133
1556.084836
1552.102689
1558.661031
1556.938557
1268.387377
1941.240066
1674.173129
1681.108339
1923.985653
1949.986587
1639.980467
2147.278123
2095.611180
1939.795420
1952.246343
1606.240297
2128.291364
1772.327350
1773.519869
2281.105687
1937.110174
2036.548342
2481.986244
2392.348357
2357.314102
2368.655455
2045.612918
1778.962158
2180.361493
1924.376857
2113.954455
2558.542844
2382.417982
1988.291246
2335.690882
1716.079119
1740.980242
1618.961866
1809.279190
2123.651843
2117.628967
1402.474439
1351.615412
1468.948986
1438.711561
1757.764943
1482.257641
1678.382155
1579.863978
1680.465285
1675.989471
1716.692403
1486.303211
2314.550413
1676.764993
1659.466324
1449.179306
1429.466355
1710.175169
1709.553661
1950.801784
1668.641814
2053.368045
2088.781495
2490.441148
2368.932431
2456.349664
1693.663171
2130.136713
1455.395552
1821.317972
1828.229872
1913.226856
1569.384654
1522.306269
2159.563265
2544.885492
2086.858568
1864.359708
2185.431521
1772.296062
1773.550219
1299.216116
1211.436367
1689.412399
1353.184603
1975.912632
1775.575902
2381.410108
2233.558854
1283.843897
1549.457620
1192.325665
2209.150228
1722.918980
1692.077557
2152.129345
1857.435102
2073.513197
1804.891505
1740.919572
2092.614960
2057.404720
1831.636744
1948.910724
1990.828487
1835.840754
1431.814955
1472.406929
1593.256183
1554.311384
1455.477025
2153.041292
1853.725255
1867.707860
1499.571409
1364.650377
2059.563280
1846.413643
1408.487404
1687.640529
1819.937088
1677.761688
1646.231629
1648.599869
1176.495632
1346.130435
1298.901857
1919.886374
1429.725843
1418.418437
1423.839452
1507.123381
1833.403586
1750.109693
1592.234238
1504.751667
1985.238505
1773.964549
1563.974067
1810.110441
1662.632304
1563.214284
1983.969888
1515.461790
1637.855341
1894.148372
1648.808328
1610.346983
1613.540818
1776.696288
2088.420417
1899.757588
1710.066407
1696.610070
1851.237802
1293.468533
1165.774073
1286.521130
1285.766983
1470.517295
1255.767109
1291.430476
2430.645418
3341.021745
2121.240671
1694.159588
1507.305457
1596.903943
1469.984321
1585.185146
1910.895938
1867.447610
1631.347076
1627.637331
1842.615103
1701.981359
1912.241847
2679.840112
1854.101250
1898.356219
1708.974539
1904.700794
1790.756517
2664.655881
1671.801912
1523.678456
1657.648478
2040.864389
1726.901947
1759.993877
1975.485522
2120.331729
2136.369759
1883.824960
2110.659651
1834.825688
2872.069326
2926.540295
2853.256508
2708.802615
1948.610944
2896.006194
2234.803495
2373.847749
2636.569650
2710.770740
2948.982690
2303.222497
2230.679033
1810.580734
2379.197041
1906.961332
1587.284838
2673.217774
1968.568284
2847.312484
1572.318833
1626.025804
1701.995216
1659.555557
1657.666972
1564.247223
1615.094417
1889.909310
1753.609279
2818.284544
3211.719521
1666.324975
1629.090520
2075.835343
2028.448446
2388.530351
2039.115304
2675.844566
1457.416022
1951.017768
1652.250948
1366.483025
1906.431902
1504.161946
2209.918794
1626.869047
1522.181050
2175.007127
1268.615335
1475.381433
2749.040481
2204.090443
2023.923345
2001.726300
2281.101153
2311.231313
2716.381875
2148.837750
2435.550594
2060.359235
2035.141639
2131.779546
1673.483634
1438.203446
2002.063648
1576.870680
1212.482477
1230.784363
1736.516509
2116.133138
2102.464003
1785.650495
1333.087833
1872.423071
1503.398879
1456.495093
1786.860997
3050.848872
3358.399997
3486.393284
3516.395429
3631.789774
3519.039757
3405.482302
3407.411741
3275.964914
3229.134701
3296.713845
1955.096389
2488.223473
1632.611085
2122.501103
2887.217914
2299.436050
2254.416625
1812.401974
2265.439023
1918.073370
2207.642938
2174.773852
2402.348495
2354.677005
1519.147314
1392.864678
2910.540939
2387.939978
2707.946011
2264.911376
2060.066068
2121.709297
1967.374847
1983.149664
2048.872407
2661.903937
2751.171540
3444.239978
1518.362044
1915.750591
1289.129475
2031.090494
1608.153296
2098.584929
1521.768090
1909.080935
1406.395352
1377.034307
1460.822645
1664.208520
3890.770891
3937.560632
3944.603553
4114.010441
3641.873451
3678.576453
3574.058676
4153.360722
4300.630666
4079.245485
4199.072760
4241.792635
1561.583473
1758.350304
1667.282495
1667.777988
1716.160117
1595.516463
2803.612858
2812.432250
2897.681576
2205.349529
2003.978418
1693.570110
1269.532606
1462.469360
2043.914301
2074.935696
1888.103870
1981.594189
1633.041546
1659.450102
1069.437151
1108.795646
1551.381776
1641.451293
1389.108611
1631.752417
1687.504054
1395.607802
1650.685577
1269.370355
1226.009976
1222.501190
2629.438417
1828.533515
1700.971789
1390.165121
1569.855528
1723.154910
1531.472408
1418.832616
1995.920351
1932.651247
2098.369224
1961.653556
1767.956652
1729.433281
1841.170568
1849.510174
1925.808132
1806.570597
1977.852647
1410.452982
1460.919538
1927.790072
1467.361280
1284.637598
1375.862261
1736.858335
1690.769220
2090.555014
1670.541001
1671.188363
2137.541654
2082.392728
1429.122724
1436.520376
1422.472905
1324.517544
1362.616778
1946.267246
1429.634337
1634.915011
1408.560004
2103.509146
1672.912063
1716.561933
1630.895480
2160.232081
1793.066100
1655.005698
1839.373138
2215.313207
2170.198687
2192.695333
1626.053960
1620.285055
1193.608696
1155.597255
2109.174651
2233.182074
2286.557410
1547.630144
1597.526342
1388.961665
1380.248155
1660.699199
1377.498756
1474.188066
1588.557185
1252.598077
1254.954497
1748.708051
1380.992951
1634.263385
1323.055554
1325.832100
1593.055253
1385.470990
1641.157962
1473.106039
1635.025191
1152.786405
1453.038907
1644.629276
1500.943815
1535.697648
1253.423383
1588.466681
1347.944877
1676.886783
1427.546541
1671.950101
1766.006045
968.166912
1415.526276
1370.119895
1457.425426
1749.713755
1517.290948
1753.873503
1365.445339
1377.627820
1588.453630
1558.592359
1640.992570
1915.478053
2051.168345
1472.600308
1645.179481
1458.092299
1638.402682
1910.218168
1671.303596
1734.374707
1723.085737
1761.052498
1690.878505
1664.480515
2222.434679
2067.694205
2262.788013
2059.033096
1919.863406
2032.764977
1887.829287
1774.428984
1778.203969
1721.780737
1620.652544
1613.352663
1812.208940
1837.882597
1385.301792
1315.652557
1708.030369
1558.823060
1514.013710
1719.025734
1993.211399
1652.653946
1544.836293
1415.644549
1472.391189
2211.352907
2678.225686
2041.169864
1964.406485
1515.288723
1567.285285
2285.654135
1644.527091
2064.879181
1762.354517
1908.910592
1438.493737
1882.459022
2206.273213
2550.932399
2023.500468
2528.931156
2788.773549
2091.963865
2282.352999
2146.830268
1987.055555
2049.507907
2093.166023
2447.088003
2054.761513
1974.158654
1976.907528
1794.565190
2039.891411
1910.220636
1509.674138
1607.994356
1873.709163
1729.230227
1461.119067
1457.499796
1531.678844
1751.769921
1424.234095
1724.833748
1822.084058
1552.771333
1700.596411
1533.865269
1460.847898
1880.080734
1888.715147
1984.708801
1277.989552
2132.064579
2063.289356
1941.680996
1727.164067
1695.094500
5154.219329
1567.996931
1527.388314
2287.029975
1669.836910
1704.911749
1671.084495
1478.426953
1638.254078
1632.645130
1435.594610
1775.733542
1783.695857
1510.728820
1618.381869
1448.715305
1617.281241
1344.280682
1262.427701
1316.947118
1398.872788
1221.774578
1918.120961
1686.839288
1675.966288
2037.330356
1630.747551
1705.688246
1580.733575
1712.069210
2403.785551
1572.507161
1585.343281
2021.149779
1775.777463
1161.440681
1641.362672
1698.979109
2077.261790
1412.036156
1422.638580
2039.193110
1504.303538
1948.667032
1520.915670
1405.045518
1715.863243
2137.754250
1571.708590
1530.991111
1854.654478
1405.518204
2017.550457
1329.191526
1389.632183
1568.969301
1076.166426
1124.648330
1031.995142
1457.740277
1288.859838
2321.565316
1373.469845
1441.723725
1828.241068
1289.252847
1671.048905
1838.011661
1504.568102
1673.691503
2204.387888
2424.981018
2141.016396
1835.401458
1596.943011
1910.652083
1899.862581
1839.404373
1730.304331
1937.000733
2019.993400
1912.165322
1717.325260
1696.856772
1868.188903
1753.365173
1712.227808
1764.980233
1683.889388
1777.903092
1594.404469
1635.899771
1775.385021
1899.545448
2085.588784
1765.484826
1793.300378
2082.637731
1775.924246
1786.011303
1150.443716
1368.749727
1558.325024
1922.258916
2385.679905
1661.276279
1440.242835
1535.515499
2159.363374
1505.310992
1560.650369
1962.702173
1241.547107
1209.799597
1207.254662
1244.187082
2294.115088
1487.770112
1437.619444
1663.198002
2187.138730
3680.685658
3309.725965
3274.920932
3595.371915
3457.366626
3459.421454
1129.179525
1494.662570
1380.119477
2234.409386
1420.041489
2127.982999
1943.665811
1757.380643
2339.028576
3146.300832
2120.429448
1489.003955
2142.829706
2545.364477
2215.130127
1748.983090
2015.353452
1399.839239
1450.593387
2154.682138
2126.757141
2343.514971
2303.096706
1455.252141
1504.639479
1609.209951
1675.885179
1626.413970
1541.696317
1590.010377
1384.679497
1336.881102
2070.172553
1797.538268
1986.881539
2057.008906
1641.238464
1814.287857
2395.602397
1725.870692
1544.125511
1708.016234
1469.579959
1603.788194
1655.575303
1696.266519
1571.475683
1652.891782
1929.233902
1666.478262
2093.519095
1299.356732
1770.272005
1514.311780
1660.940504
2153.650761
1318.461386
1447.990232
1433.615425
1520.867412
1471.929850
1884.012114
1244.412230
1902.139399
2119.971730
1694.244641
1704.501639
1772.537787
1690.489268
1655.646412
1646.209807
1675.129254
2211.766265
2019.835751
1550.980039
1797.722743
2015.850173
1426.281673
1747.588400
1290.285047
1998.488874
2085.081983
1479.951307
1270.212268
1527.988650
1472.951288
1528.637953
1452.541559
2409.913371
2246.214996
2050.368399
2117.548025
2229.888192
1674.784479
1762.050447
1687.604718
1638.905965
1824.056495
1799.814040
1654.845876
1407.697998
1623.144711
1535.031471
1807.319005
1523.604377
1525.790970
2005.870712
1836.512573
2267.663291
2086.529657
1917.810032
1598.769566
1450.692188
1554.212923
1162.450403
1120.222229
1384.720721
1716.728493
1214.665077
1315.327320
1359.208027
1610.185872
1550.233208
1567.966619
1612.226424
2282.474361
2091.428157
1712.699083
1597.111126
1848.856605
1812.871651
1616.422436
1615.786141
1777.022410
1908.334241
1465.898513
1567.717348
1285.618909
1704.781075
1768.863510
1481.989463
1343.472733
2264.309753
1962.501951
1166.134674
2309.539350
1844.945643
1716.259492
1969.951608
1564.337914
1974.664178
2068.553412
2185.544384
2031.577731
1397.785180
1388.692607
2247.409404
1481.016949
2049.009242
1581.646370
1621.809054
2004.513403
2580.518863
1055.842777
1336.114934
1145.521687
1257.902632
1362.789899
1556.207026
1462.271407
1461.555563
1647.964437
1787.207735
1732.105612
1963.514199
1874.544137
1826.319537
1396.778605
1532.269407
1558.805499
1500.471549
1453.058850
2058.718736
2100.787057
1966.049080
1259.430919
1212.460274
1434.630372
2052.118427
1817.805771
1746.152766
1871.898714
2005.379007
1486.342499
1680.869544
1502.998040
1951.937054
1180.501605
1575.969613
1706.496740
1990.900306
2016.915398
1705.363177
1664.250185
1979.058054
1675.628375
2014.183991
1839.512471
1928.586979
1725.373817
1737.670798
1846.395701
1899.056663
1618.678626
1508.942695
1742.738662
1823.726542
2644.230656
1778.719727
1721.279250
1887.571076
2043.169412
1685.615976
3507.548345
2598.989053
2573.163714
2807.106883
2225.569762
2304.393786
2451.440583
2009.412508
2700.082250
2294.765575
1673.456662
1768.386080
1852.618644
2562.488183
2125.741865
2384.209437
2234.419706
2501.491789
2801.860093
1086.580826
1473.653816
1232.257280
1497.012891
1247.241505
1636.007273
1308.612413
1293.547997
1265.900109
1780.354863
2245.791206
1781.016166
1425.231790
2133.551941
1409.081159
1423.786599
1488.294513
1272.051926
1806.985339
2258.961667
1771.040170
1495.540941
1538.044104
2232.975319
1448.454159
1466.287285
2359.385895
2325.825716
2134.115462
1921.385253
1999.546863
1993.676991
2318.147993
2455.562807
1994.103518
1542.406874
1864.027557
1654.247693
1774.881019
2464.951030
2316.995408
3220.748790
2740.549962
2198.811432
2063.572941
1931.700419
1796.909974
1348.770927
1174.117920
2118.175318
1835.608046
1741.525334
1792.427794
2273.147242
1801.789310
1891.363921
1884.212883
1959.950097
1423.554581
1731.382047
1925.401567
1955.435611
1339.365882
1301.332798
1843.989286
1985.937492
1523.737876
1700.467719
1609.320643
1589.039587
1251.262249
1296.322005
1668.635670
1334.223445
1887.860176
1892.866664
1825.814432
2063.982366
2813.976549
1475.012780
1306.412622
1299.305730
1380.078679
1387.827053
1904.451479
2650.985488
1783.234915
2064.294539
1946.517356
1807.372003
2078.136336
1333.774868
1486.637814
1537.387602
1683.766944
1664.921998
1276.456457
1783.030174
1374.638531
1320.029314
1587.914610
1815.583142
1376.488235
1281.294552
1635.232149
1585.493218
1537.865853
1495.244831
1447.587925
1721.862512
1841.964463
1826.019234
2041.534880
1799.107778
1865.362414
1764.403466
1767.326280
1772.000885
1644.417328
1558.322445
1556.647883
1953.794815
1526.553144
1484.289002
1429.311132
1281.402982
1645.757248
1322.069802
1346.011860
1344.615106
1689.858194
1843.584476
1614.880658
1268.067444
1702.350233
1673.780495
1516.525573
1901.247533
1287.646812
1331.941138
1383.598579
4361.373234
2077.904634
2128.360008
2365.302775
1931.485721
1895.193293
2786.096982
2527.406862
1996.155190
1663.306181
1762.174803
1679.721984
1417.465958
1858.828613
1842.648726
1844.907228
1805.343637
1842.811926
1633.166106
1668.788033
1884.427300
1836.414994
1959.223501
1821.266507
1828.843386
1819.173221
2173.821939
1135.978252
1679.245550
1898.950567
2033.242643
1182.198669
1708.565459
2690.789064
1630.344639
1931.731224
1023.412330
1106.718433
979.505981
1539.122912
1583.402308
2321.009844
2174.264175
2225.256729
1995.675662
2003.224600
1896.817489
1834.232057
1507.202482
1065.562572
2088.601740
2081.376250
2035.545646
2099.486097
2130.439743
2038.529396
2174.297954
2169.702119
2208.640144
2109.524321
2214.043908
2267.838856
1024.867215
1063.196284
1778.754900
1825.282329
1101.658641
1873.412829
1889.467755
1879.252705
1919.244306
1926.227615
1868.646033
1899.730256
1873.732722
1284.413092
1203.216466
1488.640594
1327.470098
1511.861560
2120.095434
2041.870284
2076.731284
2320.851718
2404.021569
2075.407863
2204.092165
1646.861597
2089.962537
1973.021147
1931.403677
1996.191392
1646.931666
2176.076139
1583.416689
1669.136757
1500.715313
1571.710518
1502.291050
1540.380676
1533.289414
1297.048014
1419.448420
2214.288595
1484.070920
2198.276178
1863.929515
1798.527157
1712.285438
1709.382573
1774.238563
1717.067398
1502.493369
1812.164690
1511.598942
1380.175202
1209.683034
1438.985802
2100.222474
1692.406732
1764.396194
1213.400974
1122.323973
1083.107722
1315.216216
1708.650912
1531.972929
1362.805107
1527.067602
1567.090025
1473.546484
1506.617316
1420.810127
1344.668778
2402.514635
2363.320807
1508.112445
1823.657307
1786.559815
1828.669969
2247.355217
1836.861415
1836.442784
1519.588247
1750.765154
2148.880440
1838.214124
1955.874230
2237.589318
2109.607321
1936.602932
2064.271729
1537.060731
2281.351867
2164.855259
2018.859004
1977.179975
2062.136230
1909.518607
1339.613939
1386.782669
1333.921432
1381.180403
1266.849478
2335.064129
2141.070143
2047.189671
1785.193140
1898.675889
1865.739790
1542.491261
1809.637185
2383.087942
1930.605483
1713.479212
1527.640893
1055.884814
1046.598895
1575.086010
2370.514053
1669.111588
1621.071151
1659.944883
1985.549714
1799.923840
2320.555874
1509.727144
1602.170290
1517.140031
1551.171913
1639.315299
2213.106005
1678.720286
1472.160135
2050.084459
1842.576110
1608.868374
2273.350491
1756.613871
1483.881941
2059.633391
1886.430755
1940.527726
2228.927850
2171.076615
1991.080412
1600.062983
2336.193868
1890.600803
1767.868384
1723.851873
2397.767062
1753.906945
1598.817288
1564.833976
1511.393809
1506.027095
1979.108121
2126.227850
1815.458022
1735.782926
1681.908792
2281.626004
1938.068474
1773.208452
2043.460742
1835.558481
1659.880601
1502.321022
1799.759504
1688.213231
1971.750041
1594.398658
1780.266864
1647.555341
1808.998542
1465.458804
1463.186822
1760.544746
1896.851382
1912.275612
1425.064877
2014.348422
2200.853020
1724.496886
1722.814490
1760.757215
1431.575937
1452.627982
2096.331251
1445.172396
1472.126763
1828.531253
1967.633609
1471.771731
1960.177235
1862.774673
2058.830197
1483.556154
1796.813209
1932.163252
1680.676789
1475.429184
1524.093128
2497.255692
2108.332734
1925.681855
2587.505476
1819.543889
3040.088104
1554.319330
2206.607381
2129.375829
1947.731507
2131.724157
2690.025709
2212.192115
2038.206276
2219.711023
2050.421902
1916.538395
1694.943351
1536.499948
1688.508255
1544.610352
1734.205829
2054.593019
2233.405079
2101.173988
1946.629593
2179.294183
1973.056437
1912.763623
1816.218074
2199.336404
1769.451409
1604.042953
2337.456040
1910.543033
1860.917365
1874.019394
1921.681757
1884.896931
2646.351946
2094.095718
1892.879774
2401.450498
2137.357169
1985.796021
2014.560206
2011.227476
2022.249159
2036.536987
2664.261524
2592.021684
2959.366865
3051.079939
2855.152560
3144.255833
2061.674334
2423.073023
2178.812128
1741.956368
2055.661954
1957.132285
2330.223981
1895.651062
2326.457244
2582.738257
1914.378049
1919.617653
2244.951848
2472.721050
1982.697878
2113.758231
2612.685760
2170.855370
2032.142287
1910.130862
2151.192969
2198.007648
2037.993068
1950.685168
2315.327175
2035.297022
2611.878757
2520.888167
1894.574956
2925.952226
2327.926244
2089.561642
2012.905508
2524.419356
2377.933729
1905.974281
2639.682796
1986.153627
2089.850918
3017.086899
1664.888873
1540.092601
1937.820936
1708.775574
1823.881192
2562.645683
1926.452956
2397.329418
2656.780777
2498.799999
2286.790757
2491.165800
1988.106711
2136.942892
2513.654969
1811.802507
2494.065206
1808.136536
1890.156395
2148.591138
2213.206103
1762.030473
1711.566714
1753.431472
3132.925235
2401.977787
2347.089496
1675.377317
2388.752303
1629.150618
1733.209673
2702.245679
2451.750308
1981.223942
1788.109876
1836.456413
2481.289157
2496.945295
1760.055329
2116.694236
2109.824045
2468.601398
2538.046729
2314.700339
2147.463892
2033.138761
2203.441691
2364.158802
1796.213822
2211.879003
2571.895148
2190.523641
2243.666482
2417.646418
2303.153396
2646.105475
1931.395360
1950.224335
1948.280608
1743.754109
1901.411996
1827.382779
2790.635034
2040.650576
2481.238220
1912.824709
1751.067610
2011.483889
2004.602616
2091.494451
2250.579795
2381.111576
2430.695901
2156.124707
2101.786507
2516.268826
1907.952144
1978.204382
1818.055441
2201.016874
1714.224219
2579.194572
2796.629701
2827.035827
2436.513998
2671.771117
2362.009775
2460.823029
2402.840210
2420.977768
2463.425979
2609.932024
2399.518910
2361.065172
2518.764262
3413.043355
3406.136043
3636.793103
3571.529733
2536.729956
1940.081850
2032.737964
2433.716569
1874.203604
2340.865322
2300.285234
2139.065201
2279.834360
2237.781054
2142.788555
2242.069146
1993.646109
2267.422249
2239.754528
2235.583409
2588.744704
2895.521557
2848.069083
2501.418113
2896.123675
2991.631217
2760.534554
2935.279689
3404.469971
1911.038929
2093.543687
1996.928240
1558.868415
2043.694073
2515.705812
2255.772057
2509.191256
1835.569971
1499.381002
1186.059822
1757.152978
1876.135084
1602.960330
2189.161527
2167.106725
2998.079608
1442.387280
2457.659290
2107.570292
2111.413597
1441.625995
1735.331618
1862.923232
2436.008403
2154.586018
2167.291339
1775.638790
1950.424122
2183.481990
2175.044032
1413.851898
1504.315497
1278.236303
1290.146085
1578.996930
2176.782619
1769.824933
1602.725769
1902.967870
1926.666729
1718.580310
1660.466446
1841.449593
1281.273853
2912.417692
2229.273064
2204.031741
1331.351482
1628.547699
1358.465593
1505.658324
1385.404331
1550.987311
1630.247273
1549.534983
1382.081429
1421.131420
1320.783665
1965.970217
1481.497752
2223.327268
1179.147527
1821.202958
1296.099686
1484.650899
1770.303426
1207.129158
1047.507886
954.420140
996.581010
1684.983044
1507.979729
1853.459469
1732.657376
1620.591207
2272.531389
1545.121885
1423.388324
1871.596305
1587.120506
1720.853770
1681.007281
1754.736886
1524.981049
2179.329952
1653.639359
1507.308700
1980.400140
1537.894495
1548.868898
1652.591474
1504.326022
1725.947702
2114.224196
1959.103766
1963.277423
1423.719389
1601.989569
1289.709496
1340.645399
1904.986383
1642.305452
1779.266925
2570.043780
1991.871742
1888.117410
1560.795266
1612.801157
1498.886119
1366.378893
1898.374726
1524.515639
1864.804757
1728.420883
1398.043372
1285.270126
1558.343401
1545.265974
1833.905981
2373.137440
2114.823895
1991.972786
1947.159427
1210.992289
1063.500206
1376.108613
1230.292130
1962.030634
1681.667218
1457.525727
1652.489871
1386.708609
1423.894781
1301.585811
1546.664956
1454.499235
1505.557060
1703.026128
1732.776808
1585.454801
1776.276290
1777.968565
1978.816065
2107.229694
1816.952857
1679.643860
1845.815605
1633.667462
1738.103219
1046.010666
1480.118040
1244.568112
1256.033772
1833.132971
1167.759958
1293.258434
1563.087115
1772.905287
1245.995836
1592.359641
1629.147437
1458.745577
1378.426054
1504.374304
1569.337326
1437.750672
1546.680629
1416.805787
1565.165826
1444.168067
1040.898778
1174.967335
1173.500688
1656.829992
1556.735037
1286.476622
1857.279552
1421.257022
1131.298689
1259.540468
1451.246096
1261.550618
1754.094336
1425.878490
1967.721766
1533.666191
1326.480343
1541.107821
1695.124796
1586.476358
1823.230395
1550.892718
1456.491294
1284.615368
2101.341446
1987.396502
1787.724382
1791.769536
1816.967470
1492.485064
1841.466737
1435.599657
1588.545742
1608.575274
2035.896919
1856.073439
1855.120462
1809.601849
1361.638692
2006.692044
1860.674126
1671.339761
1616.336625
1743.517498
1512.948469
1693.285431
1891.639475
1461.135395
1522.846466
2126.023605
1774.491258
1776.091532
2019.357862
1840.031352
2050.926790
1613.072192
1565.276222
1482.908236
1663.308759
1571.877889
1558.647027
1511.799966
1423.567536
1780.531036
1582.145522
2029.187433
2254.920226
1940.700982
2355.101004
2287.504556
2052.852954
1834.868725
1328.768023
1424.329533
1580.926100
1961.707512
1904.798754
2981.831188
1812.392258
1894.323904
1398.061958
2165.551712
1489.466082
1806.819256
1572.463368
1754.360227
2193.899269
2172.798050
1629.967937
1581.119252
1329.026478
1467.853345
1852.368152
1852.678323
2246.199894
1940.718528
2023.780436
1609.842296
1585.602566
1662.642333
1324.549112
1796.887864
1331.523757
1649.632789
1683.572212
1738.988985
1764.206763
1380.265132
1287.673920
1630.377859
1698.268632
1479.656002
1439.963578
1161.465781
1292.600900
1295.727312
1741.091856
1724.044460
1456.674021
1695.758058
1419.506911
1120.445199
1258.004661
1712.174892
1511.362251
1483.849452
1321.275268
2078.790818
1394.490772
1430.218268
1425.326286
1977.531057
1257.679737
1962.328186
1942.403109
1805.384046
1631.702453
1452.265694
1947.133503
1814.374820
1923.269394
2254.861695
1656.076681
1883.508592
2039.862754
1838.515674
1532.866065
1627.092540
2186.718544
2035.711438
1833.933235
1802.399551
1486.408119
1572.133192
1376.541349
1721.000164
1677.934849
2387.508811
2414.101898
2031.835548
1732.616178
1726.534034
1330.391038
1549.188384
1417.582948
1547.125791
1550.974973
1657.607049
1530.257177
1473.796206
1713.551364
1902.076587
2818.675793
2406.667754
2416.454646
1564.346296
1557.464729
1244.313824
1370.400495
2256.771293
1653.376182
1872.745308
2665.901370
1703.873976
2001.604204
1897.924953
1674.504910
1817.413905
2040.956390
1383.589859
1721.361395
1670.660466
1411.678121
1253.966743
1559.676485
1548.854259
1339.085986
1293.870858
1704.054937
1176.693782
1333.389218
1735.356733
1208.294756
1990.050361
1514.173949
1891.348366
1881.024927
1953.515597
2003.789431
1700.661675
1687.643392
1651.189452
1961.921509
1768.005572
1755.278981
1613.844321
1879.040033
2285.798398
2312.308300
1537.765981
2124.698462
2064.205492
2252.823483
1924.349782
2431.135670
2016.558927
1486.375852
1728.080184
1915.597150
1691.484324
1750.729787
1654.833996
1821.436355
1865.518854
1867.137478
1819.205085
2078.927240
1837.473475
1919.514724
1872.361096
1880.683795
1954.818854
1995.375164
1410.856978
1279.110006
1440.490851
1406.092678
1625.120504
1586.847288
1450.128820
1571.304457
1657.823976
1577.462588
1488.927688
2005.701599
2059.596494
2316.667909
2297.641411
1926.856009
2411.612234
2175.836609
1580.007923
1717.921995
1786.163148
1579.752861
1800.516349
1985.977594
2124.994133
2480.070235
2129.551244
1855.801107
3654.760318
1124.907907
1087.366632
1194.561233
1275.027466
1981.380806
1862.112433
1726.152175
2231.786742
2010.080257
1555.825837
2007.228692
1771.092404
1371.951429
1076.833454
1143.199046
1715.581350
1295.453184
1333.795807
2643.478499
2796.698435
2619.229351
2192.847588
2284.043960
2245.553260
2112.357771
1597.602162
1635.651725
1422.785217
2318.146433
1759.861878
2155.894327
1790.557649
2246.996892
2295.564033
2410.231608
2237.323597
2339.204430
1736.921543
1914.504965
2105.907998
1818.433068
2189.299644
1717.049675
1555.904325
1370.616867
1731.961078
1601.300217
1906.553668
1786.521895
1782.451479
1623.177318
1520.825972
1733.182988
1204.828768
1900.511788
2114.550531
2088.613305
1465.800506
1892.831211
1815.808904
1735.080305
1855.193071
1659.848628
2085.849144
2140.448415
2047.682700
1767.671424
1721.845260
1763.500717
1938.770037
2809.021229
2229.200037
1999.028033
1725.206314
1555.672419
2402.305388
2531.610860
1924.099916
1937.451571
2429.310965
1469.744564
1515.242817
1779.376562
1503.584981
1774.611514
1510.173083
1519.532244
1317.634062
2575.028001
1957.972869
2229.535178
2186.891452
2303.340239
1433.182018
1370.058843
1420.711506
1745.180284
1416.300606
1423.757935
1893.714982
2254.017832
1713.136689
1610.150492
1475.850812
1635.197769
1507.738999
1464.238906
2535.944815
2003.218712
1633.856981
1606.495156
1431.756448
1776.185234
1385.569521
1829.128987
1612.796135
1483.788086
1963.844768
1687.714562
1684.583294
1328.612477
2174.096789
1304.663717
1968.497075
1835.006399
1520.330754
1412.245080
1399.073559
1903.471158
1925.953258
1742.085749
1665.161275
1845.574930
1335.851161
1489.761095
1332.877455
1724.572956
1724.251475
1479.313849
1425.336345
1803.955846
1331.456629
1522.987804
1482.048935
1412.586403
1835.338392
1912.317297
1936.886637
1724.390551
1607.697280
1474.435419
1343.941553
1444.865775
1852.414220
1424.978430
1920.954402
1759.334759
1892.086626
1794.599169
1798.054083
1893.386482
2247.470240
2113.055528
1566.674495
1790.139698
1703.115610
1697.834461
1637.707943
2446.999999
1707.516543
2512.299917
1787.154317
2131.338953
1781.165508
1353.952718
1292.830116
1413.240080
1519.862102
1909.091654
2521.802236
1752.625128
1518.751723
2107.178319
1598.377884
1559.395968
1687.659299
2157.515816
1376.983570
1375.965062
1935.404637
1609.067189
1501.169561
1453.978366
1799.883534
1563.637032
1286.351578
1455.928560
1630.643456
1906.619038
1555.735146
1457.498329
1585.356306
1620.955808
1276.592824
1443.280518
1595.386624
1683.859344
1544.925852
1734.003301
1327.191822
1518.291140
2043.076795
1569.830998
1283.674607
1418.806683
1377.716843
1455.951116
1573.985200
1575.775276
1596.148614
1722.470991
1537.435007
2160.624479
1709.060176
2068.223254
1463.538196
1891.960574
1458.033413
1815.564558
1826.669102
1566.980159
1300.438467
1453.729842
1388.243904
1369.451119
1476.769471
1457.606773
1484.613968
1309.616642
1928.465001
1476.051490
1468.756244
1665.484567
1183.256011
1132.058514
1141.414357
2069.439386
2017.736227
1859.000898
2588.824494
2791.627256
2069.963194
2135.367589
2090.110378
2484.668486
2226.753234
2528.324132
2451.799174
1858.267531
2036.193871
1812.070119
1574.317795
1647.113536
1655.679751
1915.015831
1960.216764
2142.227081
1977.136838
1763.358986
1789.066183
1989.070418
1662.324347
1656.083566
1424.012647
1472.459172
1802.771692
1715.093976
1712.731431
1882.171165
1744.382111
2524.393348
2254.095735
2487.675250
2518.980561
1967.936031
2037.962658
1653.062393
1413.015643
1575.890906
1902.100664
1653.382482
2315.070895
1848.645715
2414.679226
1899.046261
2313.968003
1898.538552
2130.039641
1381.243143
1573.397190
1161.724680
1286.097688
1284.372581
1650.514461
1421.111851
1248.366448
1376.052783
1834.856934
1740.428498
1952.604173
1684.238815
1831.399148
1784.174704
1549.368768
1298.832684
1289.851679
1297.170589
1924.258993
2274.445547
1689.602611
1596.493596
1382.239265
1739.463313
1211.503584
2127.186440
2044.804968
1910.648472
1785.732638
1816.473546
1711.392053
1639.075939
1386.251563
1777.899381
1254.039551
1608.993740
1686.418620
1780.605558
1980.157112
1732.411933
1684.941351
1469.335077
1521.418394
1439.184057
1564.548912
1561.230517
1699.425241
1131.420149
1603.272219
1423.962991
2051.589026
1295.587298
1470.194068
1434.591477
1430.814662
1427.489435
1385.262899
1287.928829
1385.504356
1434.173939
1823.722252
1704.673077
1243.045248
1268.278737
1922.427100
1336.009926
2013.911381
2874.039210
2766.577487
2776.005880
2781.614786
2567.367329
1789.983311
2323.852055
1550.793523
1482.823612
1820.480026
1417.994691
1479.635710
1584.419698
1588.388998
1439.965516
1179.297843
1766.418610
1765.839576
1679.126085
1708.254074
2126.807511
2048.394299
2187.562285
1828.217492
1745.838573
1770.490630
2176.267580
2222.490319
2295.541020
1814.288959
2243.237813
2305.153956
2067.378915
1300.095516
1952.523166
2154.105288
2452.381647
2156.485631
2618.105617
2606.202267
1772.683758
1380.628742
1923.386016
1376.871655
1393.729926
2177.744466
1648.345690
2420.344676
2211.674942
2219.560509
1760.253316
2288.460139
1788.663888
1685.868412
1758.305794
1433.924512
1909.496198
1606.308475
1569.327837
1377.708306
1471.372508
1571.156575
1661.200087
1547.237982
1768.782297
1880.359391
1703.468215
1694.252332
1728.104434
1767.285931
1843.768157
2608.440748
2410.880493
1825.469689
1555.569819
1378.999600
1174.692971
1787.329688
1309.094611
1789.016420
1617.647252
1610.974977
1396.104262
1967.760153
1541.212279
1639.209666
1716.851988
1677.019453
1671.085567
1796.724212
1787.757517
1478.443976
1852.607050
1703.174801
1827.638973
1713.388843
1349.425903
2153.865144
1766.820219
1974.516042
1460.605776
1702.702623
1627.057991
1774.220515
1957.834235
2121.520674
1689.739288
1796.987366
1334.459810
1680.509744
1095.402248
1827.530575
2031.460627
2619.940715
2628.418150
2627.855824
2037.896026
1681.196895
1679.217639
2211.398762
2614.067873
2637.506660
2000.355354
2120.946772
2176.987191
1940.318569
1861.918155
1770.245650
1784.009318
2362.167627
1787.992351
1764.587243
2115.482984
1832.504569
1998.267379
1986.772509
1903.949618
1764.483895
1177.405785
1969.628971
1781.228655
1825.202992
2239.854974
2310.450621
2453.908704
2190.607664
2331.617527
2273.869198
2351.501214
2487.783530
2524.714483
2028.245902
1974.832844
2079.166670
2119.409857
2046.236420
4277.158142
1207.326821
2026.782211
1932.615228
1110.907462
1604.831636
1080.244975
1073.892053
1606.988666
1477.390390
1561.034164
2485.063724
2392.589497
1663.497719
2211.145828
2099.856116
2312.580741
2145.408149
2053.543219
2001.551680
2142.589530
1423.086510
1513.605730
1979.518485
1548.492258
1416.587573
1536.607788
1735.199087
1374.898230
1458.644807
1489.748414
2398.166257
2110.128118
2690.672855
2554.398604
1936.316275
1942.238093
1936.768981
1691.143939
1920.876585
2496.256330
1971.550446
1864.917791
1922.518429
1865.385636
2242.376369
2373.620465
2156.263209
2046.553786
2048.695124
2058.442317
2108.586751
2260.259278
2694.943727
1293.293590
1744.730077
1530.275260
1915.606340
1770.045829
1969.832058
1893.006160
1520.978385
1541.759853
1532.976627
1596.770555
1575.179603
1631.064221
1547.653783
1883.784816
1246.768013
1341.938949
1301.227079
1494.708699
1418.080046
1477.771773
1293.008354
1574.270946
1481.903146
1870.405904
1800.793765
1208.247139
1627.189772
2040.745779
1586.410138
1654.146949
1653.342636
1590.913302
2001.967336
2098.006777
1640.989639
1642.132102
1566.299520
1858.243503
1610.217080
1564.096446
1522.773795
1564.104561
1468.876548
1466.724330
1388.850120
1345.196691
1384.138837
1715.071029
1675.977962
1520.861023
1557.280466
1408.670656
1721.916708
1727.896706
1765.982459
1692.222979
1418.823504
1744.605443
1608.794853
2110.936807
1653.045375
1701.559279
1832.209426
2467.798657
1882.708445
1642.050180
1644.375576
1407.964155
1629.996536
1633.390644
1706.404405
1566.819242
1894.622152
1593.243014
1519.254994
1744.092215
1554.426532
1736.902959
1388.974385
1442.199335
1301.541448
1425.754661
1496.520897
1783.099343
1399.434012
1305.675843
2267.379249
1562.801808
2262.102499
1479.639049
2277.268541
1723.542683
1639.857370
1728.662726
1486.936092
1585.832124
1355.268320
1263.881319
1421.886688
1170.269489
1299.197389
1217.473558
1508.742069
1643.940147
1748.521880
1756.611129
1591.516768
1289.379641
2270.040575
1507.277104
1924.587741
1877.747648
1769.092768
1966.141409
2067.358906
1516.935693
1550.142048
1778.246051
1806.673632
1995.469642
2362.151409
1510.161350
1495.230589
2359.239184
1930.630410
1979.854678
1529.501606
1198.611050
1562.929157
1614.613895
1516.969408
1300.313903
1786.394797
1948.008674
1543.335896
1740.163006
1761.122651
1970.200649
1743.804334
1386.079206
1101.400496
1063.064137
1139.687834
1771.945175
1605.762381
1599.828713
1571.081323
1672.206512
2019.489580
2017.421858
1911.007548
2046.138953
2004.359381
1380.848646
1464.103753
1961.952441
1534.519571
1591.833616
1592.962208
1658.517049
2142.061937
2045.216671
1975.768923
1340.542045
1652.284772
1649.159143
1770.416005
1777.138042
1781.264201
1652.599798
1606.945580
1776.174048
1778.254141
1803.784620
2178.156061
2311.398007
1566.291039
1785.278545
2272.451462
1759.895760
1687.024747
1429.508822
1410.302117
2168.060611
1457.398561
1706.592458
1727.824295
2243.300711
1913.229241
2063.956763
1833.315009
1610.190247
2019.986471
1990.960878
2091.025967
1588.060493
1667.334959
1635.988079
1914.809295
2620.528930
1699.403166
1696.184626
1705.787711
1911.652481
1732.025326
1710.003327
1875.346721
1569.754426
1732.407109
1659.800641
1787.696133
1788.981351
1777.089236
1538.216417
1328.364441
1770.423347
1354.909491
1795.697716
1800.734739
1692.373385
1415.541302
1310.092000
1469.301161
1127.024852
1412.024664
1578.154507
1312.678086
1302.063101
1474.444474
1327.252942
1221.065095
1456.205344
1420.157131
1254.571602
1423.743841
1163.526207
1214.699974
1802.125929
1340.472423
1912.228225
1266.067209
1293.022765
1964.249544
1428.066937
1385.380069
2069.776300
2058.529763
1748.328475
1792.831217
1768.514339
1578.646549
2142.562884
1770.712096
2308.407184
1933.459798
2164.513515
1741.106232
1783.327800
1466.550773
1492.215005
2285.868015
1817.174148
1778.568991
1803.823558
1066.655090
1945.350899
1605.150915
1569.739249
1978.548696
1309.261254
2077.023355
1696.659173
2353.192442
1999.392577
1541.298774
1585.133278
1680.196787
1355.486159
1502.043733
1770.109954
1471.776058
2306.097494
2455.003696
1434.024747
1497.209407
1347.150698
1850.594808
1455.278353
1334.081329
1211.485962
1738.361444
1334.222853
1732.781380
2304.959619
1574.183434
1684.843727
2448.830946
1658.067486
1527.401162
2406.489888
2575.230042
1568.001476
1527.330939
2436.538262
1971.983958
2135.849057
3078.889289
1536.973821
1396.567046
2089.399615
1759.154630
1668.017891
1795.507833
2074.091721
2162.132072
1973.564175
1483.225973
1736.703952
2074.037748
1800.162685
1302.704072
1655.937641
1508.188599
2072.612692
1836.478095
1539.398913
1691.970550
2289.199950
2004.309597
1533.441789
1701.345907
1730.390719
1578.574563
2164.713896
1971.122787
2227.124998
1857.948063
1824.309576
2393.062379
1908.693041
1339.587161
1600.449665
1348.223668
1507.335117
2035.018989
1474.107841
1875.044431
2129.854594
1839.482503
1738.467268
1514.087648
1421.890346
1518.591172
2204.733996
2284.819752
1557.469364
1565.243469
1830.849622
1346.022525
1561.095398
1219.287721
1357.253144
1602.749782
1712.768057
1729.922363
1642.366232
1475.041020
1771.642129
1504.535721
1409.000578
1742.941740
1538.769355
1344.498794
1855.882107
2012.127895
2333.901825
1448.119656
1594.090859
1671.901148
1760.256246
2110.408026
2044.187362
1781.711846
1122.708594
2155.068538
1727.331038
1326.837888
2194.816403
2017.983006
1914.535644
1338.635475
1405.151686
2089.426032
1919.161751
1801.966357
2609.914282
2342.568419
2069.080618
2030.128905
1872.708246
1915.707724
2755.798410
2044.131095
2048.600012
1927.919405
2079.181466
1926.653664
1847.625811
1877.036830
1996.574463
2327.138162
2078.677400
1740.558120
2219.077847
2315.061316
1854.136544
2460.500038
2218.594613
1761.375210
2274.153904
2422.410250
2191.996937
3058.596536
2286.125787
1650.749835
2459.425974
1669.575684
1873.117236
2364.060000
2451.525108
1789.319533
2304.058318
2154.529866
1988.378688
1925.320259
2905.819185
2599.971480
1755.610293
1838.050000
1687.137704
1654.185054
2521.503080
2193.053770
1822.948691
2600.364965
1692.382383
1697.990572
2461.863462
2292.909237
2976.792796
2532.641004
2244.951924
2095.589553
2225.341153
2094.181498
1853.790430
1740.878412
1719.528875
2618.148285
1697.190229
1733.262077
1736.031162
1814.571899
1817.877220
1679.341577
1974.600068
1791.176488
1855.816545
2016.682449
1639.458737
1542.055964
1922.695592
2401.283991
2175.016357
2273.451163
2348.207414
1814.533242
1917.724072
1643.283771
1657.865916
1677.990213
1565.494319
1914.802487
1649.268932
1857.936646
2309.579252
1791.200663
2306.448361
1854.201061
1864.922372
1784.602520
2261.151613
1596.120296
2220.052221
1369.933577
1775.767462
1819.699141
1661.618142
1624.983814
1687.128410
1746.233680
2143.085376
1632.582538
1686.858570
1546.092373
2271.120306
2260.301815
1646.116649
2293.527216
2162.344519
1768.852800
2457.999381
2150.595853
1942.239895
1961.196399
2192.754016
2165.955059
2002.311388
2079.849777
2340.068627
2247.280387
2335.949641
1916.319769
1321.270115
1356.645252
1787.145345
1837.804262
3946.577307
3774.506216
2356.030310
1659.558496
2230.624967
1921.354205
1706.960393
1847.920911
2427.226661
1716.458251
1906.884224
1878.051908
1776.808250
3334.983004
3743.436943
1457.655076
1470.787423
1612.540570
1658.160413
1822.031606
1561.798438
1744.150892
1926.027760
1647.877675
1598.225831
1582.705307
2064.469174
1908.742342
2169.647324
1734.059772
1985.346426
2279.689723
2155.057472
1824.584868
1711.740295
1817.146233
1830.764214
1796.852399
2702.431292
2031.979051
2384.718342
2116.202647
2483.973964
2081.551309
1510.163675
1523.051292
1548.764751
1636.616041
1697.772993
1748.939395
2408.038171
1756.662928
2114.345409
2275.619920
1984.061356
1886.507546
1717.702121
1891.358810
1600.642108
1816.553512
1738.183230
1600.615098
2100.630105
1974.092453
2471.972892
2437.383572
1732.184275
3190.707255
2258.391056
2348.602347
3152.566552
2797.816179
3085.127409
2984.066396
1701.200083
2242.233366
2227.409543
1825.893380
2121.238410
2002.339630
1875.717659
1636.806295
1940.006553
1879.535589
1686.829282
1782.895972
2333.797253
2245.001736
2571.110135
2571.751546
2038.303180
2370.905273
1883.694989
2370.067992
2151.804274
2311.214193
2040.325484
2870.370149
2840.806169
2085.453636
1873.879421
2071.638219
1963.170661
2038.212747
1737.445766
2007.482572
2168.316428
2675.541825
2043.077688
1867.477980
1716.120497
1718.225578
2303.439852
1866.794425
2212.802159
1975.955147
2219.979134
2039.760938
2477.904831
2368.473350
2453.539207
2454.396081
2399.531312
2436.362294
2919.044735
2561.129632
2399.354071
2333.256203
2324.477334
2339.065298
2325.593447
2276.458986
2348.454719
2156.088424
2514.637756
1891.565671
2618.492418
1457.695419
1330.593812
1251.808072
1850.041998
1292.028623
1913.442596
1566.846445
1512.568967
1425.409551
1430.328033
1464.353813
1250.358752
1522.133182
1652.266786
1804.838103
1678.984067
1640.065769
3875.016209
1588.028118
1524.601985
1343.777476
2152.415538
1514.504776
1425.909219
1449.107786
1547.051420
1543.434098
1348.586781
1512.572590
831.067198
1515.283112
1511.974248
2150.773459
1780.010385
1230.752012
4398.650168
2811.594967
2228.245215
1423.890089
2127.785071
2326.078337
1309.146896
1336.814544
1163.883024
1361.684833
1608.716260
1825.421251
1296.518095
1930.904448
1908.724363
2065.173814
2037.144946
2628.222288
3236.900365
3068.309894
2772.996602
2040.224543
1717.200168
2757.492113
3112.100168
1801.044516
1897.766024
1765.390741
1835.523836
2012.104778
1817.684483
1776.943248
1823.126344
1807.452556
1958.724759
1731.007493
1266.662088
1780.886049
2022.877288
1674.020919
1466.168782
2038.465372
1914.309632
2307.367949
1847.456041
1798.536332
1840.350496
1843.388701
1829.339749
1828.465509
2594.670629
2049.897114
1919.640729
1811.863639
1596.748278
1876.135862
1903.916821
1856.436109
2323.496884
1599.147739
2272.559678
2030.169479
2077.689257
1377.524633
1644.473850
6353.968314
