 2  3  4  5  6  7  0 
 1  7  8  9  3  0 
 1  2  9  10  11  4  0 
 1  3  11  12  5  0 
 1  4  12  13  6  0 
 1  5  13  14  7  0 
 1  6  14  8  2  0 
 2  7  14  15  9  0 
 2  8  15  10  3  0 
 3  9  15  16  11  0 
 3  10  16  12  4  0 
 4  11  16  13  5  0 
 5  12  16  14  6  0 
 6  13  16  15  8  7  0 
 8  14  16  10  9  0 
 10  15  14  13  12  11  0 
 2  3  4  5  6  0 
 1  6  7  8  3  0 
 1  2  8  9  4  0 
 1  3  9  10  11  5  0 
 1  4  11  12  6  0 
 1  5  12  13  7  2  0 
 2  6  13  14  8  0 
 2  7  14  15  9  3  0 
 3  8  15  10  4  0 
 4  9  15  16  11  0 
 4  10  16  12  5  0 
 5  11  16  13  6  0 
 6  12  16  14  7  0 
 7  13  16  15  8  0 
 8  14  16  10  9  0 
 10  15  14  13  12  11  0 
Done