20	1
22	0
24	1
26	1
28	2
30	3
32	6
34	6
36	15
38	17
40	40
42	45
44	89
46	116
48	199
50	271
52	437
54	580
56	924
58	1205
60	1812
62	2385
64	3465
66	4478
68	6332
70	8149
72	11190
74	14246
76	19151
78	24109
80	31924
82	39718
84	51592
86	63761
88	81738
90	99918
92	126409
94	153493
96	191839
98	231017
100	285914
102	341658
104	419013
106	497529
108	604217
110	713319
112	860161
114	1008444
116	1207119
118	1408553
120	1674171
122	1942929
124	2295721
126	2650866
128	3114236
130	3580637
132	4182071
134	4787715
136	5566949
138	6344698
140	7341204
142	8339033
144	9604411
146	10867631
148	12469092
150	14059174
152	16066025
154	18060979
156	20558767
158	23037594
160	26142839
162	29202543
164	33022573
166	36798433
168	41478344
170	46088157
172	51809031
174	57417264
176	64353269
178	71163452
180	79538751
182	87738311
184	97841183
186	107679717
188	119761075
190	131561744
192	145976674
194	159999462
196	177175687
198	193814658
200	214127742
202	233846463
204	257815889
206	281006325
208	309273526
210	336500830
212	369580714
214	401535955
216	440216206
218	477420176
220	522599564
222	565900181
224	618309598
226	668662698
228	729414880
230	787556069
232	857934016
234	925042498
236	1006016526
238	1083451816
240	1176632247
242	1265323971
244	1372440782
246	1474111053
248	1596482232
250	1712934069
252	1852762875
254	1985250572
256	2144943655
258	2295793276
260	2477017558
262	2648697036
264	2854536850
266	3048609900
268	3282202941
270	3501931260
272	3765465341
274	4014007928
276	4311652376
278	4591045471
280	4926987377
282	5241548270
284	5618445787
286	5972426835
288	6395981131
290	6791769082
292	7267283603
294	7710782991
296	8241719706
298	8738236515
300	9332065811