5.236068
4.962940
5.102387
4.771767
4.771446
4.728649
4.536299
4.496837
4.544923
4.577488
4.631833
4.606627
4.621873
4.589787
4.653279
4.649260
4.715594
4.678487
4.693119
4.568526
4.522657
4.541752
4.609810
4.469409
4.445049
4.512954
4.421038
4.534715
4.517982
4.603545
4.579247
4.594873
4.653090
4.490584
4.550239
4.559169
4.654023
4.562431
4.587036
4.617748
4.622903
4.584253
4.728051
4.725449
4.403573
4.423861
4.475404
4.519756
4.519118
4.489191
4.569090
4.631081
4.607726
4.740215
4.727687
4.470814
4.485745
4.402007
4.387541
4.366571
4.367749
4.364309
4.405878
4.347981
4.407007
4.525654
4.358142
4.440994
4.365953
4.357277
4.480530
4.423291
4.496123
4.441053
4.391860
4.446150
4.439935
4.376367
4.410272
4.417223
4.454724
4.440017
4.549190
4.431583
4.356729
4.425832
4.384893
4.310977
4.333510
4.443442
4.434375
4.535915
4.453517
4.451919
4.519342
4.519805
4.253291
4.322339
4.266421
4.269233
4.212045
4.222105
4.340561
4.310865
4.382494
4.227301
4.168469
4.285914
4.122066
4.203676
4.184249
4.115165
4.160564
4.251685
4.217468
4.298319
4.111355
4.202555
4.182300
4.243348
4.129327
4.103036
4.059343
4.084833
4.159595
4.229867
4.107050
4.319736
4.320191
4.113533
4.074246
4.174920
4.223634
4.047177
4.154732
4.166981
4.161673
4.216118
4.315304
4.184256
4.173892
4.233876
4.179871
4.142127
4.252229
4.194344
4.233526
4.273457
4.323241
4.326432
4.258067
4.346852
4.290987
4.360860
4.214020
4.401243
4.359586
4.272050
4.355188
4.339535
4.330096
4.321060
4.372779
4.420116
4.473230
4.277061
4.311008
4.256489
4.183479
4.284401
4.334345
4.312995
4.278219
4.288683
4.352935
4.437923
4.468624
4.316680
4.432387
4.309750
4.162916
4.244451
4.199793
4.175719
4.262668
4.206182
4.159853
4.151607
4.175745
4.188949
4.290701
4.172601
4.196956
4.197413
4.239481
4.172909
4.172009
4.381564
4.171877
4.208186
4.226243
4.428338
4.165348
4.147541
4.170562
4.322522
4.251341
4.273626
4.166308
4.244084
4.403419
4.280655
4.302679
4.177060
4.172762
4.176229
4.195733
4.210966
4.202830
4.208503
4.216322
4.294962
4.164017
4.249474
4.184838
4.281984
4.181032
4.203161
4.235905
4.215865
4.341949
4.223187
4.218514
4.214726
4.265040
4.364135
4.274927
4.332779
4.353298
4.395972
4.307396
4.335014
4.355639
4.351696
4.221268
4.277115
4.290838
4.280559
4.401950
4.211727
4.047390
4.067648
4.163818
4.324236
4.355623
4.126190
4.088205
4.242024
4.150852
4.150166
4.199358
4.321881
4.187850
4.223597
4.265841
4.291802
4.165857
4.233051
4.211367
4.272089
4.209177
4.330427
4.174103
4.163082
4.159512
4.421563
4.295443
4.191672
4.236815
4.258012
4.321638
4.273498
4.268684
4.392799
4.259065
4.342271
4.271065
4.588630
4.412891
4.414397
4.475344
4.426915
4.602849
4.640338
4.706706
4.375019
4.295145
4.260107
4.258887
4.316433
4.305594
4.330387
4.302218
4.378889
4.207394
4.337825
4.350737
4.346807
4.273142
4.322830
4.323009
4.294506
4.406121
4.246475
4.263983
4.254504
4.295298
4.370080
4.301026
4.275207
4.320469
4.395457
4.362968
4.264772
4.205211
4.352399
4.434359
4.465502
4.673638
4.387124
4.437499
4.463144
4.213606
4.258805
4.214824
4.172267
4.267082
4.300333
4.255528
4.044722
4.036471
4.030777
4.097848
4.104224
4.068549
4.095780
4.178420
4.121920
4.244714
4.072748
4.131278
4.096590
4.165114
4.105120
4.067212
4.006515
4.039756
4.044033
4.126866
4.070292
4.176046
4.179167
4.001162
4.141982
4.054452
3.992154
4.145155
4.039868
4.066650
4.171239
4.200365
4.129197
4.142763
4.136528
4.247289
4.282110
4.289126
4.146815
4.208159
4.158280
4.127267
4.268040
4.167777
4.209476
4.266595
4.311535
4.327653
4.275111
4.349875
4.295465
4.394821
4.241205
4.272449
4.318385
4.353498
4.301713
4.380668
4.341468
4.307769
4.228480
4.327319
4.269825
4.276825
4.348414
4.359312
4.123059
4.211639
4.083440
4.054102
4.192469
4.176491
4.172776
4.188161
4.255753
4.362904
4.223287
4.328855
4.244954
4.076405
4.150772
4.133338
4.097288
4.151045
4.077595
4.096197
4.059948
4.089384
4.096031
4.202798
4.094461
4.116033
4.113239
4.155018
4.123194
4.094891
4.326536
4.102816
4.164638
4.176117
4.105048
4.079322
4.121010
4.282329
4.264416
4.219527
4.338509
4.392995
4.251014
4.231629
4.224470
4.140479
4.275501
4.229178
4.165703
4.196942
4.235424
4.295985
4.239447
4.293665
4.268557
4.215967
4.314802
4.311166
4.202074
4.297047
4.324468
4.296174
4.210760
4.288306
4.176844
4.156372
4.251027
4.275548
4.273716
4.284663
4.433375
4.310216
4.500361
4.524033
4.258271
4.251552
4.262984
4.273163
4.249870
4.250463
4.274863
4.288361
4.224526
4.420480
4.267077
4.178312
4.251166
4.179374
4.296446
4.222561
4.297606
4.334297
4.321887
4.277779
4.298546
4.354714
4.325733
4.332369
4.443702
4.308551
4.357856
4.180287
4.160373
4.280379
4.212025
4.284586
4.185940
4.185646
4.200258
4.265621
4.154346
4.114927
4.166579
4.267767
4.085181
3.848933
3.994388
3.890026
4.100173
4.052193
3.918998
3.926972
4.007170
4.030113
4.063226
3.939860
4.013659
4.039641
4.144689
4.143841
4.234332
3.980321
4.075341
3.954517
4.057277
4.124287
4.040065
4.159856
4.052779
4.141376
4.029775
3.915033
3.947065
4.021145
4.024933
3.887422
3.995201
3.986271
3.913297
4.013349
3.995363
3.816514
3.879162
4.097014
4.021119
4.006339
4.037163
4.112335
4.132870
4.026917
4.060532
4.179347
4.251622
4.305896
3.985959
4.201101
4.027822
4.050922
4.049230
4.116660
4.013099
3.996950
4.035715
4.026141
4.202316
3.934984
3.949328
4.029556
4.261202
4.056823
4.052621
3.980471
4.036201
4.116587
4.210860
4.083131
4.263923
4.123052
4.055175
4.092812
4.077731
4.037161
4.055513
4.109942
4.090273
4.141287
4.157649
4.149878
4.148124
4.105420
4.148246
4.178608
4.153190
4.099635
4.203536
4.288087
4.271077
4.266937
4.315242
4.016677
4.004857
4.090521
4.060290
4.276917
4.150412
4.019867
3.992566
3.953964
4.000668
4.091677
4.077191
4.065717
4.125528
4.044616
4.136287
4.050310
3.948491
3.991689
4.102187
4.034661
4.054467
4.100523
4.083446
4.033151
4.022725
4.054143
4.261535
4.117104
4.109233
4.212916
4.075973
4.227647
4.092746
4.155915
4.085114
4.240509
4.130843
4.072578
4.028729
4.010041
4.017605
4.014381
4.049398
4.129751
4.035583
4.159987
3.971630
3.996576
4.025810
4.026840
4.255456
4.141280
4.170770
4.168169
4.044907
4.096515
4.116948
4.096409
4.180059
4.225128
4.183695
4.151794
4.206453
4.217575
4.311352
4.094122
4.112317
4.212608
4.129260
4.223454
4.258031
4.076496
4.262116
4.135822
4.180623
4.156578
4.102544
4.164442
4.241394
4.145831
4.115033
4.036813
4.026959
4.162413
4.209485
4.135663
4.074055
3.958415
3.969619
3.949436
3.862047
4.470875
4.226253
4.287916
4.238197
4.241127
4.309452
4.110027
4.190670
4.086584
4.021390
4.118113
4.103540
4.101874
4.230146
4.115601
4.028132
3.973423
3.957266
3.930497
4.000222
4.061896
4.011409
3.923018
4.106584
4.149606
4.158442
4.098710
4.013302
4.024226
3.961485
3.977112
4.158894
4.055491
3.964242
3.927889
4.237702
4.065204
4.090690
4.097041
4.062819
4.214528
4.142001
3.980690
3.976139
3.997728
3.984773
4.075971
4.100335
4.161530
4.057062
4.062103
4.105216
3.884237
3.945938
3.905409
3.970030
3.985154
4.186786
4.014755
3.925251
3.976010
3.962936
4.052285
3.985503
4.056068
4.109236
4.045432
4.065727
3.826693
3.892521
3.894400
3.914420
3.758692
3.698959
3.748356
3.743413
3.928070
3.913240
3.878531
3.885150
3.888144
3.852763
3.889056
3.892499
3.831570
3.875899
3.785273
4.016831
3.912527
3.958923
3.852558
3.905146
3.916745
3.834085
3.794100
3.922224
3.644103
3.648017
3.690418
4.003974
3.944523
3.912477
3.847296
3.744964
3.894254
4.018912
3.995313
4.099058
3.987056
3.843806
3.844511
4.117228
3.910592
3.915591
3.948898
3.970473
4.134102
3.989144
4.149115
3.835586
3.752111
3.785837
4.098385
3.846661
3.852419
3.917506
4.003265
3.995951
3.928558
4.037308
4.019709
3.890149
3.801623
3.848518
3.999405
3.875327
3.935513
3.923912
3.971399
3.872470
3.892638
3.972961
3.821279
3.846731
3.786257
3.897438
3.864137
3.932610
3.990302
3.770998
3.836514
3.923345
3.848031
3.867753
3.982584
4.020374
3.910574
3.870711
4.114170
3.885690
3.925005
3.774386
3.841330
3.843470
3.819331
3.774101
3.831175
4.014789
4.006102
3.723790
3.702464
3.766417
3.828260
3.859251
3.928778
3.968099
3.967770
4.008934
3.896398
4.015009
3.878178
3.876040
3.918791
4.030638
4.130078
3.955752
3.902200
3.767940
3.789402
3.948083
3.880603
3.987739
3.996285
4.073834
3.993322
4.004455
3.965041
3.964601
4.154403
3.897962
3.996602
4.095684
4.040203
4.003782
4.009167
4.012842
4.048722
3.918617
3.976778
4.024502
4.014279
3.928783
3.843187
3.937335
3.753838
3.712444
3.852259
4.010169
3.907901
3.868326
3.859914
3.868429
3.873694
3.850085
3.740994
3.751717
3.934302
3.962897
4.020774
3.968355
3.922606
3.897979
3.957682
3.909871
3.946347
3.887032
3.927538
4.105541
3.890822
4.027818
4.075666
4.031189
4.030703
4.040937
4.090504
4.094084
3.928679
3.923685
3.982055
4.014147
4.056574
4.059232
3.969835
3.830712
3.903167
3.985451
3.936766
4.018477
4.025417
3.948915
3.988687
3.943045
4.058791
4.032420
4.028548
4.004994
4.072310
4.014776
4.006469
4.033296
4.075008
4.044795
4.072012
4.162906
4.132871
3.959575
3.976024
4.007069
4.092351
3.934961
4.239995
4.054364
3.968418
3.936316
3.859733
3.920557
3.793101
3.866967
3.886186
4.037170
4.093428
3.953289
3.939806
4.058736
3.998741
3.960354
4.023670
4.057095
3.984578
4.118863
4.036468
4.020790
3.882527
3.866943
3.984711
4.046928
3.948136
3.922556
4.160761
3.903395
3.820476
3.858721
3.946811
3.988705
3.906826
4.022536
3.957053
4.020556
4.167474
4.309114
4.241392
4.079996
4.006342
4.013425
3.952753
3.917061
4.190170
3.892735
3.817420
3.913727
4.056208
4.083837
4.058666
3.975675
3.915047
4.002533
4.040624
4.135985
4.103221
4.105715
4.169527
4.144505
4.141213
3.964309
3.947288
3.989805
4.005517
4.059871
4.010088
4.049235
4.026669
3.934703
3.895434
4.045063
4.015398
3.988015
4.005333
4.110205
4.199308
3.958747
4.029159
3.923954
3.965313
4.312699
4.312084
4.203964
4.042736
4.058559
4.314730
4.146590
4.197716
4.318447
4.315592
4.162050
3.962144
4.039611
4.346359
4.255196
3.876377
3.991959
3.998705
4.070528
4.078534
4.078960
4.038971
4.129132
4.017134
3.941961
3.908193
3.863638
3.799332
4.082795
3.928160
3.838552
4.049683
4.093792
4.049222
4.114720
4.498078
4.215077
4.180685
4.246782
4.254477
4.092652
4.064473
4.037201
3.806176
3.947606
3.890833
3.798482
3.822149
3.826059
3.895343
3.872512
3.981585
3.982483
3.935432
4.117899
4.029850
4.040432
4.187729
4.177399
4.137809
4.245226
4.186291
4.255029
4.184620
4.128096
4.107398
4.124713
4.198669
3.901683
3.861121
4.037458
3.957265
3.875194
3.982008
3.923259
3.986851
4.090017
4.039687
4.125213
4.028041
4.000967
3.885660
3.892951
4.118735
3.976402
4.030678
4.025087
3.979820
4.101332
3.899331
3.894436
3.829563
3.794828
3.993726
3.904357
3.849283
3.938021
3.951093
3.953451
3.949151
4.022250
3.939487
3.930378
3.940530
3.926543
3.915588
4.007819
4.105202
4.072582
4.020345
3.979972
3.947515
4.013610
3.960420
4.047131
3.964843
4.122673
4.147063
4.083423
4.080678
4.096014
4.117816
4.106045
4.076662
4.101439
4.295017
4.297669
4.334758
4.337352
4.269437
4.332074
4.204477
4.104603
4.088056
4.190126
4.178500
4.137547
4.118065
3.989244
3.973001
4.088723
4.036895
3.979906
4.062971
4.017033
4.148052
4.160970
4.195789
4.172490
3.964108
3.978774
4.001275
4.045092
3.988792
4.047297
4.105528
3.940440
4.082090
3.980225
4.016170
4.111111
3.949520
3.981028
3.980771
4.035078
4.036046
4.097846
4.124972
4.083503
4.030443
4.071544
4.040619
4.046887
4.029374
3.978884
3.978181
4.024172
4.268572
4.205853
4.189983
3.888186
4.074874
4.073610
4.035320
3.933493
3.931808
3.984831
3.914545
4.088814
3.992120
4.013922
4.032099
3.984616
3.999019
4.078786
4.035088
4.076131
3.999902
4.003978
3.889201
3.926787
4.066914
4.099873
4.147159
4.050109
3.968922
4.019311
3.887306
4.011739
3.731869
3.670648
3.725734
3.890871
3.809202
3.942824
3.906353
4.051374
4.035592
3.859637
3.732230
3.884286
3.828628
3.856827
3.850748
3.925470
3.793387
3.774675
3.780498
3.821179
3.874901
3.886196
3.873669
3.875662
3.915610
3.862025
3.900915
4.013308
3.953470
3.915045
4.039435
4.013585
4.193755
3.909120
3.906211
4.016906
3.993206
3.877854
3.877212
3.886779
3.897589
3.872728
3.823357
3.972770
3.864292
3.928569
3.756041
3.761203
3.824116
3.885983
3.987656
3.855492
3.895299
3.859499
4.243717
3.921166
4.006586
4.042120
4.212033
3.972049
3.896687
3.845799
3.800074
3.764919
3.904622
3.961667
3.715498
3.864561
3.814173
3.833999
3.896382
3.850409
3.928482
4.077365
3.913853
3.843649
3.956668
3.967168
3.767177
3.785052
3.823214
3.854237
3.909607
3.869630
3.911259
3.861303
3.823533
3.863242
4.078341
3.900314
3.906790
3.870596
3.826410
4.163548
4.018472
4.828427
4.305147
4.153747
4.176430
4.162033
4.238801
4.196894
4.181233
4.205341
4.206069
4.160737
4.142366
4.157812
4.161734
4.212247
4.157356
4.122857
4.132177
4.125711
3.824050
3.914874
3.809614
3.860614
3.997604
3.983967
3.887461
3.985010
3.804860
3.941088
3.862584
3.882085
4.040976
4.050503
4.008194
3.929787
3.863372
3.894096
3.943309
3.952051
3.902811
4.035569
3.973926
4.003983
3.906958
3.880931
3.933463
3.982687
3.930893
4.078818
3.914379
3.895169
3.935826
3.902439
3.964768
3.994447
4.090083
3.881099
3.730505
3.799813
3.799881
3.863454
3.944304
3.891212
3.779242
3.815568
3.837194
3.932825
3.909293
3.880320
3.967612
3.940635
3.925752
3.942862
4.056498
4.039919
3.958380
3.839430
3.951982
3.761301
3.890668
3.942185
3.960386
3.942298
3.946291
3.950085
4.065725
3.807504
3.798854
3.830472
3.708752
3.864644
3.814624
3.876993
3.941898
3.969966
4.025868
3.714020
3.850839
3.821277
3.901509
3.942425
3.938151
3.947581
4.037065
3.969991
3.981427
4.012826
4.082217
3.944251
3.958758
3.957224
3.929664
3.910565
3.999534
3.931093
3.928478
4.019842
3.887897
4.103376
3.941211
3.928759
3.876593
3.910561
3.905750
4.023321
3.787421
3.783969
3.793649
3.670185
3.709647
3.794797
3.811800
3.819295
3.794921
3.811781
3.788589
3.694720
3.736413
3.772075
3.816118
3.689222
3.731311
3.764507
3.818866
3.888055
3.766733
3.722066
3.602642
3.635589
3.740144
3.778895
3.856377
3.729162
3.693192
3.637367
3.779452
3.732795
3.834707
3.915648
3.839294
3.959108
3.732344
3.730681
3.764599
3.870260
3.850491
3.752320
3.689733
3.717046
3.809932
3.742986
3.808256
3.792552
3.882585
3.840481
3.733201
3.761422
3.818909
3.796647
3.728760
3.871719
3.987778
3.693386
3.669388
3.743309
3.776035
3.832229
3.975264
3.976726
3.904378
3.873232
3.873643
3.895535
3.764729
3.807342
3.984548
3.874361
3.954077
3.900474
3.843459
3.953802
3.854454
3.858678
3.606672
3.669852
3.726245
3.682472
3.628682
3.613533
3.722724
3.622907
3.745685
3.820165
3.751472
3.822203
3.878478
3.884311
3.841898
3.999379
3.992916
3.904552
3.858903
3.816781
3.773002
3.888199
3.913197
3.856270
3.891754
3.970862
3.710239
3.767577
3.911345
3.836087
3.948809
3.871373
3.874252
3.821880
3.977553
4.029394
3.762888
3.736988
3.849896
3.791645
4.145686
3.911849
4.064733
3.956743
4.218484
3.910371
3.820655
3.848590
3.920391
3.904747
3.839892
3.939445
4.135599
3.918435
3.622687
3.677675
3.730886
3.700935
3.782964
3.755130
3.808207
3.588875
3.622178
3.572489
3.639425
3.657415
3.650901
3.734973
3.759336
3.785720
3.711834
3.662381
3.709860
3.891491
3.924888
4.020606
3.835783
3.721911
3.820441
3.598237
3.689317
3.799413
3.760848
3.745911
3.633806
3.589713
3.698126
3.629846
3.753202
3.760235
3.785607
3.773890
3.840284
3.951890
3.767669
3.871437
3.697076
3.840655
3.696060
3.854214
3.698513
3.747938
3.600765
3.725442
3.902985
3.589758
3.593083
3.735354
3.683975
3.821574
3.677488
3.724726
3.729345
3.863673
3.973077
3.968922
3.837800
3.822352
3.729840
3.811736
3.805454
3.736546
3.700454
3.802234
3.615301
3.709852
3.765769
3.754480
3.647398
3.718561
3.776585
3.828516
3.718813
3.664111
3.740669
3.709518
3.633133
3.636137
3.734578
3.807580
3.721334
3.722399
3.752950
3.890199
3.866075
3.682200
3.716005
3.761836
3.751166
3.730939
3.642063
3.642385
3.738824
3.833927
3.792909
3.783656
3.775289
3.738725
3.828621
3.645283
3.643662
3.763779
3.746130
3.858060
3.908098
3.863129
3.666739
3.754084
3.724500
3.591614
3.578689
3.504976
3.563330
3.701776
3.623730
3.668210
3.761795
3.761725
3.808761
3.613001
3.573277
3.712039
3.705523
3.711578
3.838720
3.701119
3.714289
3.791857
3.786623
3.742468
3.846209
3.814322
3.907812
4.333234
3.819526
3.703067
3.652444
3.654275
3.690513
3.649084
3.723989
3.723989
3.642782
3.602819
3.803577
3.778457
3.895107
4.000000
3.579945
3.500356
3.558496
3.565935
3.419185
3.493368
3.609521
3.604844
3.704233
3.561553
3.590543
3.489289
3.480441
3.585772
3.477719
3.488309
3.570228
3.583627
3.361469
3.386364
3.463566
3.477516
3.543462
3.489289
3.316661
3.489289
3.693995
3.000000
