5.723813
5.703205
5.712639
5.692023
5.692002
5.690690
5.685715
5.683991
5.683467
5.684750
5.685205
5.683154
5.690338
5.687750
5.687306
5.687702
5.690948
5.691874
5.689487
5.683751
5.682353
5.682240
5.683791
5.682446
5.680816
5.680797
5.682410
5.681897
5.680278
5.683510
5.681388
5.681567
5.685247
5.680651
5.681550
5.681624
5.686808
5.682044
5.683898
5.683787
5.683821
5.683976
5.691643
5.691604
5.682038
5.680411
5.680104
5.681626
5.681478
5.679658
5.685099
5.684670
5.684880
5.690029
5.688534
5.679590
5.679868
5.678156
5.677916
5.678407
5.678132
5.678700
5.679576
5.677302
5.677215
5.680826
5.675786
5.677018
5.678121
5.676054
5.679147
5.676180
5.679957
5.677449
5.675572
5.677728
5.678019
5.674941
5.676329
5.676575
5.678642
5.676328
5.682410
5.678244
5.676281
5.679656
5.677606
5.675113
5.675338
5.678775
5.678894
5.680536
5.679009
5.679502
5.678726
5.680517
5.673737
5.673878
5.673759
5.673722
5.675799
5.675049
5.676586
5.674247
5.676680
5.673360
5.673222
5.675597
5.670703
5.670845
5.672599
5.670527
5.671591
5.672373
5.670627
5.674391
5.670504
5.670901
5.670231
5.672318
5.672110
5.670495
5.668625
5.670105
5.670461
5.672491
5.670205
5.676216
5.676211
5.674146
5.672123
5.672440
5.673589
5.670093
5.672784
5.671539
5.671223
5.671836
5.675258
5.673018
5.675147
5.673843
5.672103
5.673009
5.674956
5.672477
5.673707
5.674539
5.674898
5.675111
5.674960
5.675326
5.672645
5.675576
5.672491
5.677037
5.674858
5.673470
5.676111
5.674346
5.673226
5.674753
5.675906
5.675889
5.678044
5.672185
5.673867
5.672355
5.671087
5.673469
5.674548
5.672681
5.672192
5.672572
5.673834
5.677065
5.677764
5.674367
5.677582
5.674241
5.670354
5.671606
5.671920
5.670389
5.672634
5.670390
5.670136
5.668676
5.670218
5.670101
5.672552
5.670359
5.670589
5.670513
5.672143
5.669830
5.669545
5.676060
5.669743
5.671147
5.671296
5.677990
5.669771
5.669374
5.669779
5.675592
5.672675
5.674471
5.671505
5.671585
5.676950
5.675519
5.673730
5.671394
5.671422
5.671319
5.671155
5.671471
5.673547
5.675922
5.672880
5.673226
5.669775
5.671014
5.671358
5.672597
5.670465
5.670298
5.672269
5.670613
5.674564
5.671918
5.671079
5.670991
5.672642
5.675435
5.673552
5.673771
5.675519
5.676021
5.673805
5.673688
5.675856
5.674588
5.671676
5.674282
5.673668
5.672386
5.676030
5.671081
5.667981
5.669542
5.669641
5.673749
5.674344
5.669801
5.669211
5.673037
5.669103
5.668711
5.670270
5.673577
5.669165
5.671312
5.672288
5.672967
5.669107
5.671130
5.671269
5.672966
5.670697
5.673775
5.669366
5.669049
5.668807
5.676622
5.672876
5.670731
5.670499
5.671843
5.672992
5.671394
5.671491
5.675673
5.672199
5.674117
5.672838
5.682848
5.678791
5.678138
5.679623
5.677657
5.684582
5.684410
5.687016
5.677678
5.676248
5.676453
5.676595
5.674451
5.674524
5.674721
5.674231
5.674993
5.673599
5.674958
5.675295
5.675058
5.673132
5.674853
5.674773
5.673507
5.677466
5.672514
5.672727
5.672548
5.674021
5.675889
5.673532
5.672132
5.673468
5.675354
5.676512
5.674090
5.672932
5.674088
5.677094
5.678107
5.684189
5.677472
5.677156
5.678924
5.672357
5.672530
5.672122
5.671911
5.674394
5.674602
5.672404
5.670014
5.670066
5.668890
5.669066
5.670524
5.668644
5.669720
5.670531
5.668791
5.672768
5.668510
5.668953
5.668289
5.670329
5.670070
5.668548
5.666671
5.668072
5.668055
5.670040
5.668494
5.672738
5.672705
5.670108
5.671353
5.670016
5.668000
5.670920
5.669089
5.668992
5.670249
5.671502
5.669124
5.669360
5.669289
5.672674
5.673818
5.673802
5.670917
5.671685
5.669934
5.670789
5.673205
5.670348
5.671553
5.672240
5.672936
5.674537
5.674314
5.674747
5.672020
5.675142
5.671785
5.672003
5.674510
5.674674
5.671937
5.674789
5.674452
5.673005
5.671615
5.674494
5.671338
5.672868
5.674215
5.673703
5.668825
5.670740
5.668947
5.667869
5.671131
5.669181
5.668970
5.669272
5.670533
5.674076
5.671129
5.673881
5.672453
5.668505
5.669791
5.670029
5.668498
5.670374
5.668034
5.668443
5.666597
5.668068
5.668005
5.670438
5.668250
5.668451
5.668371
5.669966
5.668081
5.667412
5.674157
5.667570
5.669217
5.669406
5.667777
5.667383
5.668031
5.673597
5.674989
5.674580
5.675569
5.676002
5.673121
5.671470
5.671244
5.670331
5.673303
5.671369
5.671407
5.671324
5.673201
5.675381
5.672890
5.673694
5.672376
5.672621
5.674441
5.673933
5.672211
5.672099
5.673493
5.672825
5.671274
5.673153
5.671431
5.670285
5.673179
5.671608
5.671329
5.671636
5.676452
5.673221
5.678606
5.680313
5.672152
5.672258
5.672182
5.672367
5.672214
5.672178
5.672404
5.672374
5.670876
5.676608
5.671859
5.669539
5.670665
5.669501
5.672612
5.670919
5.672735
5.674104
5.672660
5.670927
5.672043
5.674282
5.672996
5.672913
5.677015
5.674390
5.674660
5.671147
5.669945
5.672492
5.672244
5.673009
5.669740
5.670167
5.670236
5.672588
5.670018
5.669269
5.670073
5.672528
5.670018
5.666361
5.667891
5.666331
5.669540
5.667519
5.668357
5.665937
5.667664
5.667859
5.669394
5.666216
5.667822
5.666568
5.670101
5.669364
5.670705
5.667294
5.669157
5.665661
5.668627
5.668992
5.666670
5.670230
5.666769
5.669906
5.666935
5.665935
5.665291
5.667304
5.667137
5.664125
5.667159
5.667174
5.665586
5.668776
5.668288
5.663923
5.665496
5.668151
5.666898
5.666802
5.666528
5.668548
5.668983
5.666164
5.667073
5.669392
5.671415
5.673227
5.666135
5.670990
5.667176
5.666969
5.666922
5.669312
5.666430
5.665270
5.667336
5.666824
5.670767
5.664774
5.665218
5.666811
5.671838
5.666811
5.666812
5.664982
5.666528
5.668123
5.671266
5.667809
5.672914
5.669159
5.667508
5.667975
5.667828
5.667130
5.667235
5.669181
5.668245
5.669029
5.669739
5.669484
5.669100
5.668292
5.670143
5.669977
5.668790
5.667256
5.670842
5.672002
5.672042
5.672264
5.672408
5.667596
5.667117
5.669036
5.667220
5.673746
5.669159
5.667403
5.667061
5.665710
5.666139
5.668882
5.668890
5.667709
5.669565
5.667552
5.669096
5.667507
5.665457
5.665699
5.668418
5.667493
5.667497
5.668915
5.668935
5.667091
5.667508
5.667104
5.673187
5.669158
5.668038
5.671495
5.668443
5.671397
5.668549
5.670121
5.668497
5.672449
5.669952
5.669536
5.667447
5.667794
5.667778
5.667542
5.667579
5.669493
5.667939
5.669875
5.666820
5.666596
5.666865
5.667277
5.672079
5.669459
5.670071
5.670341
5.667249
5.667675
5.667927
5.667696
5.670082
5.671280
5.669929
5.669083
5.671163
5.671475
5.672411
5.668151
5.668427
5.670613
5.668557
5.671095
5.672698
5.667466
5.672044
5.668445
5.670029
5.668964
5.667277
5.668803
5.671303
5.669889
5.668240
5.666107
5.665455
5.668885
5.669459
5.668709
5.668027
5.666554
5.667472
5.666798
5.665428
5.678481
5.671000
5.672106
5.670580
5.671495
5.672584
5.667856
5.670017
5.667893
5.666909
5.667747
5.667941
5.667869
5.671014
5.668837
5.667124
5.665543
5.665680
5.665881
5.665705
5.667391
5.666971
5.665651
5.668664
5.669191
5.669272
5.667755
5.666759
5.667388
5.665514
5.666836
5.668873
5.667237
5.664995
5.664593
5.670703
5.666574
5.666969
5.667127
5.666727
5.669900
5.668688
5.665898
5.666173
5.666089
5.665699
5.667860
5.667149
5.668649
5.666372
5.666474
5.667581
5.665224
5.666646
5.665260
5.667080
5.667349
5.669577
5.666635
5.664874
5.665362
5.665291
5.666182
5.664725
5.666416
5.668193
5.666492
5.666461
5.664852
5.664608
5.664543
5.665047
5.663784
5.663594
5.663374
5.663331
5.664820
5.664411
5.664245
5.664867
5.664294
5.664110
5.664694
5.664642
5.663909
5.664198
5.663621
5.666799
5.665612
5.666179
5.664606
5.665056
5.665197
5.664605
5.663056
5.666206
5.661724
5.661315
5.662523
5.666832
5.665405
5.665910
5.663732
5.662741
5.665579
5.666346
5.666097
5.667726
5.666112
5.662702
5.663517
5.667906
5.663861
5.664271
5.664873
5.665695
5.668894
5.665853
5.668841
5.663450
5.662093
5.662631
5.667677
5.663165
5.662530
5.664025
5.666174
5.665696
5.664102
5.666580
5.666574
5.665498
5.662835
5.663287
5.666650
5.663654
5.665023
5.664854
5.667271
5.665570
5.664353
5.665738
5.663690
5.663592
5.663675
5.664972
5.664267
5.664928
5.666470
5.662904
5.664616
5.665902
5.662801
5.663318
5.665944
5.667002
5.664675
5.663899
5.668353
5.665579
5.666030
5.662148
5.663751
5.664045
5.663600
5.662129
5.664182
5.666309
5.666441
5.662228
5.661875
5.662682
5.663619
5.663925
5.665097
5.664936
5.664884
5.666669
5.663971
5.665907
5.663156
5.662801
5.664832
5.666684
5.668544
5.664633
5.663079
5.661457
5.662223
5.664954
5.663146
5.665326
5.665475
5.667358
5.665724
5.665724
5.664730
5.664248
5.668765
5.663743
5.665856
5.668689
5.666072
5.665757
5.665834
5.665385
5.666915
5.663667
5.665354
5.665956
5.665841
5.666153
5.664372
5.666297
5.663000
5.662662
5.664524
5.667304
5.665018
5.663680
5.664458
5.664688
5.663497
5.663262
5.662125
5.662896
5.665754
5.665748
5.666774
5.665407
5.665457
5.664750
5.664748
5.664997
5.664454
5.663462
5.664298
5.667491
5.664268
5.667544
5.668555
5.666277
5.666439
5.667553
5.668237
5.668240
5.664047
5.664126
5.665267
5.665870
5.667398
5.666897
5.665371
5.662547
5.664195
5.666023
5.664025
5.665711
5.665912
5.664185
5.664577
5.665692
5.667850
5.666459
5.666549
5.665851
5.667322
5.666424
5.666942
5.666576
5.667694
5.667244
5.667048
5.668923
5.668870
5.664953
5.664835
5.665946
5.667115
5.664969
5.670992
5.666983
5.665692
5.664404
5.663089
5.664085
5.663257
5.663063
5.664155
5.667227
5.667651
5.664938
5.664810
5.667853
5.667128
5.665539
5.667537
5.667303
5.666125
5.668141
5.667313
5.667052
5.663585
5.663670
5.666632
5.666328
5.665222
5.664026
5.668800
5.665481
5.663904
5.664157
5.665392
5.665947
5.664324
5.667361
5.664691
5.666566
5.670085
5.673223
5.670970
5.667705
5.665591
5.666047
5.664124
5.664264
5.669820
5.663524
5.662535
5.664204
5.666909
5.666906
5.666565
5.665015
5.662870
5.665543
5.666306
5.669107
5.667889
5.667894
5.669711
5.668704
5.668755
5.665327
5.664713
5.665367
5.666692
5.667345
5.665887
5.666607
5.666259
5.664543
5.663517
5.667034
5.666310
5.665676
5.665783
5.667728
5.670508
5.666937
5.666805
5.665187
5.665821
5.672053
5.672005
5.670024
5.666228
5.667713
5.672245
5.669652
5.670384
5.672132
5.672146
5.669693
5.664027
5.665870
5.673901
5.670756
5.661700
5.664704
5.664725
5.666339
5.666502
5.667573
5.665741
5.667962
5.666605
5.665207
5.663805
5.663595
5.663628
5.668228
5.664767
5.663144
5.667035
5.667929
5.666836
5.668441
5.676849
5.670248
5.670065
5.670224
5.670184
5.667302
5.667878
5.667336
5.664319
5.666114
5.664416
5.664306
5.664123
5.664015
5.665531
5.663956
5.665911
5.665584
5.665908
5.669063
5.666894
5.666735
5.670342
5.669456
5.669840
5.671411
5.669038
5.671012
5.669962
5.667653
5.667845
5.667846
5.670051
5.664036
5.664264
5.666057
5.665435
5.663949
5.665455
5.663956
5.664502
5.667465
5.666245
5.668055
5.666842
5.666395
5.664657
5.664358
5.667763
5.665053
5.665381
5.665236
5.664931
5.667147
5.664930
5.664645
5.663425
5.663094
5.665637
5.663382
5.663067
5.665068
5.664746
5.664760
5.665728
5.667124
5.665258
5.664948
5.665094
5.664693
5.664376
5.666479
5.667763
5.667042
5.666799
5.665182
5.664835
5.665548
5.664840
5.666962
5.665045
5.669424
5.669356
5.668491
5.668828
5.668637
5.668772
5.668521
5.668834
5.668476
5.673261
5.673327
5.673766
5.673832
5.671920
5.672946
5.669588
5.668301
5.668294
5.669540
5.668366
5.668450
5.668132
5.665817
5.665957
5.667352
5.667411
5.665760
5.667170
5.665699
5.669279
5.669146
5.669846
5.669766
5.666247
5.666102
5.666041
5.667437
5.666077
5.667354
5.668115
5.665255
5.667022
5.665171
5.666240
5.668571
5.665249
5.665130
5.665456
5.666976
5.666812
5.667149
5.667809
5.667107
5.667154
5.667251
5.666714
5.667470
5.666803
5.665501
5.665089
5.666183
5.672272
5.669806
5.668635
5.665709
5.668011
5.667290
5.667194
5.665415
5.665452
5.666880
5.665483
5.668361
5.666239
5.666469
5.666860
5.666232
5.666012
5.667964
5.666503
5.668131
5.666045
5.666270
5.664555
5.664790
5.666414
5.666897
5.668989
5.667022
5.666027
5.666585
5.664877
5.666755
5.663241
5.662829
5.663295
5.664377
5.663798
5.665431
5.664731
5.667000
5.667110
5.663984
5.662341
5.664237
5.663523
5.663836
5.662884
5.664358
5.662916
5.662424
5.662197
5.662636
5.664093
5.664641
5.664038
5.664247
5.664551
5.662991
5.663846
5.666703
5.665423
5.664135
5.666615
5.666229
5.669399
5.664040
5.663921
5.666267
5.665864
5.663833
5.663871
5.664347
5.664278
5.664054
5.662784
5.666370
5.663566
5.665181
5.662218
5.661909
5.662376
5.663973
5.666149
5.663685
5.664128
5.664107
5.670341
5.663087
5.664701
5.666816
5.670450
5.665083
5.664671
5.663184
5.663042
5.661620
5.664720
5.665039
5.661600
5.663526
5.663689
5.663398
5.663787
5.663403
5.664356
5.667892
5.664831
5.664162
5.664401
5.665310
5.662194
5.661921
5.663248
5.663674
5.664872
5.663434
5.663997
5.663556
5.662909
5.663319
5.667788
5.663759
5.663849
5.663369
5.662921
5.669132
5.665514
5.688128
5.671968
5.669233
5.669348
5.669021
5.671052
5.670829
5.671120
5.671107
5.670398
5.668013
5.668228
5.668482
5.668508
5.670046
5.668101
5.668333
5.668311
5.668338
5.664213
5.665555
5.663789
5.664282
5.665184
5.665527
5.663594
5.665989
5.663688
5.665434
5.664985
5.664822
5.666931
5.667343
5.666534
5.664442
5.663307
5.663303
5.664929
5.664445
5.663325
5.667031
5.665197
5.666058
5.663884
5.663846
5.664642
5.665834
5.664396
5.666948
5.664379
5.664042
5.664970
5.664126
5.664990
5.665818
5.666732
5.664241
5.662449
5.662616
5.662293
5.662867
5.664881
5.664280
5.662852
5.661892
5.662699
5.665054
5.664423
5.663064
5.664983
5.664599
5.664497
5.664349
5.666833
5.666536
5.665329
5.663553
5.665093
5.663118
5.664359
5.665088
5.665262
5.664936
5.664985
5.664895
5.667119
5.663357
5.663364
5.663375
5.662058
5.664485
5.663019
5.663581
5.665093
5.665634
5.666911
5.661995
5.663259
5.662952
5.664671
5.664633
5.664622
5.664854
5.666233
5.664649
5.664855
5.664772
5.666537
5.664246
5.664291
5.664162
5.664016
5.663959
5.665812
5.664188
5.664009
5.665613
5.663489
5.667991
5.664972
5.664218
5.663807
5.664322
5.663651
5.665887
5.662921
5.662867
5.663317
5.661452
5.661647
5.663552
5.663060
5.663093
5.662715
5.662930
5.663307
5.662051
5.662364
5.662676
5.662939
5.661544
5.661096
5.662297
5.662772
5.663997
5.662219
5.661485
5.659908
5.660793
5.660989
5.661300
5.662983
5.662049
5.660941
5.661085
5.661901
5.660860
5.662259
5.664497
5.662420
5.664880
5.661555
5.661603
5.661951
5.663598
5.663457
5.662505
5.661859
5.661794
5.662009
5.661678
5.661473
5.661588
5.663351
5.662667
5.660803
5.662005
5.662700
5.662346
5.660882
5.663169
5.665045
5.660864
5.660515
5.661434
5.662072
5.662638
5.664834
5.664878
5.663862
5.663174
5.662791
5.662948
5.661381
5.662114
5.665297
5.663146
5.664661
5.663076
5.662591
5.664774
5.663056
5.663101
5.660853
5.661077
5.662104
5.660984
5.661043
5.660361
5.662310
5.660351
5.661911
5.662497
5.661250
5.662532
5.663081
5.663095
5.662744
5.665309
5.665422
5.663124
5.662418
5.662066
5.662098
5.662822
5.664050
5.663205
5.663543
5.664575
5.660878
5.661605
5.664050
5.662127
5.664288
5.662474
5.663098
5.661223
5.664679
5.666132
5.661524
5.660769
5.662299
5.662928
5.667570
5.663065
5.666437
5.664210
5.669642
5.664082
5.662370
5.663342
5.664090
5.664280
5.662567
5.664574
5.668207
5.664181
5.660448
5.661673
5.661405
5.660637
5.662013
5.660860
5.662098
5.659965
5.660286
5.659093
5.660571
5.660962
5.660538
5.661611
5.661752
5.661844
5.661648
5.661729
5.661677
5.663729
5.664054
5.666223
5.662948
5.661163
5.662861
5.659778
5.661203
5.663186
5.661670
5.661530
5.660114
5.658810
5.661433
5.660232
5.661755
5.662016
5.661859
5.661753
5.663386
5.665254
5.662033
5.663781
5.661730
5.663115
5.661454
5.662475
5.661140
5.661442
5.659831
5.661266
5.664511
5.659966
5.660028
5.661324
5.660983
5.662925
5.661446
5.661345
5.661515
5.663628
5.665478
5.665506
5.663088
5.663254
5.661890
5.662023
5.661972
5.661373
5.660165
5.662771
5.659880
5.661334
5.661670
5.661626
5.660009
5.661274
5.661802
5.662924
5.661149
5.660867
5.661464
5.661654
5.659891
5.660052
5.661759
5.662808
5.661916
5.661415
5.661845
5.664534
5.663468
5.661531
5.661667
5.661880
5.662272
5.661994
5.660227
5.660342
5.662081
5.662501
5.661961
5.662020
5.662130
5.662062
5.662618
5.660333
5.660236
5.662432
5.661815
5.662388
5.663240
5.662559
5.661411
5.661617
5.661560
5.659995
5.660057
5.658717
5.659881
5.662037
5.660233
5.660190
5.661859
5.662039
5.663172
5.659999
5.658853
5.661745
5.661364
5.661368
5.662292
5.660916
5.661099
5.662625
5.662452
5.661174
5.663293
5.663459
5.663606
5.673614
5.662013
5.660817
5.660187
5.660284
5.660258
5.660217
5.660705
5.660898
5.660041
5.658986
5.661899
5.661835
5.663078
5.664325
5.659616
5.658465
5.659556
5.659711
5.657205
5.658499
5.659622
5.659601
5.660833
5.659825
5.659609
5.658527
5.658335
5.659439
5.658451
5.658284
5.659612
5.659505
5.657011
5.657085
5.658417
5.658296
5.658380
5.658512
5.655855
5.658542
5.660884
5.653312
