65.730049
63.952477
78.475930
69.633989
78.486373
76.395038
58.435642
76.283072
65.077665
61.479847
69.994581
68.541397
67.785069
63.896184
66.006988
71.261795
71.073141
64.526680
68.167905
72.251859
78.400856
64.735968
64.237075
70.672396
69.652764
73.282576
68.731478
57.840202
62.553314
72.609328
62.057390
61.531478
64.668759
66.216072
70.507446
70.021569
77.434059
73.728854
71.470559
66.660357
74.689835
65.395770
74.050904
68.446934
61.145000
83.543838
73.106794
70.745465
65.437738
70.210659
74.045905
60.964850
76.942919
64.949958
61.895403
56.903024
57.895783
77.435404
73.410429
76.694072
77.199874
71.449422
76.562874
71.400555
74.406477
75.921317
61.871215
80.959632
75.862801
69.592807
69.039894
65.940912
66.408884
71.682565
64.529537
63.656252
71.022268
64.291196
70.012252
67.222676
68.680725
70.810788
68.633119
71.258408
71.722492
69.826370
70.707650
68.106033
71.733542
64.560696
70.077552
82.155964
64.990010
68.684565
64.959691
65.402968
64.331407
75.888188
71.366358
69.112626
66.905350
72.894617
66.011398
66.691063
73.989333
73.379841
66.562557
74.573469
66.649307
74.055760
73.867300
74.606270
65.666991
75.450767
80.069777
72.661921
75.065675
79.230943
79.488489
74.337309
70.677850
73.352069
70.018598
74.214793
77.341268
73.568466
65.648270
71.407461
67.133757
74.619628
72.672899
68.961424
64.923299
76.363406
76.392192
76.607989
69.060708
72.056319
69.568984
76.699763
61.554249
73.333660
66.648039
68.975590
63.929051
65.750900
70.504241
70.734876
73.677899
74.201731
81.790679
91.574375
81.638868
76.569740
80.258977
75.827200
60.306988
71.999514
60.365441
65.494180
76.388176
68.479625
69.831759
68.330935
60.911153
71.522033
66.077732
69.878563
69.289646
78.195136
64.198131
69.166621
65.958988
69.826780
69.179863
60.434561
56.998964
60.365573
66.594674
69.332546
73.195196
73.914949
70.758933
76.854305
70.598283
70.743108
81.407648
73.219893
88.285174
85.429524
84.387958
67.480964
65.401193
66.211811
67.652899
72.539750
72.665786
68.284513
73.295546
69.468578
74.591188
65.375666
60.866645
60.806370
72.875787
71.356115
65.294904
74.611673
68.929733
61.240902
73.563037
61.340855
69.650374
69.349353
62.416252
62.397882
69.213276
65.659805
65.495467
57.347001
64.991644
69.332918
69.302554
70.197959
65.474177
86.786800
78.429423
86.969481
81.790521
80.541470
64.783102
79.870004
78.543279
77.305267
78.604602
82.969848
76.681138
81.408536
75.386657
71.605465
71.518401
73.059028
75.451069
72.841445
74.636030
77.989107
76.072785
79.380379
72.206057
62.201447
62.293615
74.707754
61.981358
68.232723
60.740214
72.163902
68.623851
68.764413
88.166348
86.875749
83.907733
85.768948
85.172031
86.356166
89.355310
87.966773
88.861776
90.440492
89.665288
67.691153
64.998969
72.839177
61.866287
73.808166
71.723314
73.637974
57.712883
65.555652
66.288931
57.730666
65.218001
64.509044
65.086940
60.478060
65.198023
58.557769
66.336120
57.005429
60.484392
65.226713
64.521161
68.322937
72.554107
69.220803
73.567133
60.418433
63.820600
67.358188
73.149792
69.876333
72.478307
70.345642
77.404371
61.985574
73.537339
65.844849
66.762171
57.720706
72.554621
61.069876
65.393867
64.566477
68.048133
64.647353
63.118020
102.810890
68.850359
68.151786
68.078254
64.678546
64.361663
61.367867
61.831676
56.927199
56.851467
57.874161
84.559762
76.935997
76.167251
77.779648
82.393536
83.035181
78.228692
78.317060
63.986558
70.081736
75.939967
69.447080
66.709713
77.992833
60.729331
61.169873
73.029761
73.089804
74.773129
71.783107
72.520003
61.052741
60.880104
73.746698
72.406675
73.745465
72.966780
64.423466
62.144259
57.585748
65.994508
54.556845
54.415181
63.916376
68.798808
67.597986
64.111884
68.636864
63.838713
63.033761
64.245525
63.880086
63.813298
60.785378
64.545725
65.689682
57.839804
70.831384
70.347999
58.331785
51.098009
56.773999
66.294392
62.496311
64.997378
65.868853
61.759745
65.062001
65.041085
65.577366
82.317858
78.465074
78.932687
73.294995
68.137448
70.150954
68.691508
69.014108
61.017961
92.304859
64.891624
64.571735
64.976417
64.417625
60.924970
65.563287
57.805253
60.670306
64.602246
57.277069
61.318406
63.897607
65.835715
82.762388
65.319542
66.380554
61.781951
70.236154
61.949718
69.638938
63.899299
67.283616
61.025616
69.307722
67.144569
67.325355
68.296292
71.299146
65.120324
64.689047
61.100428
60.645391
71.867218
67.851592
61.210226
61.596454
65.448168
64.415055
60.930832
60.925435
66.323478
69.415860
67.771001
82.490248
65.392454
80.276765
67.602474
60.651245
75.301421
64.719834
71.185677
72.973643
74.682080
66.724603
65.435222
65.401582
64.684559
68.193559
69.291384
72.672907
62.402115
62.432910
75.456243
75.587624
60.338165
63.863600
60.630934
74.675876
57.719391
62.973796
63.369624
67.600764
57.003726
60.000266
60.539050
70.736246
70.012447
70.978167
57.727421
74.358707
69.905085
66.304227
61.272230
74.550411
70.231165
57.885439
57.890796
69.350403
70.096172
70.586369
60.264905
60.418719
89.743652
71.372630
67.741450
68.761172
60.133570
86.156176
72.133810
71.211633
68.300535
68.782891
71.338267
74.599383
72.348175
68.092791
73.671173
67.025344
60.686169
71.401471
61.873791
69.314013
60.902402
67.691157
65.316690
67.020461
67.524644
72.094238
64.595853
65.405993
67.509801
61.664235
68.568629
70.216620
64.307546
64.936744
61.153161
72.583814
66.577257
69.302706
72.509282
63.417734
67.182008
68.402768
84.535367
82.712113
58.315899
70.424346
61.676111
61.388388
71.130195
69.801706
70.856098
57.721436
65.392425
80.211384
82.348593
65.605017
64.648880
61.587058
83.151850
63.906367
68.250285
63.866692
60.543001
61.074492
64.468202
70.717594
61.135604
75.165791
57.753892
90.869978
68.904845
64.432676
66.584336
62.034691
57.742152
61.174721
66.886386
68.046217
69.938050
83.096287
73.387062
65.874134
66.856976
64.377773
61.291278
60.301195
63.457399
73.065251
65.931134
65.393971
83.314355
75.343349
