291.771738
291.628492
291.737711
291.771215
291.819302
291.817126
291.735792
291.700981
291.812375
291.769708
291.903252
291.738686
291.851603
291.772322
291.771463
291.843136
291.844448
291.743791
291.744558
291.702293
291.776902
291.702972
291.665328
291.776034
291.700192
291.776017
291.632309
291.664769
291.664870
291.700672
291.736557
291.778316
291.736198
291.810817
291.814155
291.810791
291.665567
291.850740
291.665270
291.814154
291.739021
291.701176
291.739096
291.699115
291.735079
291.775025
291.775309
291.846551
291.738668
291.740329
291.736469
291.902002
291.734908
291.734231
291.809534
291.821631
291.780625
291.779867
291.822125
291.738817
291.812777
291.738034
291.813277
291.736483
291.668743
291.634527
291.702431
291.701585
291.702392
291.812791
291.812292
291.736060
291.701693
291.665269
291.735933
291.633411
291.735816
291.666914
291.735784
291.702769
291.774943
291.736475
291.773599
291.900757
291.738459
291.736423
291.736599
291.810267
291.770389
291.738283
291.813745
291.665705
291.666759
291.736482
291.733910
291.778668
291.665357
291.632824
291.667934
291.808879
291.883566
291.935991
291.809661
291.845808
291.736108
291.807384
291.848686
291.770352
291.808945
291.771556
291.770369
291.770388
291.734580
291.735058
291.699186
291.698717
291.666833
291.772311
291.702095
291.770425
291.774856
291.736774
291.699738
291.698783
291.900585
291.735895
291.807582
291.770115
291.702699
291.733866
291.701824
291.700608
291.700179
291.635452
291.736204
291.900543
291.737040
291.844814
291.774369
291.734211
291.735187
291.700870
291.894670
291.817681
291.817657
291.817602
291.817464
291.851771
291.816699
291.858992
291.817182
291.814789
291.814292
291.887141
291.849078
291.892894
291.667726
291.928705
291.734776
291.816866
291.851182
291.778491
291.736189
291.770694
291.811388
291.812156
291.699789
291.777483
291.811164
291.779451
291.778983
291.779553
291.779559
291.811864
291.813178
291.700679
291.738662
291.736321
291.702548
291.811854
291.815424
291.812687
291.816202
291.735676
291.632492
291.666272
291.666030
291.735495
291.734656
291.810805
291.813031
291.772402
291.773267
291.773844
291.771521
291.699418
291.740492
291.703759
291.735370
291.698934
291.809313
291.736334
291.740818
291.701243
291.806184
291.812668
291.812703
291.816676
291.701404
291.742953
291.743262
291.737907
291.700055
291.701192
291.732418
291.732464
291.700445
291.812642
291.816671
291.666143
291.739712
291.700467
291.769575
291.769594
291.700302
291.699466
291.813348
291.808072
291.772968
291.935267
291.733966
291.811400
291.734158
291.846418
291.700505
291.735282
291.736304
291.810899
291.734260
291.698716
291.697830
291.778647
291.700730
291.736147
291.848410
291.814725
291.817000
291.820462
291.736849
291.806434
291.698756
291.770088
291.780058
291.667338
291.732597
291.734048
291.852581
291.808131
291.773911
291.736271
291.778394
291.807540
291.852968
291.737176
291.734997
291.810443
291.852898
291.774586
291.809853
291.774108
291.772384
291.808679
291.776676
291.734128
291.776653
291.737192
291.815385
291.775753
291.808015
291.848620
291.768115
291.851888
291.774368
291.771959
291.774682
291.808961
291.817927
291.854500
291.852372
291.851556
291.772630
291.736616
291.808551
291.773342
291.888665
291.851109
291.849095
291.816807
291.854644
291.701882
291.772165
291.779817
291.813201
291.771885
291.771216
291.812442
291.770635
291.737789
291.736578
291.814871
291.779865
291.813139
291.700936
291.739429
291.737734
291.811854
291.810108
291.735380
291.778271
291.815280
291.735921
291.777070
291.777829
291.734866
291.736293
291.736048
291.807381
291.776491
291.810654
291.813312
291.735723
291.736255
291.813264
291.777854
291.701321
291.665941
291.776817
291.737441
291.808655
291.733369
291.809910
291.736932
291.700060
291.808121
291.809868
291.734693
291.853580
291.888666
291.771496
291.849239
291.812424
291.769899
291.811971
291.772340
291.813552
291.735129
291.778578
291.770018
291.774281
291.700906
291.770562
291.776477
291.810211
291.700160
291.735800
291.815903
291.737923
291.850197
291.633617
291.632540
291.701578
291.701252
291.700604
291.700475
291.734800
291.778734
291.667331
291.777443
291.779899
291.700745
291.736631
291.737574
291.811036
291.735274
291.735869
291.813316
291.737617
291.812325
291.813071
291.771280
291.813839
291.809513
291.849074
291.770997
291.848541
291.807924
291.850586
291.850096
291.735796
291.736432
291.816841
291.893103
291.849256
291.928527
291.851678
291.817815
291.847953
291.701221
291.775675
291.811195
291.813908
291.701393
291.820762
291.699290
291.775062
291.854018
291.807410
291.733996
291.812487
291.887747
291.700537
291.811592
291.768147
291.768275
291.734386
291.732699
291.736481
291.699757
291.666225
291.811629
291.701300
291.700585
291.698982
291.700454
291.814665
291.734391
291.741502
291.666063
291.781123
291.808086
291.663634
291.662630
291.698017
291.769034
291.697888
291.663565
291.768886
291.734848
291.664798
291.699962
291.776899
291.699256
291.698431
291.697834
291.811823
291.702306
291.774465
291.900714
291.737584
291.736256
291.810193
291.697649
291.735780
291.779291
291.735460
291.742175
291.701431
291.770639
291.742472
291.669300
291.662026
291.734792
291.773162
291.661725
291.773754
291.740022
291.735463
291.770484
291.808180
291.809289
291.809081
291.706015
291.699549
291.735412
291.776779
291.744111
291.735432
291.810990
291.733963
291.699527
291.665738
291.701064
291.777506
291.736939
291.936469
291.896794
291.945771
291.992853
291.900847
291.666414
291.812682
291.771850
291.697741
291.771013
291.733895
291.697466
291.775804
291.736352
291.699785
291.776107
291.666916
291.776093
291.665739
291.776396
291.776455
291.736178
291.667071
291.776734
291.771974
291.771705
291.736047
291.775124
291.703543
291.778273
291.663314
291.629689
291.630666
291.736388
291.700668
291.698243
291.732578
291.733518
291.851903
291.773811
291.773349
291.630415
291.631425
291.663290
291.774023
291.699868
291.699187
291.700493
291.700223
291.699530
291.732875
291.700083
291.775925
291.818349
291.736149
291.697699
291.772483
291.701153
291.735811
291.740750
291.738872
291.742258
291.734581
291.776719
291.776224
291.771635
291.772441
291.735351
291.737789
291.702034
291.772141
291.773388
291.701914
291.665855
291.812413
291.779654
291.735047
291.735287
291.664155
291.630339
291.902865
291.858347
291.856175
291.776814
291.776533
291.860590
291.890662
291.941502
291.859357
291.735783
291.737007
291.736268
291.855829
291.816735
291.850012
291.813149
291.815850
291.850109
291.846707
291.816018
291.781812
291.816445
291.813095
291.815879
291.811849
291.699176
291.813435
291.892818
291.940020
291.855857
291.700908
291.632221
291.698987
291.698738
291.771452
291.774806
291.700231
291.699499
291.740495
291.735357
291.700213
291.702934
291.741230
291.945066
291.949883
291.897494
291.944498
291.939800
292.024353
291.904928
291.941981
291.988062
291.996135
291.950537
291.738972
291.776507
291.771986
291.700695
291.700429
291.778404
291.779922
291.816070
291.667156
291.737615
291.701093
291.738554
291.736140
291.666013
291.662572
291.700665
291.702277
291.666567
291.666328
291.628554
291.703650
291.631206
291.630309
291.668097
291.742385
291.668421
291.669787
291.703320
291.704672
291.628525
291.701368
291.706135
291.736206
291.702108
291.698099
291.667005
291.736153
291.665226
291.664364
291.769105
291.699486
291.845789
291.698050
291.783448
291.737370
291.736097
291.779106
291.779783
291.783587
291.701493
291.740723
291.737242
291.736825
291.771723
291.741013
291.668723
291.666257
291.779913
291.739963
291.737346
291.733646
291.701648
291.700074
291.699856
291.736105
291.739940
291.735472
291.738323
291.737923
292.108465
291.664383
291.735807
291.700137
291.698608
291.738199
291.733300
291.738584
291.700349
291.698598
291.735868
291.700918
291.699413
291.700221
291.737363
291.700190
291.663361
291.735842
291.735146
291.631463
291.596047
291.745077
291.666580
291.665271
291.904483
291.906177
291.939747
291.850815
291.856549
291.893248
291.854065
291.737585
291.897223
291.822042
291.822968
291.819568
291.780657
291.774653
291.740758
291.699568
291.853472
291.810290
291.884001
291.698789
291.847468
291.778475
291.664577
291.813335
291.779353
291.666368
291.666169
291.698349
291.808686
291.815993
291.739105
291.667448
291.700046
291.664776
291.704497
291.600023
291.563511
291.744859
291.735881
291.699168
291.699610
291.738272
291.772395
291.699689
291.699575
291.665205
291.736573
291.735442
291.773944
291.735553
291.701280
291.662554
291.737592
291.738847
291.738206
291.664975
291.664699
291.629564
291.732932
291.665181
291.701159
291.697873
291.666923
291.701321
291.738488
291.739630
291.702754
291.775395
291.820068
291.819523
291.775388
291.738276
291.702684
291.738844
291.701996
291.738162
291.701035
291.666382
291.739226
291.736982
291.737813
291.668815
291.663319
291.664964
291.898716
291.888557
291.890843
291.811390
291.773262
291.847215
291.844490
291.807345
291.812420
291.698860
291.777560
291.772561
291.773630
291.772245
291.814073
291.772132
291.740744
291.780368
291.701543
291.701369
291.700728
291.773329
291.771928
291.776270
291.779784
291.667651
291.700078
291.700866
291.979024
291.734623
291.666788
291.664417
291.737445
291.628805
291.629356
291.631690
291.663859
291.664968
291.702332
291.666068
291.666731
291.704667
291.741211
291.667666
291.596010
291.704037
291.705826
291.701343
291.701231
291.699413
291.665619
291.629523
291.737190
291.664244
291.777633
291.739340
291.699358
291.701434
291.699736
291.665479
291.704247
291.740089
291.666336
291.700630
291.629803
291.700061
291.664817
291.663946
291.739192
291.737868
291.735519
291.736073
291.772175
291.774541
291.662802
291.662280
291.773166
291.771679
291.770523
291.701660
291.736770
291.739444
291.735853
291.737098
291.774997
291.773847
291.775612
291.773144
291.771405
291.806139
291.736260
291.808830
291.662815
291.738862
291.666676
291.740178
291.699178
291.700463
291.737650
291.773024
291.663044
291.701007
291.665659
291.740932
291.666571
291.628524
291.629106
291.771825
291.701977
291.739742
291.738898
291.702083
291.666598
291.665706
291.736926
291.668492
291.736901
291.773973
291.815134
291.777965
291.736163
291.769454
291.735187
291.735096
291.737319
291.738075
291.854197
291.770806
291.857694
291.772408
291.772114
291.810769
291.811522
291.848585
291.846014
291.734408
291.734202
291.697304
291.731635
291.697893
291.733422
291.734113
291.731904
291.700352
291.773680
291.734502
291.733962
291.735237
291.770322
291.699585
291.847787
291.883652
291.845517
291.737799
291.781027
291.702438
291.666788
291.701358
291.734859
291.734179
291.736620
291.701468
291.770216
291.773088
291.773347
291.663380
291.661896
291.663477
291.664445
291.772012
291.734380
291.732875
291.698138
291.666387
291.812551
291.812437
291.701098
291.700702
291.736047
291.736780
291.703710
291.664390
291.665649
291.663987
291.699342
291.700129
291.663837
291.666641
291.664270
291.737605
291.663682
291.702056
291.735605
291.700460
291.697155
291.697867
291.733530
291.769065
291.697704
291.698942
291.702691
291.703667
291.628235
291.702308
291.821114
291.777646
291.777167
291.820237
291.667657
291.700821
291.668326
291.667104
291.773162
291.854535
291.776874
291.776858
291.774307
291.664419
291.666143
291.631526
291.632525
291.701046
291.700441
291.734176
291.854407
291.740060
291.698980
291.820403
291.701446
291.666380
291.700532
291.700607
291.700980
291.739748
291.775400
291.704120
291.703897
291.949542
291.697158
291.696826
291.771065
291.808409
291.773043
291.774036
291.736093
291.668209
291.736934
291.773205
291.773866
291.771435
291.810692
291.771568
291.809998
291.699784
291.810062
291.773633
291.662126
291.773258
291.775928
291.663197
291.810907
291.810949
291.779869
291.778598
291.778606
291.662745
291.663341
291.775716
291.699586
291.700532
291.737272
291.664598
291.631693
291.733727
291.701672
291.701036
291.668219
291.770517
291.738105
291.734406
291.664086
291.734101
291.769628
291.734363
291.702537
291.662280
291.769385
291.663940
291.771581
291.698248
291.772027
291.696844
291.698658
291.845194
291.812978
291.698785
291.702484
291.734332
291.700596
291.768965
291.735163
291.702760
291.662308
291.664518
291.696109
291.736136
291.745278
291.735331
291.740764
291.700489
291.806796
291.734268
291.663688
291.736371
291.665313
291.631841
291.811362
291.741511
291.738055
291.811423
291.735842
291.702713
291.773369
291.702123
291.738850
291.770935
291.775072
291.741306
291.737885
291.901538
291.774735
291.818665
291.596036
291.700460
291.810628
291.664061
291.773142
291.704272
291.703588
291.699778
291.893385
291.770541
291.770303
291.700776
291.738055
291.737557
291.703551
291.905363
291.898184
291.700171
291.662693
291.736603
291.663337
291.779113
291.664263
291.736770
291.704637
291.703715
291.664806
291.666392
291.698350
291.665401
291.820248
291.777475
291.740534
291.739771
291.700600
291.699964
291.666822
291.954791
291.776767
291.666906
291.703145
291.739365
291.701812
291.740819
291.744243
291.704565
291.699861
291.782100
291.667045
291.781319
291.699390
291.773826
291.739658
291.736796
291.702136
291.737219
291.738048
291.664573
291.735387
291.768888
291.699783
291.663090
291.738343
291.733965
291.734762
291.733146
291.734068
291.848435
