150.315337
141.768835
144.009174
127.996669
145.049029
134.290911
134.426593
132.949924
128.599361
122.397026
131.509851
123.603835
125.678604
130.860429
125.709303
142.059896
126.765520
116.656368
142.760868
149.306456
134.394794
122.139860
131.250598
122.068734
130.242112
114.854078
131.523414
124.265301
130.542074
115.581184
124.306292
129.474708
134.314350
132.674314
117.813185
122.742542
138.760794
140.453246
125.174119
126.477099
132.566373
114.069632
123.973348
114.083260
115.108109
120.465314
124.507515
115.505110
121.054709
124.555056
115.569197
120.099527
121.376228
121.369916
130.234351
132.544754
134.183689
118.470467
118.508450
139.460762
125.408447
125.425639
126.148275
127.204087
141.529981
130.486779
131.436708
116.178266
116.224407
138.696933
140.383426
134.846740
130.365245
121.316169
121.379598
127.209525
132.514395
111.352856
131.769788
122.175521
126.958105
122.660438
127.386784
123.632231
122.147085
141.832848
135.566039
143.126046
134.446013
122.464126
145.218781
127.458750
135.303038
138.490724
128.641674
126.439813
121.285147
127.460879
149.501980
142.420917
139.781679
139.749888
132.532902
120.509772
122.473895
125.067567
122.319532
119.796071
134.905589
120.549266
121.210861
137.543451
138.038898
128.220181
135.926368
127.814333
128.926582
130.868233
122.209417
127.601590
130.500383
132.008958
134.700932
139.492563
160.000605
161.679372
159.593691
132.832939
121.266439
127.098683
127.668329
124.760368
124.733804
120.606172
115.501588
120.987765
121.641494
121.724661
115.689043
122.800533
125.665787
126.382813
122.340698
126.277946
124.933885
125.674889
117.269610
129.920348
128.432624
126.835612
129.873157
122.289978
125.901641
126.128871
125.490125
132.896362
134.894890
120.791933
117.061668
121.488412
136.872306
128.303543
124.264651
128.993089
125.345297
120.312035
122.346263
124.625263
127.840164
124.646488
127.610409
119.533609
131.255837
118.083952
137.703935
140.789534
140.155322
127.256732
127.871765
120.557288
115.369562
118.755099
119.877043
116.421313
121.699964
118.436275
125.661739
122.239761
137.279466
123.665202
152.621507
137.934738
140.665845
127.168249
128.700007
132.505694
125.346946
132.812893
133.810383
134.352919
145.424614
132.186747
125.444246
122.448788
130.388333
121.474102
121.481737
126.030555
126.470170
120.976919
118.471244
117.216394
137.595695
148.170095
130.462162
146.753522
133.027558
125.781426
130.131563
121.407901
147.294974
134.360061
112.690749
116.781906
116.149032
111.424928
122.988867
127.154723
131.555217
127.097700
133.524367
145.708269
137.970148
142.371713
134.093868
129.870976
145.340926
141.746628
126.886702
144.717527
136.500889
128.658717
128.767987
143.298759
144.057569
139.263018
145.623431
146.743018
144.208505
128.632055
140.195628
131.015025
141.184867
132.075069
127.190721
138.050035
142.480374
141.371671
151.728194
149.473163
149.474562
138.171232
139.256779
137.713886
144.493560
146.374557
147.562755
133.555231
141.297338
145.389035
139.608688
144.448994
137.214603
124.185435
128.109706
143.963197
138.955171
144.310887
133.389669
133.457119
156.578274
126.773806
131.701152
120.848516
126.862095
135.678248
132.601505
123.575895
123.680195
133.023447
127.495251
136.309191
141.351731
135.256180
134.437639
133.744603
128.572792
123.882126
160.582749
147.893273
166.893256
118.750582
119.423502
132.960249
147.955848
141.155444
155.227743
139.336640
127.693113
128.326113
127.368302
126.764600
140.164072
131.930662
141.121093
128.249662
116.258279
126.346667
141.107853
140.068848
129.285730
130.944720
150.954090
123.744594
129.472803
131.414723
125.568628
122.187062
116.575438
124.899372
123.225295
138.047606
128.074742
139.908033
136.374169
131.582994
119.458026
122.445414
138.225280
118.146754
136.681584
131.818875
138.080399
131.823462
143.206336
142.180974
147.581172
141.305279
138.572797
136.381930
122.726195
121.213303
128.474813
138.471859
135.432860
134.316413
133.441908
137.694872
136.864017
127.015801
125.275207
121.901874
115.520774
113.993037
115.505971
125.543889
110.620290
123.971905
120.327789
119.651521
119.969173
158.110343
154.631644
156.854715
154.659633
152.045919
152.125724
149.322227
149.295788
152.033504
153.151024
134.871767
131.096535
135.366778
138.646758
146.701503
139.063975
139.101670
146.332438
149.451392
124.840078
140.643295
124.184113
136.523294
127.061041
124.916242
126.698489
133.694435
134.465252
140.828907
129.547750
124.970258
132.223359
146.174652
143.122466
142.356956
144.196731
137.948499
145.936931
121.302385
121.326011
135.168607
127.039648
126.072597
129.430111
127.618222
131.669480
128.058768
128.114901
127.397083
138.240193
128.831731
126.459101
126.386308
135.404293
135.263921
138.548614
139.659504
108.595487
115.486910
115.633551
115.680848
135.087653
119.380826
122.618567
116.475994
117.919619
120.317422
129.294373
124.993350
120.527020
120.473185
125.914482
146.832297
151.582654
151.614532
132.783533
121.395229
124.303805
124.192283
122.153108
122.230773
122.287529
124.273178
120.742856
120.670355
132.111328
121.683942
123.112315
126.785012
133.996424
124.224856
124.275731
127.292571
132.122119
129.139117
123.350429
122.816786
135.114882
136.293059
118.705523
118.628465
123.771062
125.063497
128.045091
124.644742
131.757978
116.799848
115.989552
117.771027
135.025319
128.122695
135.358149
132.484021
131.642571
132.323217
135.011958
135.312443
128.547721
122.300177
122.943841
118.706469
130.890048
111.376569
124.741768
121.062481
114.938079
121.830259
124.549071
119.255874
123.909921
120.324752
136.313252
118.365233
116.325753
131.825280
138.857416
121.266889
116.345004
115.725380
124.088408
120.511508
119.614984
121.656599
124.135849
119.866602
124.516565
119.921615
123.836903
135.398135
116.216585
111.959036
130.433174
131.909705
116.297014
126.212518
128.172588
139.441997
122.523255
121.759305
123.934915
129.062451
131.427172
130.684875
122.960121
128.367451
124.242477
135.343343
135.027938
136.117917
137.225875
144.122483
136.755080
127.602089
132.201364
128.714393
136.731526
131.900194
139.638915
133.069805
137.576682
136.113949
122.217924
138.218239
130.388187
125.162407
129.877736
129.204595
125.128266
120.128832
130.261425
129.915388
125.243313
121.606423
121.431096
129.912969
126.460150
125.235381
121.485794
135.881768
130.868963
130.653778
129.911499
121.494605
131.326513
131.204576
125.228915
131.328267
121.492277
130.718179
121.614028
131.264088
130.162689
131.888812
126.008209
125.865944
126.122818
127.221753
131.268950
122.090714
115.752922
124.766715
125.468485
128.443566
119.140097
143.363828
121.839825
125.577265
121.804314
132.913851
126.953500
133.302465
136.771034
137.223258
137.750873
136.649816
136.876673
140.676589
137.204599
125.913315
126.543322
120.011356
126.158834
120.011397
125.599280
134.176148
125.008038
126.080532
126.698367
133.304751
131.415106
135.719256
139.368610
131.551539
146.744309
135.813166
139.601288
128.867698
114.851773
136.405232
126.084849
125.146964
129.529081
120.694001
125.493240
126.063801
124.913205
125.800684
128.915987
132.799242
142.156620
139.381784
142.203803
135.569247
141.614844
133.474651
130.576891
124.503447
121.135333
140.219350
139.619174
139.894093
131.802387
147.665097
134.563522
139.640328
148.440168
142.374896
144.274450
137.272640
148.886910
149.245297
141.287096
146.914858
142.588241
139.857535
139.952799
134.887332
136.162793
138.278846
136.551106
135.250635
134.987160
140.246110
130.374390
134.711363
125.656957
131.515985
135.280941
140.775327
156.339527
156.305996
135.000755
139.872947
134.968631
142.583460
147.204409
149.560939
148.284270
137.179194
133.689095
136.952667
137.870935
137.126821
137.832725
137.301109
142.805070
138.357040
139.552473
140.226510
133.453202
133.545180
133.303934
133.645960
143.838943
142.094794
135.595871
152.473198
140.779014
139.780570
133.405021
137.993250
145.102539
149.278493
149.190688
144.841572
153.874077
154.946602
152.575891
156.840914
147.553697
149.240229
149.240535
139.947844
144.203810
156.017553
143.613348
147.996905
131.099357
141.276794
127.464257
127.240750
133.859486
138.286286
153.419715
153.551699
156.262250
151.264047
159.907938
137.524166
145.295509
153.338016
153.470175
156.262577
149.315297
140.707668
139.260995
139.787185
147.595821
155.474509
151.041793
147.573135
141.803835
148.121851
142.655550
147.064352
162.228970
141.602457
141.577061
139.281885
135.300340
139.928249
154.124163
143.170124
143.207932
153.206092
143.397743
146.128131
120.068109
119.183783
115.793893
130.693199
126.023384
122.885671
130.870580
120.890054
120.716946
134.233836
127.718674
125.641761
127.795815
135.603640
131.521057
132.037547
126.062073
135.653942
136.690275
121.639183
128.704218
126.024506
126.298958
130.429804
144.306575
137.041959
126.948519
136.268624
140.962573
140.405574
127.108993
143.360007
148.584595
142.194473
148.183125
131.349610
130.447538
134.075479
123.440641
132.791014
133.442155
129.127329
134.382957
122.061362
137.119440
117.681649
121.139244
143.010310
135.771426
141.600065
127.967938
126.441015
150.182685
150.405127
148.364265
135.759356
140.575271
140.545011
142.527081
136.962301
132.678272
135.259654
148.228785
139.209858
140.794428
129.285492
131.674646
125.304426
132.451427
129.512425
132.271883
138.301400
123.652469
123.697681
146.005119
149.576541
145.858304
139.566188
141.793048
120.637638
133.961337
131.308282
136.389234
133.236517
138.307495
144.249348
132.059200
136.426169
121.479921
122.189240
130.520295
129.511737
131.228035
123.200461
121.725499
126.803938
122.916495
124.277850
124.224989
126.787070
133.998711
137.122377
131.904617
137.579577
131.889774
137.035097
137.126879
127.340435
127.293316
132.739060
135.068485
129.124810
140.277745
134.162819
123.567993
122.858096
141.376905
131.333673
136.868804
130.024415
121.505001
135.744307
145.483471
139.255145
129.497608
126.828709
131.410984
136.084153
136.421408
135.739434
127.110787
127.756689
128.725118
138.831897
142.085375
134.911874
125.295625
126.727886
135.720445
137.443018
123.641056
124.974367
121.244577
130.275683
119.767793
124.653219
123.805634
131.498625
126.968317
139.319687
143.797883
135.699889
136.255370
134.609430
134.717360
135.770744
137.830992
137.093966
137.434587
132.609346
116.331716
117.005015
134.730294
126.591083
131.508411
126.614846
140.532073
127.419677
128.127647
127.420181
123.912551
123.170776
124.600289
116.595287
116.867430
116.366358
121.818088
121.239384
115.447767
115.387697
116.178128
125.257992
114.763668
116.206696
136.455509
133.693895
127.541308
123.453382
120.456910
131.350647
133.476586
130.509400
131.190144
123.249504
125.043875
125.747068
122.802340
123.324341
128.114310
135.872806
132.246260
127.133751
141.539746
126.512222
126.938002
126.870765
126.935991
128.727601
127.525527
127.438422
136.954079
133.718931
127.900468
140.370005
141.006617
132.251568
134.766027
127.092207
131.680560
130.670420
130.022861
132.415456
126.555250
132.605651
131.333142
130.657612
139.850921
129.308508
143.143864
127.775020
133.150205
135.497664
130.325771
135.775116
141.150231
131.913739
135.596232
146.316975
128.334257
146.244468
129.288714
117.037233
131.316916
126.322127
128.504267
138.770696
128.148455
128.117720
117.117430
117.017687
126.952059
126.974380
130.380374
120.684013
120.630282
115.434566
129.679026
116.155636
115.469662
129.033435
120.446511
125.673581
121.212633
128.977060
127.658696
125.779524
125.850385
125.365188
124.701771
121.462574
144.322885
133.237708
133.269378
131.543668
147.260130
123.784395
132.762762
139.763114
126.042560
120.412472
119.898874
126.078047
131.542871
142.503603
131.483027
142.479625
134.359879
133.154864
128.247438
132.795693
136.128767
136.710382
126.927899
128.251465
127.499114
132.049154
133.339664
137.120470
137.207249
127.532977
127.306800
135.236730
141.820283
131.275405
133.512820
121.747579
130.943495
126.474139
125.815830
126.391984
125.130273
124.421876
134.755379
121.461256
121.383797
125.083399
131.956619
128.418755
133.011583
142.037343
147.171248
121.311424
131.276689
119.266874
136.317916
120.494220
120.467848
119.788378
124.913252
116.630857
135.308504
120.072543
113.410603
114.721459
124.521624
125.575694
132.144387
127.025610
126.844188
131.518382
127.111198
122.687137
126.102763
116.555216
128.909090
121.659189
136.819030
137.231404
119.907348
138.859453
121.283857
133.007758
126.480304
137.806753
122.119728
126.437323
128.386546
126.507111
121.265054
131.514517
120.991142
129.630736
127.837100
136.548808
133.495513
140.767202
122.802153
120.489849
126.145304
132.767683
124.485120
129.928113
132.485678
128.250338
132.899382
132.162486
141.785380
134.518978
133.464245
132.539810
146.378205
150.764754
140.799744
135.572829
139.929173
121.141535
122.560107
123.788065
125.086517
134.598196
134.614626
119.553088
135.509264
154.175621
154.207052
157.910598
154.175525
156.848340
154.144113
122.133236
122.011555
132.920872
128.535426
125.730985
142.677718
149.039480
150.105803
150.555878
149.399681
146.966490
127.039772
152.405623
132.926658
133.582558
130.146635
133.562603
126.512567
127.085447
134.375303
152.332793
146.123788
136.488517
130.091065
132.795349
127.847746
132.291572
132.142501
128.789778
131.427662
129.719067
147.917090
134.746195
138.339418
134.029153
138.483739
125.260875
124.994405
128.691732
132.991825
119.026355
123.822798
134.022852
121.896646
131.404971
132.365070
132.331797
137.660093
135.940913
134.225866
134.325814
138.562325
135.454874
108.593153
132.455703
123.359040
147.492055
143.452147
140.094020
121.152504
145.831191
143.751092
142.649535
145.752118
148.745122
143.562389
150.310784
147.060858
147.129774
156.635159
143.630216
138.884035
123.661978
140.353000
138.892932
129.080819
116.352709
132.609246
132.546742
131.901567
131.829219
128.279094
146.449892
126.938065
128.322313
136.159883
136.087582
134.358737
133.239659
133.455608
147.068902
132.917096
132.585553
132.523430
114.888647
125.968560
122.127781
120.702778
127.107874
122.730351
124.435341
119.812666
125.877980
119.848423
119.260641
128.847911
129.574663
125.734582
124.335012
133.796415
125.572019
130.489908
124.506858
116.183627
128.880082
129.906842
120.544555
127.257732
127.070002
127.627763
116.276875
121.198635
125.200380
120.674667
138.605715
129.088547
128.354882
133.599618
129.870916
132.292804
126.097218
120.803779
120.752093
122.856657
122.880474
127.115149
122.756079
118.548806
134.189305
143.673315
157.430814
130.653226
123.755289
124.705216
125.788670
133.607099
127.119466
127.264213
127.162362
115.697731
117.052713
116.379478
126.368353
121.233064
127.018981
125.413584
156.847778
143.797350
147.227691
132.177195
156.896230
151.006945
152.518300
153.577973
152.046722
151.977756
120.532432
125.474059
124.843297
119.642645
116.022395
155.835493
142.851287
132.920576
131.220825
133.653529
141.816945
127.626222
128.611250
142.345699
134.150874
131.658599
131.949495
138.872073
131.501755
141.400494
128.173462
127.142541
150.965788
152.116734
150.982520
157.439676
154.819098
160.084018
136.488655
157.635686
151.292355
127.597053
132.413350
125.911155
124.288679
122.307926
135.617681
124.457925
132.998856
141.127052
128.128330
133.256805
133.744876
128.381900
130.829861
138.642346
129.058891
131.389900
131.133986
133.706319
120.608948
130.218524
123.074481
126.632047
124.181666
127.209738
135.526327
146.512213
138.613551
144.868316
130.652674
132.126214
121.575476
125.805203
116.784933
112.574546
132.571320
121.818952
122.355656
116.879572
121.633202
126.233260
126.619745
125.495107
120.452649
126.776758
134.927157
125.704201
126.463057
125.065587
129.449722
130.562616
126.138419
142.320538
137.707001
121.887253
127.210891
121.498847
127.946852
124.186368
142.320795
136.312974
128.097911
127.438119
127.531545
137.055743
130.881689
131.567396
123.488284
123.636219
131.483624
125.881123
123.450487
123.598419
127.320968
127.958054
124.974270
130.369500
139.987861
126.711513
128.403010
134.915589
139.903561
133.309227
145.890471
142.347993
137.738715
127.738287
132.981860
125.790900
138.326798
139.521840
129.932656
124.357780
131.559609
131.280746
134.396808
125.517890
129.980884
125.983920
129.257845
130.378077
144.615660
145.221858
134.655391
137.157450
138.277423
134.304075
138.659362
135.739012
140.779878
132.800214
146.337880
152.365555
138.119090
139.238424
143.726960
111.217187
115.515243
123.225041
126.745965
127.374605
132.586684
128.093502
124.458968
133.112559
133.811329
129.165246
132.490513
138.705831
138.830204
118.256305
125.875373
124.510405
133.521957
117.924768
120.707478
131.560768
115.498095
114.772600
124.417516
114.663335
111.266532
115.486760
123.218474
126.991081
127.190256
132.500275
127.231038
116.990167
117.041230
131.335014
141.569745
142.753566
138.735451
133.374705
141.499192
130.626486
132.023390
127.040014
161.860521
160.045674
161.013263
150.222771
128.682901
140.045924
132.126916
137.488007
140.479549
137.562876
137.768291
142.011850
134.854395
137.517372
138.515026
135.908920
133.959693
137.298045
129.603906
137.115217
127.779494
125.069577
132.395615
120.034846
140.077031
129.239943
126.833807
120.051204
138.059437
127.119625
132.721550
128.139685
127.300891
128.220428
134.428687
129.135552
128.202469
124.158390
134.693057
135.384440
120.772583
149.906113
125.060639
135.427671
126.505079
123.548808
119.987483
127.580797
127.582133
139.682113
125.729719
145.941044
124.385835
130.893322
138.109413
125.659196
131.606293
129.990043
138.134851
131.642462
126.593959
130.998589
125.398052
134.793815
116.299070
129.134659
121.377934
121.298202
129.402580
124.706544
125.222137
117.059377
122.447741
125.615528
137.009466
126.253720
122.225199
121.523576
123.578143
134.282214
124.832313
127.547909
118.475686
125.371601
131.945460
129.876720
126.092051
117.144191
137.147110
116.920807
117.631634
119.257819
120.680323
135.409900
120.745751
121.465986
125.488150
120.450038
125.754248
120.706094
119.171413
127.664131
121.140943
120.559681
125.835614
128.140247
121.266741
123.965485
144.698914
127.742695
132.804328
132.102416
137.435051
132.296870
133.085992
137.422782
130.219734
128.494134
125.851466
136.093059
125.824204
120.495908
120.522510
137.413667
131.406583
124.577941
115.680882
130.788767
121.852874
126.642991
120.461232
120.738401
116.436095
119.622803
111.406663
125.515968
112.134509
122.480958
123.915189
114.196837
124.447168
120.683579
121.385392
124.987809
135.723507
124.299076
140.877897
121.518275
119.992547
134.802903
124.945346
124.279495
132.082392
120.707632
132.997106
129.034206
129.029945
120.983172
123.594058
128.234581
115.552631
124.285881
128.671740
128.651308
132.211010
116.209764
124.534676
115.250177
118.633193
128.082308
135.328018
128.826404
117.142699
150.229284
149.153707
126.851484
134.929196
138.396009
130.485862
135.716162
139.447157
133.031994
129.852439
129.351661
131.497492
120.578269
121.244740
141.328182
134.142672
138.016503
134.747557
133.728578
133.663981
129.985074
135.025929
133.595054
147.034610
149.612159
122.250754
122.271880
132.287695
126.163906
131.804158
127.290021
131.657418
131.710459
127.948524
147.770285
128.459797
132.457147
132.924571
149.601735
144.340264
140.973067
133.235296
143.189007
133.751847
149.635391
149.559617
153.885848
136.161445
149.788912
152.589984
149.761257
147.516222
146.817594
148.556556
120.708216
129.763424
122.649510
123.700242
126.791844
140.273881
132.001379
132.564843
141.474509
142.477407
135.244953
143.265238
122.747648
138.437129
135.330424
121.222590
133.059458
130.942700
141.801760
131.695569
148.098722
140.938397
128.073945
143.324313
134.212412
149.395196
137.944573
134.304056
134.865589
131.251419
127.453383
128.122479
125.971143
120.291792
125.388537
133.352893
135.649545
125.026809
133.190922
136.356702
125.003416
128.017050
138.028970
129.400978
124.810116
125.492861
121.424486
135.807029
135.766203
124.086895
119.117800
127.925584
124.647253
131.219052
128.635594
128.888712
134.316642
129.185404
129.765703
122.353403
129.876751
127.926086
131.188095
127.501690
118.069221
121.921010
121.560862
118.130427
125.546979
117.186314
129.887649
124.834335
122.398807
152.122179
124.944590
112.080843
123.091375
122.574738
120.544347
116.169746
121.164866
115.440787
115.466136
146.634447
137.341324
133.733762
146.604500
129.567203
140.435616
164.286731
133.951185
134.493494
128.132340
116.343957
123.849893
128.234858
121.502791
117.337651
146.582625
120.636554
130.203465
120.680750
129.631073
120.133212
127.936522
125.427291
122.673822
133.772834
134.969150
137.582075
126.010810
119.322094
119.969053
120.642272
135.371185
134.935539
134.281392
130.915549
127.131107
126.102667
129.438200
120.017024
124.915097
119.942812
136.019159
135.628881
127.693564
126.770359
126.130624
130.858244
126.068561
148.130346
130.705739
133.373557
125.184954
126.694310
136.083352
121.667049
125.157549
130.701359
130.668590
127.200319
128.959201
121.615634
132.437915
138.660852
132.783425
132.761469
142.091150
150.882552
132.092996
124.447366
131.378677
132.430232
124.409336
125.118136
124.372912
141.324174
137.097867
130.124947
126.117019
126.352373
121.729832
119.919841
136.348025
117.041655
120.638104
122.116025
129.266227
131.351593
131.313389
125.994288
128.576991
113.061143
127.891232
130.358686
132.574486
140.722058
131.473539
133.222493
136.160090
132.246926
130.344705
129.239933
130.377271
137.366378
126.799262
133.446340
162.217878
147.391467
133.266176
131.730606
133.592739
130.952115
133.067676
140.775509
132.566758
142.484158
122.384963
127.421702
126.339364
132.985346
134.545143
133.080879
128.772783
125.521628
129.311060
140.847349
125.563897
121.633110
129.989338
116.552786
133.117406
128.654748
138.256979
136.483852
132.978985
143.779849
146.591860
143.852901
132.968695
138.200993
138.222713
132.972309
131.001269
131.018848
143.823552
145.598897
151.424792
151.035297
132.271487
136.620948
122.180150
131.318590
131.343558
126.864852
118.128844
121.790219
127.900796
118.543449
136.915939
117.834715
120.705897
131.931033
121.815236
116.183510
118.772580
119.609378
118.563461
121.204242
111.375941
115.548206
129.084166
132.052808
133.018686
137.644314
131.914232
134.376509
129.142926
135.709109
136.373970
135.194878
129.872918
129.868781
134.528929
134.309999
130.792271
127.287668
127.325112
160.920579
143.167048
128.230786
143.739762
115.629183
119.341027
123.890889
128.669703
131.983465
123.833136
123.944083
138.969605
133.654937
132.719202
138.249717
142.828156
145.954584
139.355010
142.746555
143.235543
142.212747
135.943996
137.039891
137.063145
129.598762
137.796707
129.721622
131.175021
137.699552
140.891966
142.908550
141.931939
127.533745
142.521667
121.837859
112.731140
112.749447
126.872227
120.743421
119.919423
122.163033
117.066796
136.367998
121.925407
119.810838
130.358211
119.747468
120.904708
127.762880
132.253644
129.382536
133.727600
124.970774
128.186293
137.093790
129.476210
138.406546
131.968230
148.938853
119.743277
124.727100
123.809240
124.569283
119.881042
127.122752
119.833542
121.274123
130.265261
138.733416
127.981503
128.023705
148.888735
155.457648
145.966838
140.364993
135.156267
140.505208
145.793707
129.630707
134.382538
156.947222
146.072254
146.040129
141.105562
132.837721
142.461632
133.230357
135.697375
143.161404
128.573311
129.604799
132.906569
153.110820
150.977119
121.215015
122.671078
142.103202
138.015669
142.112028
121.218927
125.600434
125.625791
126.247980
140.868991
120.744829
124.976697
127.120578
126.358843
138.819367
148.042186
142.706842
122.059861
122.913220
134.974690
134.936669
123.772224
142.473146
142.475372
133.100770
135.376829
135.995360
129.657062
145.701115
126.900286
136.404536
133.171609
137.483913
148.596348
147.984482
148.040737
141.670577
132.691908
133.392578
136.817988
143.712995
140.074603
148.631102
145.095478
144.546286
151.647998
147.006699
142.538554
134.829479
128.403147
131.054046
142.581537
144.976110
129.948141
142.796817
142.766738
144.540183
115.865909
129.556424
134.566601
158.210805
128.403176
126.661360
142.679936
121.149694
121.118832
120.457186
120.451051
138.650177
135.341990
137.656604
128.902264
144.545248
130.922348
128.631647
142.497910
135.374885
133.529926
130.388155
132.701561
130.344186
131.047942
135.439910
137.203634
142.461208
144.458274
135.115688
142.676784
138.278845
142.437162
153.306860
149.457991
152.265323
149.616457
150.736976
152.872562
149.121191
149.068799
150.418157
145.175967
149.338891
144.590415
136.883430
139.972881
134.049556
134.007007
133.512449
139.189140
161.384272
155.098623
136.339977
146.490361
140.435557
135.618858
135.359225
155.131588
149.787053
147.362716
146.618142
136.614358
145.964013
133.587034
132.780708
134.140115
143.459928
142.456764
129.640945
143.099154
144.055054
142.322998
131.464256
134.452980
129.947196
139.816699
142.752849
142.682896
137.827551
134.683588
133.878617
143.966407
143.987261
147.564968
146.961733
144.164703
143.353328
139.708125
143.932972
150.119638
161.594850
149.488221
152.867533
156.181473
150.152074
152.402405
152.426264
154.013068
159.146637
153.407959
146.788828
151.703921
151.962664
146.370521
145.875806
143.459728
137.793891
138.654220
144.584580
141.102823
150.620699
148.840325
141.207201
145.691963
131.002682
146.306571
135.507596
139.129700
134.518622
138.729523
138.853489
146.350825
131.308442
157.799040
156.180438
150.770133
135.002236
140.160083
138.468332
130.515006
118.571644
119.036335
135.301605
129.051146
129.806429
122.209073
125.873070
130.639376
126.400115
130.946041
125.134694
127.903319
129.986419
127.345817
131.100825
129.895557
129.249938
126.514355
125.931683
122.182943
130.554642
131.132571
121.472105
125.821784
136.150247
138.103106
138.615660
139.237667
155.132277
139.076275
152.441979
152.389625
129.419769
141.149989
141.190806
153.240369
158.958217
157.649996
155.014944
141.046179
134.810909
135.494156
143.083580
143.851349
136.722655
138.464019
137.659510
142.131169
140.960096
158.835732
159.321995
153.286762
156.079332
131.024745
141.010062
136.507528
146.951190
140.821711
139.732611
138.062143
142.046506
151.719559
150.776924
153.809090
151.014518
150.702105
135.266040
141.108883
147.488927
151.596533
133.018555
138.082886
133.862671
129.515776
133.037806
146.596883
138.706494
123.959438
150.842799
132.403041
137.295600
129.105144
138.648447
135.301749
135.341338
139.597802
128.346913
127.638359
132.398354
140.627687
143.736223
133.361629
134.686737
128.233272
137.628105
136.181376
129.555771
134.171754
133.191886
140.503983
138.832382
135.473079
151.550494
152.155600
131.144970
129.720167
129.748540
130.344365
138.759324
128.266462
128.206336
133.284180
129.460156
129.440756
133.952486
126.105202
137.924854
137.274995
139.610252
135.301959
140.687876
138.771422
139.728099
151.391829
138.302290
133.815927
151.373964
149.114107
144.946514
142.133117
141.571324
137.983265
151.342795
146.316961
166.274165
144.603254
142.528545
145.679490
152.043938
144.742080
153.259922
135.257811
130.211392
128.182444
129.467605
124.387990
127.397782
130.241369
130.348328
134.341110
138.662827
134.775835
132.464003
124.353367
124.494752
128.124036
128.053716
131.964038
128.153522
131.940342
131.914867
130.262867
126.630156
134.440729
145.354213
130.934758
134.984020
126.639893
128.330270
132.057635
130.952264
130.343886
134.279764
131.971169
130.384127
140.612459
129.707429
133.538368
133.823233
132.689152
127.309738
123.452892
123.923312
131.228203
141.558274
135.699998
126.415432
128.154634
131.238216
126.883627
131.769219
136.438324
133.968306
136.481435
126.835150
134.897902
126.630006
127.554081
127.097770
131.283226
145.737893
145.716614
156.060973
142.330137
137.359444
132.285553
137.596097
137.419127
140.723353
135.581914
132.992958
132.445024
133.270781
132.864435
138.839438
128.856369
157.232379
142.382747
143.243894
131.527358
141.353540
133.413764
142.700090
130.856020
131.682068
128.614338
128.589107
131.920160
122.435397
132.773168
139.284092
127.291214
125.835343
131.033905
125.826906
126.782988
134.375634
126.800117
129.974052
120.983374
134.508510
125.243648
131.145396
133.417367
127.899409
128.640328
128.577478
145.474913
142.218111
142.922366
136.942462
142.492767
131.907307
139.138799
124.377273
132.358618
133.876592
134.607364
134.804883
124.095772
132.222533
124.153257
137.912412
127.864776
132.829840
134.592674
128.344650
129.066353
138.623582
130.252411
138.128138
138.055024
129.289510
144.799398
153.682214
152.354711
132.454678
117.469540
127.086300
136.292962
136.042853
143.109042
139.621455
154.712676
148.127372
148.346070
128.873745
141.495673
136.281036
141.573062
140.351010
143.554345
138.978219
138.034236
140.341285
143.553829
148.220997
145.621092
138.136051
138.054187
137.074381
136.821291
142.872904
141.874319
140.794762
138.665217
134.535242
132.841091
133.477446
136.088509
135.916570
139.886917
137.119371
137.426066
132.082838
133.178618
136.132279
135.990510
121.314054
122.957462
122.207954
128.557732
122.885195
142.862588
143.320257
130.216188
131.082521
123.587850
122.892630
134.410620
124.962206
142.142846
144.150267
135.391495
127.867899
127.843112
127.134429
138.025328
135.333816
129.452792
128.770978
127.364826
125.726636
128.157825
117.594009
117.294830
120.681565
116.977039
129.590481
116.293809
116.974465
126.473148
129.145683
127.411399
126.605597
128.772613
141.265514
117.096329
121.414193
124.790547
115.598409
116.188028
121.875734
121.837464
112.123401
125.526018
137.088257
133.447260
139.761819
126.291586
157.297946
127.552110
142.479270
126.443727
125.663849
128.161332
138.274808
136.085022
136.713721
134.270655
134.416455
140.441495
115.811982
129.805437
115.658559
122.500011
121.298082
120.778183
119.841055
125.096944
134.749774
121.738947
121.458115
120.480352
119.801178
134.743865
129.381711
122.775926
130.533492
125.025815
123.711475
128.039415
127.190801
138.582719
140.190597
140.060571
142.669056
137.233624
139.618072
141.096560
140.069233
137.460050
137.234068
138.857181
134.187022
134.000902
141.929731
144.136858
137.989704
125.987654
134.811593
136.454460
145.418239
140.110630
135.833541
132.261531
141.823734
126.619299
122.788571
122.287400
127.598897
135.106930
120.835462
126.794272
123.714012
130.195935
134.487654
131.446840
136.477316
138.742147
139.818757
135.407156
137.827035
139.909607
142.097191
142.565089
130.799217
142.112701
141.046378
141.578892
148.158630
161.595438
157.960670
136.862606
133.763548
133.051405
131.538950
127.962390
116.917165
127.314249
128.618946
130.966120
124.147692
125.953368
121.210121
123.033478
125.265256
125.894026
119.687551
141.918541
144.390143
140.893973
139.840752
125.240496
123.220370
133.491835
125.065385
132.957802
126.333632
127.294043
126.146748
122.018602
122.108944
125.394535
125.628311
136.301597
139.001722
141.765659
125.973654
121.451094
121.424405
121.793236
134.747713
136.680874
125.683616
128.822423
135.044717
130.640662
132.894119
127.141996
128.959456
127.488039
127.685570
126.358927
130.094620
125.969185
128.214142
142.065214
132.553302
128.922566
136.819142
127.919087
137.458916
132.352032
153.846454
138.419570
139.838975
127.585815
132.054456
128.417916
134.267850
141.129923
142.281935
133.704162
133.778780
135.370654
128.026739
127.229925
135.344262
141.438698
133.817322
126.381747
133.084257
126.299080
125.649370
156.640179
152.623093
148.156300
147.156146
154.821353
164.075818
161.040881
142.404310
150.361476
143.523046
152.154818
150.112473
138.035768
151.733907
143.814142
135.481050
144.773586
142.994466
144.305106
131.426475
131.500449
143.253218
138.440316
135.309167
151.586198
136.332469
147.418970
134.772381
151.595104
151.772714
149.853181
133.883614
144.927205
125.792259
125.862537
149.710218
145.975696
133.936115
133.394767
145.902856
135.164155
136.125264
144.936588
135.520746
131.082745
138.382864
137.767758
130.688665
136.721028
137.932381
135.263669
131.487714
137.821527
122.887570
134.351502
125.916615
136.966994
130.532692
124.700852
131.461539
131.293151
130.259459
139.098089
143.381129
134.750905
135.652927
139.219801
141.516881
132.363157
143.258686
132.362767
145.180876
145.257392
150.185799
149.116182
139.626442
139.080585
136.450104
127.070402
130.499476
123.561942
131.202697
141.713505
137.771714
146.507419
133.359539
128.025370
131.593074
133.313939
127.469722
126.648052
131.190727
138.022535
137.296185
133.895356
146.448200
146.986940
144.718623
144.118688
134.090342
147.980259
147.721124
147.789604
146.797807
146.759819
144.549404
124.794293
124.808879
125.668445
121.174790
124.926929
127.301329
124.840340
130.968019
130.513268
122.029293
132.397432
130.873324
126.439823
132.382293
126.939809
142.577987
132.203436
137.237204
147.861908
117.186791
132.422583
142.178931
143.295252
139.754331
135.512225
142.944775
143.961103
138.887946
148.872636
121.897636
126.295849
133.632220
126.173883
142.880443
135.646086
145.067838
142.799798
139.064996
141.675594
139.808631
132.999774
143.786748
142.147848
142.228973
140.565694
141.010178
147.916148
153.685113
133.268872
128.263153
143.547911
137.371391
132.449436
136.894222
134.389104
133.868708
151.902016
157.802426
138.253646
136.723787
138.493551
139.170937
129.000595
144.440340
140.100770
143.139029
148.483070
135.846013
130.368789
121.724120
131.486021
147.479065
151.640304
141.085771
133.268731
135.410778
132.191500
146.096270
125.999410
135.722724
130.273121
141.965018
150.661204
138.425704
145.211399
142.725581
149.161800
128.274974
137.156781
137.085173
128.981086
128.897291
145.081325
139.810610
129.751104
129.777265
143.782034
135.587954
136.465445
131.838928
140.756804
138.529042
133.913183
132.678382
134.489792
138.309790
157.902477
138.657332
143.607952
151.423017
135.774347
139.996492
133.337676
143.522714
133.213842
144.247445
137.313794
128.264309
128.290645
135.031177
125.310226
127.723739
127.264352
139.497398
131.916069
131.529648
121.437433
125.697300
130.077901
144.695872
132.233173
137.088959
137.935086
137.900555
141.715569
139.469246
134.237038
132.085938
142.926844
141.654284
149.992735
134.502046
137.622712
137.633738
136.609177
137.722450
138.470343
137.404287
134.319047
149.914197
135.308615
145.201626
134.927338
134.203544
150.431986
142.515619
139.294037
135.780014
147.691619
137.762049
137.875937
133.005140
138.644166
144.658545
149.693916
139.486056
137.282793
140.521850
146.739610
149.767280
135.611989
138.258997
130.033268
143.107419
133.069996
143.157707
136.120008
149.837632
128.698058
145.624379
136.561561
132.198861
132.404062
134.864826
132.519291
132.035849
131.651195
135.485060
132.504943
132.938361
132.926811
135.196178
136.483053
136.828807
128.180000
129.155121
141.563572
130.625380
137.681004
126.554160
130.696149
138.598824
138.548478
136.013764
138.422300
138.644803
131.791190
145.699269
146.670270
132.168523
136.563559
135.813804
132.536001
128.417397
132.512764
130.819847
147.928370
154.060158
136.794080
137.799242
145.796980
153.107877
150.578446
135.260489
139.574307
149.472333
149.051409
143.941591
148.989162
146.832402
147.424742
148.480238
148.357241
140.834693
145.138011
143.003306
146.252544
150.213918
149.184598
149.482815
146.737651
143.555035
150.817676
153.032194
147.097038
146.321543
152.730423
146.172731
147.269003
144.355141
150.276014
135.349923
153.598960
141.380939
139.825588
136.494888
128.000505
131.850158
128.093399
136.910372
134.793993
132.034794
131.852892
147.162377
128.453991
131.926545
127.409614
129.591510
135.757202
123.802825
126.932258
135.432385
131.373118
132.056352
135.681426
135.674515
132.025660
139.869530
130.586583
134.427607
122.518769
130.008614
134.462096
130.736684
128.162269
137.099952
126.876537
130.716687
130.254089
134.093892
143.550182
136.452669
149.800302
149.972641
140.698802
140.096615
146.413307
144.151772
141.821568
145.319187
142.481290
138.808215
130.978986
136.202595
136.251773
139.396636
141.351730
137.731899
140.430793
133.405441
133.406679
140.141576
147.474729
146.406318
148.606426
133.029264
128.838621
136.824248
134.488553
137.530771
130.469466
130.500953
139.056294
136.960032
138.631106
134.315236
131.789089
134.227179
141.914027
136.558861
132.713668
131.358083
137.648577
124.055479
138.108366
128.594095
132.169042
130.108929
137.099622
137.069910
128.660934
136.642250
138.319784
150.124518
149.025291
139.811453
144.427133
143.217932
146.502755
150.433064
152.493232
141.152233
145.889960
152.439142
137.294764
132.220888
138.391672
137.639360
145.463655
147.570608
143.274892
149.212681
137.794972
140.026518
140.058356
132.055698
137.341494
127.433408
122.463824
151.535497
151.518676
151.131599
149.063750
150.734540
138.331045
150.764097
144.135836
150.960362
144.356928
143.204977
145.557047
138.779228
134.449103
130.589102
129.138861
128.031676
129.151341
141.372664
147.742169
131.648896
122.423824
127.350933
131.066982
129.918081
125.657583
130.014185
126.407394
130.049739
139.732405
147.065065
139.765596
140.602721
134.637867
140.752725
133.025735
121.785372
131.384506
131.408914
132.400307
131.520989
134.525936
133.105347
127.151103
136.636698
133.969550
142.091970
156.122620
145.491206
145.440373
151.619465
142.052975
155.038177
138.543370
137.137919
137.779966
136.590239
140.364134
128.015957
140.670971
143.246031
130.060852
141.605981
143.241351
130.042617
132.149457
127.893872
130.841084
139.778456
128.571408
118.058318
117.572104
126.209385
135.447916
131.750059
132.461571
136.669551
117.106991
125.753714
121.242552
120.778068
125.030093
120.001067
125.008437
124.226874
141.255959
130.641908
123.610550
125.376163
119.957083
126.393651
142.175565
122.637582
122.734706
133.769569
140.947796
130.710761
125.686579
129.998337
132.424279
129.313522
125.038867
130.190052
125.680353
134.413540
130.108740
125.640576
126.400383
130.710357
131.012466
130.589263
127.520873
133.640714
126.049282
115.549530
122.678426
127.069242
130.604837
137.445676
135.029806
121.239996
134.938391
141.861822
125.650191
126.620915
134.597126
125.901558
133.687819
132.442644
143.276359
155.278671
133.155132
131.218875
126.350886
129.772252
128.656260
128.745297
124.122534
129.576128
120.013424
134.231843
120.686809
125.613872
126.487119
140.886632
131.231216
124.303048
127.098343
125.267394
120.621560
129.685225
120.510154
119.975057
126.498860
127.304915
122.960437
133.546417
127.246549
139.807437
124.605798
121.197858
116.391605
134.546849
123.163834
119.966522
127.620792
118.439458
114.964563
131.429237
134.704588
129.851577
129.570368
137.608784
120.355231
124.757226
128.177752
127.584999
132.630856
121.450283
140.144432
141.413104
142.074127
142.001976
129.496321
151.095562
151.075120
149.990217
137.159490
138.041773
126.443375
119.430686
141.031215
143.297833
128.096637
126.711297
128.700123
132.766736
125.237672
127.586954
132.728499
143.478390
137.809083
128.162164
128.255384
137.068037
128.538280
136.500832
138.804517
134.786883
137.130743
131.984508
145.803141
138.571106
132.430058
132.498402
136.213738
132.518685
134.868456
140.551665
138.309065
129.399524
129.668225
124.814284
120.496144
126.097967
129.672715
130.322247
125.045537
128.590613
126.401024
129.605377
125.993542
115.588424
121.295301
119.856044
121.642686
129.538742
114.860886
119.378842
123.563973
131.843286
119.534918
118.020145
124.822433
127.481057
129.803964
130.529737
125.540656
117.277434
120.694334
127.183108
124.919793
141.000837
121.292825
120.621136
133.535160
125.553780
126.265715
124.385394
138.928840
129.101740
136.166090
145.041749
126.969693
125.600788
124.329357
131.334601
130.641081
120.698862
125.665810
126.453769
126.202737
121.764912
141.392736
120.530300
124.907018
130.401884
119.923867
124.925302
124.940099
134.607693
126.962460
125.519901
128.105898
122.482178
121.894160
132.380573
131.708366
120.639671
128.097084
130.955046
135.733830
126.545016
139.789252
130.669141
128.818112
120.546111
126.985526
125.878071
122.494842
135.453577
124.927122
120.590171
126.331594
121.868344
135.736114
125.339393
124.615486
115.623321
120.862190
115.642059
128.078178
128.409219
138.668644
140.373577
133.334565
123.945429
123.989388
134.732046
143.800618
137.138467
139.755677
140.702090
144.800583
137.145771
131.593992
131.593612
131.438466
151.224976
130.237984
145.734576
134.887085
128.295002
132.103911
126.133955
129.872582
130.770135
127.851020
134.541947
127.637365
131.439103
131.372170
121.589599
121.728323
135.437732
125.684853
121.898686
124.979996
140.946923
140.154043
131.234764
126.639844
120.653740
121.336174
131.479212
151.073611
144.971772
133.346292
129.707978
134.136403
139.227910
134.772007
128.875619
128.283512
141.421281
135.073623
125.752877
140.760263
125.834642
120.617519
119.883738
122.166985
126.492352
156.943017
143.331433
147.643840
146.643106
163.636152
144.287814
139.094135
142.916848
144.681611
132.828763
136.405654
144.638372
128.661623
133.566810
133.103801
153.634589
142.018042
139.371518
143.260046
143.008367
129.490205
139.680920
133.585407
134.121701
117.538478
130.507839
130.688754
126.508996
133.719659
130.488087
131.368410
126.484837
135.293404
123.150821
122.155102
129.862353
118.750847
122.397547
125.393949
124.693064
128.204823
128.276149
118.340803
133.484756
144.187778
130.817280
136.775971
132.020077
142.185206
131.250893
135.695777
131.404423
121.579645
138.989110
126.941545
121.517264
132.682585
130.947469
124.246422
120.526972
115.554178
130.760471
136.297375
130.789503
133.190866
141.626721
131.738347
150.451598
139.068753
138.887354
138.878703
130.480405
135.799461
119.057816
121.490156
135.974859
136.051447
127.709583
122.111679
130.337287
122.705904
128.705509
127.189875
131.126971
138.530081
138.857492
132.957452
132.527013
131.466661
124.352887
124.458627
136.100205
133.490359
124.020090
132.044856
125.326590
125.237844
124.625522
124.477521
134.724817
135.965685
121.153631
130.581132
123.849246
132.486328
130.647832
122.831941
126.423827
131.593814
127.064149
138.737183
143.938945
140.348549
144.569294
147.344407
142.126160
142.221469
136.175810
138.706898
134.468072
136.964633
138.695674
139.361901
143.579636
148.401760
122.171095
139.049590
123.475690
133.628871
123.493440
150.892569
132.758174
142.919814
135.244229
131.231070
133.432567
137.288806
121.201341
163.451716
134.195609
140.332879
129.480365
130.976418
123.103029
125.801532
135.378675
135.626706
128.099050
139.834010
128.706179
129.429082
133.957042
127.343986
127.390474
139.516730
133.339265
137.608669
131.886167
150.744402
147.624043
143.529834
144.514908
140.867519
142.531464
139.751170
141.915242
141.022980
151.737826
149.713764
146.647218
142.242530
143.211309
137.140495
148.307624
147.291494
148.275483
138.868015
133.791470
128.311691
128.249398
136.352151
146.263103
130.390452
138.828672
138.817577
139.097142
137.889446
147.720782
148.370040
150.548654
119.768855
119.796228
121.266442
136.051081
139.318809
161.458169
149.491837
167.483941
146.518524
145.288417
138.653433
138.490069
138.606717
136.891492
138.699847
136.458591
136.979987
170.304392
160.160482
160.262643
139.692853
127.787138
131.511474
126.186573
135.599533
138.896675
140.049102
149.762935
133.590555
146.368992
134.043809
146.118606
152.683480
149.081262
146.092157
119.549244
123.887795
128.202623
118.514921
134.474523
146.315889
157.433631
153.031228
155.863260
151.404758
152.068824
123.851218
116.080429
125.296919
125.297451
118.864082
109.616898
162.963088
154.718052
152.051437
151.965040
152.454236
133.260735
156.333275
153.585796
148.684119
148.193586
132.440316
128.255184
137.092848
147.748624
125.782119
131.811542
147.541147
133.399597
128.282197
136.765232
141.150932
132.403989
142.170058
132.458349
137.821016
136.430311
131.573866
146.069432
151.812800
133.879078
131.419019
126.372964
151.887913
131.493076
128.847881
144.577265
145.533994
156.220965
157.338622
134.347373
138.544197
138.465002
147.973325
129.835269
134.852731
132.310764
141.481047
128.972212
129.850804
147.190544
147.857949
137.547220
128.912577
147.837525
137.955620
129.435526
129.369125
146.544434
155.318478
154.832970
149.330952
153.595192
149.872692
156.426310
149.377229
156.001897
131.900631
136.428853
127.101581
127.928076
132.662054
137.079537
133.270782
134.832062
151.253668
148.044074
139.029389
145.208546
135.481438
136.436419
148.417437
147.164529
134.769074
135.693054
153.138564
117.089202
132.454614
117.821717
116.985372
121.221121
131.919094
122.218371
121.327081
114.788888
116.207773
123.223392
122.493054
143.298644
125.224304
122.272925
122.925756
132.701839
134.783316
132.446172
131.921296
147.183069
131.922250
132.372949
162.419900
124.846991
123.832829
141.222026
122.767599
122.101509
136.475728
122.744775
132.649299
127.033334
126.241003
126.997702
142.208880
139.035841
133.745932
146.633917
142.224660
125.839657
127.135149
120.565390
121.329899
120.563086
120.502297
120.558152
137.419978
115.561304
111.302631
118.408434
129.616982
121.802895
120.566558
135.334081
137.314341
134.366164
127.714623
128.442674
130.574454
131.194141
118.980215
125.322774
124.659544
123.106194
111.177800
126.924119
126.080969
134.791913
126.697705
126.780683
130.977262
131.598099
129.320257
131.934564
125.721559
137.852006
127.908782
127.761246
129.369278
135.808789
125.713602
136.958283
121.296196
120.577636
138.014530
136.033374
129.222428
138.181199
125.953367
116.661453
112.483003
133.264585
135.322170
135.247465
126.264675
141.327705
123.949009
120.530395
141.405138
121.016910
120.690839
115.451179
114.067429
115.377826
128.766029
139.314258
134.223493
127.313656
126.025301
140.410975
134.056825
128.184254
129.010141
130.522728
120.102203
134.254702
120.778874
127.250513
127.307932
119.896698
129.653383
127.137176
125.509782
133.439985
131.648169
121.975973
135.455128
123.584452
134.624701
130.364403
121.315097
134.828501
122.247393
129.385220
136.563276
122.305413
124.300665
120.661673
126.677390
135.906206
120.587105
126.717655
138.171349
131.143617
133.130633
131.042805
139.026979
123.793150
128.331262
131.087146
126.702251
131.791409
122.628624
138.661558
121.277374
143.068989
139.771351
123.860751
139.698893
124.292655
124.997109
120.599240
125.667991
119.955091
132.851144
115.457033
124.903580
129.544346
128.190955
115.459700
111.143850
129.525113
137.316101
116.762815
130.175540
112.468611
124.899986
129.636781
119.692260
119.990834
125.207390
120.463677
115.489975
143.266519
133.075608
115.445397
127.109630
149.043391
133.971183
134.488145
128.239661
119.840371
120.197368
123.963619
123.966894
125.913678
119.843636
147.455458
115.667866
126.033439
117.103857
129.414238
135.477079
136.313198
136.392521
129.379987
129.275195
154.396830
144.180816
121.893418
121.713053
130.032145
134.989749
130.754616
127.386494
121.437537
122.101083
128.338605
122.806636
108.010648
112.272245
132.835176
119.772404
116.127360
120.424511
126.578406
115.446760
122.467179
125.253934
121.290786
122.010394
141.452093
138.552386
157.057807
145.597175
131.432055
130.611959
111.334718
111.286954
131.547195
122.570131
116.593118
132.201048
121.134822
121.665236
116.599644
129.771292
121.486856
137.538405
131.007652
115.679426
115.475686
120.676614
131.527567
122.547491
116.442760
126.226321
131.472117
136.686178
116.558560
116.512732
131.421779
125.210870
122.523656
132.104586
121.371509
116.203215
124.619278
138.199678
126.463106
130.944785
121.448119
144.758520
120.027273
119.839141
125.604485
117.015222
125.972205
124.906553
127.177629
133.534283
132.041959
128.593719
132.341366
128.080106
134.434608
146.104940
137.361512
121.037023
125.136491
125.213985
133.262875
120.444424
132.111195
132.162857
123.489005
119.987238
121.618611
114.807005
124.266741
135.541025
137.130838
126.278210
127.006741
132.379087
132.404329
126.788692
122.460830
127.548590
129.392654
127.447412
126.712579
128.219407
133.730982
116.288795
119.085151
115.761822
129.949465
115.708790
135.879553
126.212152
121.329084
132.713514
136.414499
125.658406
120.711759
122.134436
141.404906
120.137313
134.908101
124.586195
129.639091
125.474658
121.686837
127.290383
121.662618
122.770954
126.140211
135.775026
120.693477
116.327565
129.864267
123.873370
115.597639
114.793985
126.870508
132.958283
137.337062
130.621116
131.794347
131.486541
129.364155
130.112931
141.295749
125.613719
130.623042
127.814705
125.085142
120.845330
125.864172
136.166499
122.645689
133.154378
138.053051
120.633785
125.614075
128.422339
132.148001
127.833469
124.194855
125.071365
119.972911
133.155335
120.064240
128.759088
121.148686
116.343331
115.521044
121.032005
123.848146
124.044277
114.715922
127.574518
129.436094
128.695961
127.570357
117.111355
119.445154
118.653773
135.384485
135.491877
128.002494
132.243950
138.922364
121.783131
119.039744
125.201919
119.204056
119.829676
115.732801
120.936862
142.853206
143.149367
137.643667
122.275961
133.183634
132.380995
133.004844
135.988597
132.349758
138.743424
136.017104
142.307343
134.392229
140.382536
128.857123
111.954159
124.612462
125.593344
120.648974
129.568686
117.091899
117.263530
133.948975
136.307843
116.892566
116.184737
120.391978
119.935706
120.590835
134.285065
116.990326
117.669400
136.324235
116.694804
115.426550
116.435242
125.337875
124.686145
136.313153
136.342091
138.053613
119.897784
121.280403
119.811353
130.479312
117.104012
116.409171
130.553284
130.533635
115.749560
126.219260
112.820517
112.795312
142.112761
116.410638
120.709068
121.187321
126.267202
115.639263
112.119425
121.374613
120.230828
112.023393
111.155091
131.153120
115.015013
116.910951
116.178478
128.395873
125.974362
134.023680
135.077153
121.433883
121.477362
127.264403
126.414463
126.214725
122.026388
126.535572
132.854567
131.054181
138.077963
137.545858
126.361298
133.167241
123.596081
123.419358
131.529721
126.035840
123.139514
121.311040
126.711500
140.190951
146.445290
109.720881
115.644004
120.578715
121.706096
115.658533
120.556349
115.482718
120.344762
120.499677
122.020981
128.110675
134.029326
134.826468
131.654474
134.896623
137.059484
136.122826
134.246716
130.356486
112.119326
119.643411
121.112198
122.636532
119.670977
114.122191
119.158928
128.782911
134.136095
129.855165
128.828540
119.127859
126.876504
136.121742
127.735495
132.014273
128.321800
140.102365
125.013842
133.800147
119.714345
126.555774
125.844487
123.876759
129.040172
131.720235
137.088327
140.083603
129.317754
156.863213
138.126795
146.083898
146.007757
132.650430
137.653979
127.141423
128.240999
131.440314
132.474859
134.281407
131.752761
141.725773
138.186069
132.015696
133.330823
145.307192
140.712708
153.585564
153.108596
151.442446
150.978174
150.922517
114.319340
128.968850
130.734199
153.184710
129.446198
129.490566
128.686812
126.906313
122.808555
127.507525
131.435505
128.281663
129.795720
132.570501
130.183455
138.499001
131.943691
133.210697
142.180504
133.480878
132.828439
138.776783
113.365785
124.313700
125.180712
114.747596
120.364443
121.843461
130.852125
120.540945
121.324660
128.591267
128.096352
136.513345
121.380646
130.321329
124.348362
115.731011
127.679577
143.942751
149.339506
138.155275
132.113752
128.893884
133.816075
128.694655
126.648744
127.374714
122.408370
122.411469
136.428478
123.851704
143.410783
118.887261
113.895379
135.607898
133.187191
137.287935
139.626162
142.943414
136.254710
141.593531
140.034837
134.794399
127.222370
117.411868
140.946736
133.213890
140.374953
137.267261
128.409650
128.403099
142.541655
129.885483
140.440652
148.782899
130.984195
125.767045
132.400799
136.040577
136.580346
135.950132
137.137943
132.920449
130.143111
136.487271
125.506252
122.364692
145.152758
145.029347
134.856411
145.015606
144.934809
135.922173
130.398951
131.406379
135.865643
135.661696
136.411693
126.508141
124.775331
126.169226
125.415298
127.845225
121.395332
125.655410
127.593505
127.050356
143.137044
126.861187
128.798289
130.390221
130.109825
134.516559
135.559294
127.799793
131.538708
116.057232
130.406647
138.864079
125.510089
127.520311
128.784074
128.281491
128.763589
127.681685
127.031659
127.815311
116.698816
121.477575
130.010543
129.353877
125.667111
136.144700
133.817650
130.299903
134.657223
128.722518
126.069343
170.300437
167.967041
169.095609
127.087402
115.172326
122.127195
128.208218
116.250793
120.489082
131.500525
128.043424
121.335782
107.075975
106.303486
121.792387
125.067728
123.027794
128.258777
121.559226
131.952967
138.651181
138.855650
131.908874
134.238705
141.280787
141.325631
126.201656
131.360111
137.624501
133.595179
133.620177
134.535003
126.984927
138.658929
130.751805
117.324342
117.238807
122.580608
122.442458
141.475874
133.584600
135.016792
134.243256
148.303641
137.098020
137.089179
143.197195
141.435552
145.770167
143.072073
130.036737
144.407149
138.291750
138.433969
131.525272
127.179338
131.676073
132.290166
128.583706
126.848900
133.414919
136.869185
128.866537
132.739227
128.780800
132.709365
123.586001
140.445832
135.546402
118.546336
124.336568
127.673220
132.676140
131.112026
125.672323
130.059393
133.753938
120.099125
134.847581
147.025258
124.888063
121.947055
132.017877
126.777303
126.081240
125.647616
135.478436
125.674845
120.586278
122.013804
119.803486
123.874676
123.884248
115.346240
132.271034
126.194788
126.276933
132.121055
132.313440
125.592328
136.496855
135.765338
132.169008
132.649721
125.001005
136.921421
127.604776
127.642032
143.106677
131.911212
133.533768
145.862436
142.655894
141.699707
140.414951
133.446072
127.435666
137.785320
131.851047
134.513338
146.831178
142.595283
132.702994
142.014720
126.532466
127.094893
123.077245
127.633043
134.738123
134.666835
117.184956
116.387504
120.533822
117.788144
129.427542
120.760513
126.260546
122.212552
126.232690
126.181838
126.917714
120.782975
142.127762
126.106930
127.599041
120.453086
119.845606
126.788294
126.821803
132.661018
126.104379
133.830304
134.457210
141.336782
141.824257
141.205709
123.808516
137.109619
120.127461
128.436394
128.467420
129.463172
122.055988
121.303324
137.236864
146.062556
134.385090
130.954343
137.726381
127.601161
127.638291
115.555177
114.086261
126.051693
116.668836
132.160883
127.697707
140.374295
136.650042
115.397960
121.153049
111.416440
137.928240
124.337710
123.786817
137.162275
130.250180
133.747217
127.830567
127.261631
133.850160
135.366560
128.362613
129.460501
130.423736
127.883065
117.416723
118.444782
122.299975
121.638545
118.001259
136.569314
130.625386
130.818624
120.873650
116.580699
135.537133
130.619304
117.244798
123.724632
128.004859
125.224009
120.683017
122.795524
108.901711
116.274655
115.556733
131.422066
119.840182
119.777544
119.843191
121.204876
127.880289
126.874904
124.864355
121.242852
132.629108
127.375094
124.286161
130.617867
125.753518
122.075732
132.625716
121.361606
125.605205
131.589635
125.685539
125.026242
124.979674
127.396737
133.762041
129.447011
126.550972
126.472563
128.739739
115.537694
111.263229
115.467898
115.431915
122.452584
112.753263
115.491269
142.663437
158.092645
136.575243
124.138811
121.326379
122.388526
120.552779
122.249696
129.367879
128.704942
125.509640
125.484512
130.854137
126.416053
132.100749
148.448168
130.884780
131.946766
126.516662
132.005418
130.117394
148.378007
126.141347
121.368264
123.196168
136.353447
129.274644
129.902862
135.184079
137.211373
137.381537
131.530290
136.924989
130.752454
148.785370
151.430302
148.723703
146.962689
130.000241
151.359524
138.105692
142.424146
147.466428
150.615195
152.341716
137.045063
136.089874
128.302060
142.579937
129.406877
124.425205
146.436103
132.520073
148.144953
122.169428
122.952726
124.192661
123.505249
123.500068
122.155094
122.883864
128.995851
124.954192
146.263677
156.762341
126.100393
125.365345
135.897944
133.177170
142.588128
133.307930
146.619296
118.294305
132.043535
125.318668
116.612800
131.399005
120.920334
139.937622
125.165343
121.402628
137.397178
112.898289
120.380579
147.878609
137.982669
133.268694
133.133635
139.467842
139.682557
149.070707
134.630723
140.724274
133.550696
133.050613
136.730928
123.371175
118.124048
132.806201
121.870761
112.060216
112.160669
126.385357
134.196402
134.121103
127.757194
116.084877
131.065515
121.161078
120.453095
127.516702
154.692304
158.546475
160.661706
162.162713
163.764599
160.832161
161.359534
161.434353
155.804128
155.581778
155.935872
129.801846
143.376066
122.995427
137.042304
150.963694
139.289839
138.703062
128.283557
138.962287
129.785936
139.542324
137.291344
141.573107
139.950765
118.880796
117.088819
150.605687
142.000184
148.903106
138.405246
133.509906
134.698729
130.240797
130.344674
133.513752
145.892221
146.917470
165.959352
121.311120
131.306798
115.542021
133.026659
125.031936
134.221145
123.207888
129.487963
117.523503
116.902048
120.403807
125.650123
170.717881
169.548671
167.604057
169.938828
166.376627
168.123294
164.785202
171.868803
173.853627
172.442328
174.335759
171.346778
122.080602
127.124714
126.095122
123.673226
124.381357
122.689963
147.761838
147.671010
150.700448
137.988136
134.779692
126.204455
112.967250
120.618404
135.736125
136.353043
129.273116
130.346504
125.239482
125.464826
109.638194
110.272941
121.971990
125.354734
117.113327
123.314972
126.058411
117.110419
125.360463
112.896474
112.154669
112.178507
143.361703
127.688329
126.089195
117.127141
122.077626
126.646248
119.364450
117.709054
132.430025
129.632654
135.775370
132.097376
127.603165
126.978596
128.183113
128.571348
131.501140
127.863980
134.046897
117.467361
120.214632
131.426617
120.599632
115.455502
118.792011
127.001737
126.287318
133.672146
125.898603
125.900547
137.167901
136.309645
119.907850
119.912765
119.814801
116.134708
116.788396
134.276879
119.928028
125.174217
117.797101
136.495053
125.919283
126.600467
125.194544
137.344669
127.676587
123.292183
128.378663
140.442271
139.696332
139.814517
125.210906
125.175535
111.872617
111.209157
138.548287
140.600153
141.320481
123.841050
124.868167
119.165212
119.194728
127.672569
119.182921
122.855813
124.823915
114.888705
114.897090
129.107816
119.204577
125.269528
116.220356
116.277231
124.593133
119.294333
125.602798
120.580079
125.220046
111.152254
120.138615
125.312496
120.884936
121.837618
114.889501
124.511062
118.546691
126.249828
119.916847
123.945664
125.019310
105.574324
119.847612
119.099186
120.533975
129.447823
121.659956
129.474433
116.822837
116.898742
124.880579
124.218429
125.687498
133.816736
138.132592
120.679143
125.667719
120.598710
125.672007
133.693808
125.913520
126.839815
126.661674
129.219085
126.012609
125.883527
140.683007
133.989422
138.596753
134.209409
131.825054
136.047768
131.570092
127.334892
130.012364
126.829163
123.139832
123.079861
130.225589
130.106316
119.176466
115.732199
128.364753
122.005780
121.308989
126.795856
132.930481
125.609125
121.892327
117.579560
120.688279
137.913086
146.485997
133.286639
132.399430
121.213197
122.001889
138.732111
123.080893
133.600587
127.253938
131.740942
120.331572
131.164874
137.558543
144.521405
135.484610
144.064293
147.024976
134.441495
136.606640
132.887143
130.416710
131.194398
134.114231
143.453138
133.526849
132.212928
130.026051
125.042749
131.176482
129.222042
121.161676
122.702572
129.038064
126.537596
120.362015
120.422791
121.751558
126.761689
119.881381
128.525446
129.873519
121.893032
126.351959
121.367764
120.443186
129.086612
129.150686
130.133820
115.144842
134.390680
135.748791
131.851414
126.626248
126.022869
188.433575
122.181430
121.509516
138.547727
126.208501
126.437990
125.861754
120.670966
125.490940
125.525330
119.944114
127.754258
127.855142
121.288871
125.473340
120.456014
125.470572
116.406987
114.936151
115.798475
117.192409
112.127406
131.452436
123.707370
123.649112
133.674494
125.190919
126.166541
124.468493
126.173892
142.393915
122.129453
121.919088
133.586521
129.997656
111.137866
125.303019
126.083988
136.310202
119.784630
119.843173
135.352760
121.129557
131.935791
121.327236
117.508206
126.244225
139.029668
122.482552
121.808974
132.835433
119.320541
135.411958
116.415485
119.207125
123.985099
109.707964
110.538435
108.896280
120.470260
115.436112
139.437326
116.832917
120.263377
130.367649
115.504834
126.030347
130.420503
121.242868
126.255036
137.941527
140.641781
134.410237
128.227508
122.672025
131.284962
133.450405
128.344991
126.968243
131.914815
133.553194
131.775025
126.589790
126.473454
128.849195
127.605949
126.933172
127.570332
126.293656
129.690114
124.871887
125.597856
127.253671
129.211083
134.395356
127.209119
128.145351
134.374596
129.948832
130.007648
111.104294
118.674034
123.858342
129.796520
140.309928
123.593318
120.010195
121.445210
136.929875
121.212125
122.014112
132.055805
114.792997
114.126851
114.144522
114.804916
138.555936
118.628544
117.900967
123.598281
135.282462
164.721612
158.105926
157.933224
165.414215
159.824643
159.776950
110.632404
120.528720
116.898479
138.178482
117.603986
134.389043
129.403290
127.193865
141.329177
155.758724
136.894065
118.572497
134.567554
142.284269
138.017107
124.631173
135.209427
117.467885
118.233130
137.660341
136.316512
141.622413
141.408259
120.160046
120.921576
122.836197
125.575422
122.960370
121.495059
124.526316
117.018916
116.263827
134.044893
127.575980
132.763504
133.589050
125.592883
127.787935
142.414302
126.646670
121.634947
126.508035
120.563293
124.959161
123.545023
126.417952
122.182871
125.688852
131.491425
123.890009
135.769648
115.526026
127.296027
121.264080
125.801138
136.558921
115.807330
118.247466
117.761222
121.401375
120.572196
130.775777
114.685200
131.298758
137.022682
126.466702
126.487852
127.699990
126.408438
125.736774
125.654403
126.259063
140.287740
134.787126
121.535602
129.825541
134.769606
119.821379
129.050376
115.510186
135.049235
134.106067
120.400085
112.834473
121.472458
120.601722
121.407310
120.435050
142.756436
138.655087
135.467659
136.936224
140.491711
123.730449
127.248720
123.797528
123.090453
128.080695
129.917913
125.505828
117.316804
122.973422
121.521027
129.998406
121.473513
121.533366
132.802031
130.511913
141.486889
138.770727
131.804072
122.771344
120.473843
123.916534
111.254224
110.495481
116.997215
128.851135
114.184909
116.049700
116.779806
125.048431
121.963601
124.331409
125.003325
141.568066
138.801041
126.599119
124.883859
130.634600
129.959861
124.734365
122.854065
129.304311
131.309524
120.584758
124.030465
115.491945
124.178956
126.946921
118.462252
116.471377
138.761073
131.991624
111.096448
139.440003
130.510506
126.820799
132.199779
124.216215
132.513764
135.543732
137.738081
133.275025
117.080966
117.069826
137.995244
118.476892
135.412833
122.267410
122.937663
132.821537
147.443464
107.083813
116.216248
110.694693
114.799646
118.554410
123.801498
120.515218
120.548319
122.834362
127.144678
126.402954
131.821410
130.741888
125.391914
117.114177
121.460221
122.054499
118.705664
117.991945
133.552415
131.729155
129.994623
112.679524
112.006708
117.827242
133.509652
127.766728
124.633879
126.605283
132.822072
120.435971
123.696104
121.170895
132.015854
111.451365
121.910462
126.466374
132.756212
133.200035
124.239929
126.076068
132.232023
126.158616
132.854440
128.211426
129.325725
126.300739
126.436990
128.632481
131.905145
124.760974
121.215273
129.005043
130.388170
148.242367
129.689998
123.802118
129.197158
131.081186
123.485647
162.913725
144.950963
144.799191
150.065552
135.790298
138.771969
143.118049
130.908101
146.933249
138.561900
123.530446
126.905682
127.992570
144.929470
134.396367
141.959927
138.092605
143.776518
149.979278
109.797024
120.257569
114.585537
121.072814
114.784905
124.819868
117.809942
117.620337
114.885813
127.338276
139.826161
127.390579
119.854512
136.678042
117.437691
117.971756
120.791639
115.347786
127.965505
140.405045
127.324108
121.110438
121.850350
137.545949
117.928927
118.390108
139.543747
139.182090
135.121004
132.036215
133.378122
130.812124
139.437156
141.151551
130.812889
121.791131
128.494312
123.491716
127.403141
141.739701
139.569510
156.763099
145.257646
138.262381
133.887797
129.928894
129.499896
116.357743
111.347971
134.361876
128.527537
127.074171
127.838906
138.696796
129.813940
129.139663
129.151964
132.351830
117.698874
126.642221
129.599809
130.116782
116.380422
115.682472
130.523237
132.652974
121.127308
125.840924
124.987879
122.567422
114.871915
115.530443
125.892111
116.351992
131.252668
129.306943
130.040457
135.438678
147.462476
120.624554
115.668750
115.668862
117.012186
117.058467
131.342601
148.277284
127.447130
133.914767
131.979726
127.788849
133.899828
116.182098
118.552936
121.780260
124.035709
125.797628
115.432818
129.713477
119.164128
116.174922
124.487370
130.381804
119.170623
115.509324
125.231682
122.265867
121.571188
121.167694
120.381743
126.581840
128.250629
128.163711
133.337756
128.124716
129.008369
127.535153
127.554012
127.334821
125.260719
121.975492
121.952713
132.042642
121.178531
120.764527
118.038587
115.511609
125.096019
116.184343
114.200061
116.369059
126.123577
131.039560
124.759935
112.925700
126.249655
125.604143
121.443030
131.332511
115.510889
116.209832
117.128249
176.362075
135.516016
136.314876
142.197473
129.676448
129.033415
149.961303
147.098184
132.748399
123.618901
124.787446
125.620191
117.602501
130.640888
130.602996
130.528968
125.734996
128.212500
122.984941
123.665745
126.754630
128.221869
132.041266
130.296237
128.124431
128.069472
135.122366
110.678080
125.516419
129.320304
131.069908
111.461407
126.199258
144.312004
122.723223
129.646398
106.492266
107.944992
103.671454
121.813611
122.556274
139.488672
136.903514
137.675863
130.685042
132.727489
129.494954
130.457326
118.443183
107.213243
132.213399
134.013957
132.890149
135.785455
137.019986
133.705052
136.952551
136.851527
137.492307
136.497435
137.600373
141.012023
108.772314
109.484047
127.665381
128.417335
110.196045
130.687001
128.957825
130.759993
131.374117
131.449220
130.661552
129.000120
130.726768
115.377167
113.937609
120.320492
116.067452
121.246395
136.611454
135.756484
135.971314
138.733302
142.729880
133.919947
138.317209
123.124036
131.745588
132.507547
133.813379
132.626767
125.676245
137.435814
124.522344
123.601873
121.142760
122.153877
123.124519
121.909338
121.794015
115.551981
119.830881
138.132660
118.493273
137.672749
130.304944
127.541773
126.523136
126.504502
129.240183
126.551622
120.892286
129.891558
121.189939
119.110038
114.112063
120.047401
139.247271
126.145961
127.658904
114.182556
110.527814
109.788157
115.806044
128.760591
121.824289
116.846067
121.483987
124.359393
120.536290
121.244674
119.831602
118.504414
142.743859
142.005115
121.209630
128.408752
127.716894
128.434609
138.663589
128.397682
128.148264
121.391149
127.348274
136.345167
128.284409
129.830358
136.019300
132.330881
129.731256
133.943488
121.798982
138.573205
134.937523
131.172949
130.580627
133.821660
131.380514
116.232496
116.950375
116.236005
116.909425
112.845004
140.036932
134.835911
133.463295
127.058441
131.308785
128.372679
119.362946
127.661474
139.998229
131.161009
123.947876
118.930821
107.195243
107.072313
122.502476
142.647114
123.957995
122.888283
123.588734
130.107405
125.705876
141.516919
121.334380
122.741493
121.340597
124.221882
125.661716
139.959445
126.237339
120.686967
135.840831
130.546614
125.045155
140.764679
127.603604
120.748687
135.895553
131.273853
134.185966
137.734097
137.712861
132.682835
122.726142
141.559270
130.951091
129.752360
126.972433
144.324870
127.267950
124.970447
124.330871
121.343351
121.316693
134.585743
139.055478
130.287953
129.009284
125.646755
141.180566
133.910918
127.119558
135.331838
130.863505
125.779314
121.263485
128.256253
124.155850
132.516485
124.574748
129.277879
125.661132
129.806031
120.561500
120.581546
127.470297
131.562372
131.349328
119.912949
133.246403
135.264093
126.962676
126.955978
127.606074
119.914320
120.450988
136.430106
120.449751
120.674277
130.406164
134.809483
120.674284
132.002761
130.943242
136.167168
120.744671
129.752316
134.128140
126.133576
120.647359
121.417077
143.686848
136.175699
131.140172
144.676946
127.695173
152.774934
119.476823
135.381611
134.749003
130.084237
134.435775
147.786289
135.988483
131.129098
135.467127
135.745070
131.416662
125.738561
121.151886
125.676675
121.638761
126.813606
133.787892
140.077669
136.208776
132.376445
137.536618
132.905803
129.156294
128.112516
137.274592
127.380135
122.458173
141.689558
131.742973
130.712320
130.810994
129.258677
129.257279
146.227703
136.501136
131.622169
143.115770
137.096380
132.676304
132.537346
132.514105
130.761737
135.748508
146.304883
147.233803
154.079914
154.994147
152.984820
155.980078
136.530352
142.425355
137.713174
126.721126
133.447452
132.397144
141.436355
131.461048
139.824936
144.326139
129.189259
129.216260
138.259953
143.220825
135.336556
136.917987
147.582700
137.672254
136.046584
131.780698
137.575810
138.328470
133.407672
132.367074
139.462393
133.338112
147.581825
144.539529
129.270630
151.988577
137.455999
134.043269
133.184395
142.491869
140.104495
129.073312
147.951075
130.480612
132.141720
152.971659
125.491371
121.560509
131.690227
126.245826
130.082485
145.167997
129.866491
142.748280
145.993943
145.779106
140.894190
144.091878
132.614922
137.029563
146.586027
127.995280
146.491055
127.984135
131.546093
137.576174
138.493974
127.287665
126.486402
127.181693
156.345430
139.750012
139.787046
123.712861
139.993450
124.752444
126.320296
146.617110
142.351166
132.301248
127.523329
128.187447
143.622704
144.110130
127.189367
134.572012
134.503108
144.155994
145.039672
139.155610
134.885416
133.628838
137.914203
142.418333
127.551293
137.947879
144.799277
135.557887
138.116739
141.688706
140.554006
145.715702
131.555980
131.746937
131.737246
124.622947
129.079925
128.166831
148.002724
131.131713
143.499326
129.217508
124.727916
132.595601
132.532626
133.839919
138.292487
142.225474
143.642978
134.361980
133.940076
141.976164
129.440337
132.242955
128.054363
137.568280
126.586812
146.735731
151.708535
152.162548
142.895542
146.067757
140.591875
143.513466
140.710827
140.927719
143.160736
145.303689
140.902433
140.027357
144.406339
157.738789
157.658268
162.636667
163.407025
142.366145
130.010492
131.432354
141.326610
129.179915
139.956621
140.581774
136.654388
140.501904
137.703841
135.036304
137.776404
130.797121
139.050273
137.825970
137.865334
145.049206
151.311653
150.564802
144.091768
151.312074
154.326711
149.588507
153.558113
160.805227
131.982026
133.972277
132.981785
124.161032
137.609226
143.828292
139.711633
143.816860
130.379900
120.854423
111.447013
126.914708
131.122835
124.927981
135.499803
135.294955
152.018705
118.157513
141.164905
133.644538
133.653442
118.151427
126.772017
128.754919
141.071851
135.294625
135.456557
127.637991
131.946066
137.369238
137.335757
119.747465
121.191439
115.372416
115.436675
122.575240
137.829295
127.395803
124.963396
131.314710
131.380056
126.195014
122.806140
127.882331
112.969305
151.086436
138.860756
138.369269
116.130104
125.473626
116.449975
120.939490
119.185200
124.222662
125.566214
121.987028
116.902575
117.594465
115.792421
134.480943
120.683909
138.119410
111.377319
127.689093
115.511126
120.935390
129.093092
113.955932
109.083224
105.397430
106.156109
125.937694
123.448565
131.284234
128.914712
125.131941
140.417168
124.171404
119.906108
131.367733
124.871787
126.922886
125.842433
127.129665
121.388471
139.324940
125.650337
121.195552
134.451111
121.870576
121.524577
125.602088
121.135440
126.252756
135.840648
132.399389
132.464689
119.867100
124.870450
115.468709
116.266380
132.022834
123.336840
127.685320
147.293057
132.996153
129.229298
122.292429
125.058887
121.145109
116.825856
129.723742
121.776462
131.314799
128.967473
119.621812
115.383885
123.946977
123.798163
130.553391
144.561739
136.577501
130.463130
131.938672
114.155111
109.311878
116.943090
114.532587
132.436622
128.225781
120.536424
125.745042
119.221351
119.887717
115.686947
123.886829
120.557131
121.291008
128.369507
129.011121
124.514812
129.674410
129.709685
134.537786
138.856925
130.257695
127.781288
132.385131
127.040022
126.995923
107.047773
120.394928
114.745124
114.878792
130.445534
113.390660
115.499816
123.975139
129.614421
114.806746
124.511784
125.122654
120.202218
119.162809
123.088675
124.287061
119.966165
123.768369
119.492710
123.966144
120.379002
106.975149
111.312581
111.345872
125.459254
123.892781
115.458035
130.542328
119.718824
110.541565
114.846049
120.317441
114.890736
129.064759
119.780126
134.772410
121.451783
116.215118
121.809506
128.296708
124.528742
130.004429
123.901133
120.567490
115.532814
136.575421
133.037645
130.084601
130.112224
130.272393
121.174094
130.534800
117.791672
122.300967
122.747092
135.276612
130.622022
130.632089
129.859510
116.498089
134.690235
130.699677
125.850465
124.748894
126.810192
119.121245
124.111483
131.262437
120.442345
121.406199
136.625544
127.697017
127.701242
137.076541
130.808317
135.735720
125.039720
124.287393
120.761639
125.834529
124.431566
122.064640
121.281877
117.688589
127.352842
124.314381
133.633021
138.687624
132.034642
142.111534
140.846690
135.475773
130.556347
116.256524
119.847338
124.496711
132.466447
131.317353
151.947288
129.587479
128.665608
117.236070
137.393692
121.198374
129.526180
121.774874
126.771133
137.448911
137.319335
125.178085
122.430992
116.144606
120.500657
128.684074
128.637183
139.805335
131.994874
133.682870
123.061632
122.549269
125.782575
116.228855
130.221816
116.266717
125.712617
126.019687
129.028685
129.615726
119.218307
115.568519
125.211503
126.154384
121.055037
120.398320
111.250010
115.568464
115.624476
129.038951
128.936380
120.394925
128.287451
119.794013
110.519894
114.918816
126.553899
121.289338
121.065439
116.124438
136.020901
119.254797
119.835890
119.847445
134.108511
114.876242
134.346697
132.283382
129.826680
125.224758
120.114964
132.300875
127.948774
134.013376
141.399607
125.414358
130.501298
135.760235
130.565286
121.859696
125.552167
139.801681
133.689362
130.056187
127.215918
120.722458
124.720638
119.119033
128.861179
126.258426
144.253157
144.822675
133.392687
128.948206
128.914197
116.263566
121.625009
119.884032
124.189524
124.200039
126.119225
123.686220
120.692041
128.812057
131.597633
154.438411
143.503238
143.538423
123.920899
123.883253
114.725439
116.517705
141.352366
123.441489
128.756544
148.351189
126.485870
133.091020
129.328048
125.926488
130.339922
135.397515
119.173570
128.880266
128.115896
119.693480
114.755505
123.947588
123.853300
118.417456
117.706824
128.314965
113.474293
118.425035
128.978264
114.142874
133.032035
123.487431
129.119071
129.058756
129.987806
132.632242
123.817150
123.750092
123.109594
132.388535
125.051862
126.819937
122.693725
128.859118
138.532007
139.180824
121.574895
134.748445
131.629091
138.236350
129.223509
144.838013
133.163824
120.849358
128.899347
131.420635
124.103155
126.793001
125.410595
128.023415
128.750965
128.719033
130.234775
135.682296
127.829738
131.428647
128.795021
128.786897
131.970904
132.767781
117.239745
112.953799
117.797218
117.209523
122.943827
122.283432
117.903568
122.074032
125.659556
122.158683
118.564959
133.085765
133.817530
137.204824
139.331112
129.322271
143.157526
135.063655
122.183478
126.566555
127.464761
122.183063
130.176047
132.941986
134.647196
145.884183
137.637394
131.009616
166.173577
110.505286
109.801329
109.510892
110.841353
132.328150
130.659561
126.448211
136.182699
132.367394
121.624184
134.779906
128.858017
116.574867
109.747138
111.065329
128.465058
115.503911
116.122610
150.533992
152.344984
150.426689
137.168489
138.633051
137.995172
135.895756
122.359626
125.227672
119.850910
139.495396
127.260019
136.913690
127.749337
138.551571
138.454874
140.726148
138.205535
139.711624
127.139336
131.287574
136.483708
129.612029
137.448852
126.132871
121.671213
116.523329
126.989293
122.358346
131.312533
127.469585
127.443856
124.396801
121.037072
126.351311
111.600406
131.255995
136.595334
136.402830
120.226252
131.267203
128.115141
126.690778
130.666563
125.443002
136.041671
137.049791
133.426947
127.017167
126.287840
126.936354
129.969666
147.990273
138.062210
132.701526
126.325999
121.622226
142.848262
142.132332
129.642980
129.953187
141.220418
120.595616
121.297799
127.747999
121.236235
127.722558
121.328380
121.383768
115.732454
145.158906
132.337237
136.193220
135.718357
137.326444
119.590263
119.099433
119.872194
128.743876
119.804620
119.533118
131.223948
138.563288
126.381771
122.617242
120.583945
125.441543
121.097885
120.485317
144.728137
135.090934
125.565984
125.016004
120.005352
129.678616
119.148505
130.097566
124.729568
120.736874
134.698775
126.238353
126.189158
116.159607
137.406103
115.638159
132.183223
130.453953
121.587160
117.214801
117.195392
131.410774
131.505938
126.297686
123.533064
130.465840
116.238089
121.083461
116.251887
128.938198
128.883648
120.746944
119.901766
129.876398
118.391744
121.503800
120.654786
119.355665
130.445906
131.421167
131.546121
126.317176
124.736548
120.585051
116.341674
120.372854
130.647487
119.888209
131.495792
129.466652
131.553875
127.875019
127.884769
131.604074
138.591008
134.622532
122.139039
127.248658
126.129760
126.101963
125.504837
146.099817
126.821797
146.972773
130.051810
137.720874
130.022059
116.691659
115.602724
119.826057
123.557517
131.408315
144.688905
127.235378
121.370963
138.879203
122.668943
121.977158
126.288236
137.304696
116.981226
116.974909
131.954799
124.706815
121.225505
120.162054
132.086422
124.257163
115.545861
120.525431
125.604767
133.241698
123.935604
120.205995
124.517678
125.158403
115.504559
120.419108
122.704128
128.200097
123.810270
128.993866
116.216513
121.352991
135.747402
124.364952
115.543258
119.863450
119.136518
118.038164
121.877928
121.895681
125.057341
126.673741
121.622027
139.750688
126.642906
135.951543
118.442794
131.381164
118.378225
130.348609
130.520213
122.523525
115.565143
120.080467
119.191507
119.086333
120.662125
120.591084
120.735137
115.724916
133.849892
120.729939
120.661173
125.320392
111.387509
110.541640
110.623679
133.617171
131.033491
130.219874
145.023772
150.195440
133.857879
135.077431
134.400967
146.323030
138.549408
147.056336
146.127875
130.644526
135.356930
129.949107
124.426572
125.769252
125.820366
131.435741
132.134292
136.859829
132.349052
127.297056
130.073791
135.321741
125.850107
125.827030
119.914011
120.678409
130.148073
126.847500
126.579113
131.796768
127.407164
144.018337
138.781307
146.485665
146.643149
132.170115
133.117390
125.691083
119.804427
122.253113
131.283963
123.505389
139.593621
128.892494
140.480457
131.594624
141.779202
131.553077
136.957552
119.143268
124.345436
111.123799
115.274953
115.335295
125.353931
119.903074
114.859837
119.192628
130.105334
129.036788
132.039369
125.976148
128.453184
127.751538
121.923770
115.429551
115.419991
115.378048
131.503250
141.128017
126.404084
124.559621
119.151145
129.004512
114.162319
134.751110
133.738505
130.977929
129.725396
129.966197
128.418932
125.296128
119.223204
129.705904
114.899423
125.055216
126.385924
127.730339
132.526081
127.014887
126.305735
120.578311
121.314669
119.920517
123.939474
123.870505
126.023771
110.612199
124.524054
119.850789
135.742081
115.571137
120.614395
119.940008
119.882985
119.849992
116.975129
115.459596
119.164765
119.929022
132.277751
126.188475
114.716536
114.955483
131.448079
116.250871
132.858756
148.954978
147.911378
147.955752
147.963770
145.138888
127.699702
139.478156
121.984330
121.070568
130.028577
119.822597
121.015354
124.514708
124.540608
120.012025
111.419040
127.031362
127.029384
126.227331
126.829704
136.960854
133.429881
135.186248
128.398920
127.001958
127.611449
135.579980
138.118535
138.924504
127.947396
137.800890
138.985494
133.890101
115.558608
132.270182
137.589566
144.078098
137.554360
145.980445
147.580680
127.286291
117.024520
131.557346
117.047854
117.092093
137.858338
124.999809
140.596173
136.190479
136.246583
127.543552
141.935414
128.133326
126.232749
129.555680
120.011277
134.040378
125.009854
124.685976
119.168428
120.702933
124.756955
126.138459
121.831899
127.003468
130.792829
126.156488
126.390315
127.026148
127.681798
131.210162
148.655874
145.529225
130.621296
123.890712
116.638278
111.348336
129.808468
115.686241
129.839685
125.154990
122.551091
117.215102
134.939852
121.599498
125.722885
126.645927
126.364650
125.982366
129.878251
129.800031
120.808463
130.646743
128.676344
130.384200
126.257300
116.473588
139.944643
127.200239
134.819395
120.232379
126.191034
122.917351
129.621504
132.719574
136.940772
128.302983
129.863776
118.402318
123.451340
107.880087
130.097140
133.371782
143.712502
143.744865
143.744468
133.417713
123.453453
123.400197
136.225321
145.817222
143.787951
133.067663
134.663341
136.966528
132.225353
128.653099
126.928059
127.671537
140.131843
127.683386
126.978426
134.278108
128.428039
132.548988
132.519642
131.639086
126.978294
111.331307
132.450018
127.697507
128.379456
140.435254
139.410850
147.420469
135.563192
139.559102
136.803248
140.019953
141.968509
142.565476
133.238828
132.486024
133.518190
134.333040
133.458842
173.694614
114.073543
133.029107
129.714280
110.393171
124.594341
109.768911
109.652690
124.573146
120.661680
122.014451
143.763573
142.705938
125.792523
137.548863
136.526432
139.479949
136.944425
133.538258
134.703535
137.143641
119.805781
121.289456
132.261268
121.924661
119.780021
121.887996
129.001146
119.078416
120.528229
120.748156
142.727011
136.457866
148.898409
144.550568
132.008627
132.042652
129.706103
126.010747
131.466723
143.817715
132.063528
130.987070
131.401725
131.037469
137.836173
142.135765
137.215544
133.164975
133.188526
131.311184
133.941578
138.353890
148.561425
113.351689
127.112354
119.217830
131.446714
127.035473
132.536650
131.249840
121.392850
121.588000
121.437836
122.673533
122.479508
125.223380
121.917884
130.783078
114.705501
116.330934
115.645880
121.129615
119.802178
120.978329
115.558793
122.497330
121.059811
131.089240
129.373852
112.029453
125.179323
135.681240
124.891006
125.764191
125.713729
124.918547
137.375581
136.483901
125.620499
125.669971
124.336386
132.927318
124.998173
124.323210
123.597972
124.364290
120.657135
120.650007
119.276841
118.538141
119.245919
128.829540
128.164485
121.277432
122.081342
119.824120
128.894416
128.959987
129.616823
128.319053
119.861492
126.492288
124.752916
136.480214
125.673755
126.437954
130.127387
143.934691
129.191621
125.312603
125.317765
119.424435
125.496698
125.455221
126.817754
124.345302
133.903402
124.913519
123.581997
129.372815
124.158257
129.333076
119.232849
120.089726
115.683485
119.930614
121.099723
127.079146
119.320645
115.703670
141.112758
122.049530
138.743961
120.693368
141.164301
128.939914
125.559234
128.925368
120.660005
124.805196
118.594283
114.979588
119.876565
111.361930
115.639285
114.200028
123.495634
125.295920
129.035579
127.159025
122.542166
115.554382
138.771031
121.229183
131.439160
130.738185
127.384770
132.285957
133.287378
121.386175
122.009606
127.710859
128.017926
132.317116
142.114095
121.224008
121.140682
139.751587
129.578440
132.566442
121.758612
113.969519
123.961312
125.063472
121.606423
115.568734
128.178785
132.027419
121.902578
127.118699
127.612395
132.147839
127.094522
117.067130
110.233691
109.521958
111.006164
127.674643
124.981376
124.950385
124.331592
125.860652
135.147213
135.135324
131.423962
135.741407
135.072094
119.120485
120.565695
134.029224
121.725933
124.521285
122.615010
125.782531
137.081120
133.747890
132.220461
116.278606
125.701103
125.682258
127.638680
127.669228
127.705150
125.687852
124.949699
127.671598
127.643756
128.176965
140.049846
139.412857
122.069734
128.037293
141.064023
127.504520
128.241263
119.884671
119.813316
137.644397
118.398140
126.497612
127.056271
140.512433
131.470670
135.526393
130.445020
122.666654
134.756266
132.738601
136.023609
122.195478
123.513549
125.253975
131.400099
149.272156
126.387692
126.326306
126.432151
131.270975
126.313896
124.260196
130.428517
122.366362
126.973640
125.635853
127.336785
127.401289
127.329485
121.711983
116.254787
127.273436
116.440494
128.164352
128.197138
126.372411
119.459057
117.836437
120.279479
110.548225
117.547639
124.379843
115.968785
115.869469
120.339954
116.170913
112.100066
120.521500
119.895591
114.858080
119.806366
111.212461
112.023805
128.205796
116.277336
131.353221
114.870856
115.459798
132.075834
119.480830
116.975813
133.644927
131.695048
128.991755
129.726615
127.318912
122.206857
137.132116
127.336071
139.314552
129.837655
137.587365
128.950341
129.677197
120.534635
121.166141
138.923378
128.033501
127.715832
128.286255
109.581327
132.008817
122.715529
122.070768
132.577440
115.728733
131.809788
123.840691
139.812404
132.671001
121.833152
122.572120
123.734373
116.695763
118.625476
127.359913
120.638686
139.387274
141.615387
119.937542
121.104943
116.322372
130.898808
120.381449
116.208205
111.978771
126.423148
116.226283
127.088695
139.421303
122.215205
126.218172
143.738985
125.427257
121.147985
140.557478
142.683346
121.782125
119.035418
141.068182
130.557026
137.043808
158.427721
121.557105
117.151978
136.417014
129.412789
126.180550
128.075791
134.305145
135.295235
132.409808
120.752902
129.011732
135.639125
129.908422
115.686471
125.767892
121.307674
135.591684
130.552361
121.529246
126.397278
140.944494
135.146536
121.598253
126.574538
126.727568
122.251574
137.779418
132.595916
138.553681
131.317791
130.647205
145.327657
132.043089
116.348654
125.220430
116.389290
121.325016
136.020063
120.687700
131.104774
136.375988
130.574940
128.981086
121.232647
119.775584
121.350979
142.606679
141.584828
124.282458
122.087215
130.429147
116.344705
124.246967
112.089233
116.487975
122.334326
126.555242
126.999390
125.569291
120.991131
129.650515
121.225336
119.742572
129.001095
121.865580
116.378966
128.659414
132.938287
141.467774
120.473062
124.601848
125.554611
126.976737
136.312091
135.359321
127.134675
110.566575
137.239398
128.576869
116.099199
135.204542
133.226581
131.332518
116.233946
117.518097
136.107999
131.923231
127.668104
147.711331
142.120035
135.936996
133.417558
128.915270
129.182867
149.417122
133.434110
133.506547
129.657201
134.061222
129.589963
130.953907
131.120665
132.782855
141.781919
134.335351
126.809567
138.054075
141.741473
130.920950
142.826560
138.069634
127.279991
138.185352
140.893005
135.508014
157.109807
139.159141
123.166875
142.870854
123.628930
130.664820
142.351774
143.358930
127.476974
138.683404
134.332453
132.963457
131.782717
151.777579
146.825734
127.181089
130.831164
126.352381
125.762744
146.674212
140.229082
130.676848
147.663498
126.422868
126.457650
141.507581
136.941267
154.829415
144.609779
136.503626
132.152707
138.455306
134.220301
130.915804
127.101825
126.584179
147.687354
126.390515
126.740560
126.780307
130.660046
130.664483
126.255171
135.181884
130.368908
130.938056
135.874003
125.552796
121.873785
132.462882
140.793733
135.415876
141.370739
142.326783
130.701484
131.498830
123.420084
123.567684
126.178990
121.785687
129.437522
123.204470
128.662448
138.479765
125.308407
140.674658
128.625895
128.636040
127.395172
137.679140
124.577803
136.206142
116.866234
127.133714
127.810435
123.558065
123.000435
123.785549
124.674231
137.202718
123.028559
123.769649
119.445581
141.352439
138.700079
122.820434
139.360149
134.618437
124.770898
143.222401
136.865309
129.761677
129.859939
133.344738
135.068762
130.799354
134.021705
139.196547
138.258560
139.223397
131.379277
116.050344
116.649981
127.144517
127.853951
168.250433
165.268708
140.131367
125.440265
136.310419
131.440955
126.491986
127.978755
144.849449
126.149475
131.265553
130.766147
126.910081
160.325315
165.731112
120.111139
120.485595
122.856629
123.550027
128.086252
122.007842
126.832023
129.604347
125.667195
124.931081
124.443861
135.524025
131.442115
136.642367
127.128629
132.971362
140.851961
137.407737
128.185165
126.582615
128.379756
128.421194
127.813102
150.137982
133.579524
143.210220
134.588140
144.041938
136.208735
121.301354
121.414679
121.913403
125.469159
126.696636
129.414763
143.080261
127.226635
136.576454
141.480115
135.482505
131.529472
128.735997
131.601142
122.693298
128.031343
127.076100
122.693663
134.559580
132.914986
141.502545
140.707389
124.462743
157.077333
137.955868
138.986829
156.525382
152.304940
155.241075
154.214155
123.894155
137.930317
137.864779
130.824123
139.358485
133.183801
131.192518
125.295004
134.249785
131.569388
126.028695
129.645518
141.837550
138.229773
146.686025
146.674304
135.662509
142.152927
129.223400
142.134737
137.624377
141.822778
133.688585
151.164547
151.040275
134.108513
128.936955
136.017561
132.543609
133.459383
126.707195
132.788381
138.008275
148.490916
133.390600
128.822327
126.588929
126.529536
138.371862
128.846843
137.389017
132.225812
135.796178
133.391090
143.693484
140.444342
143.085633
143.135216
140.413784
140.959337
153.412361
144.560550
142.363300
139.791255
141.394690
141.495388
140.060356
139.176216
139.972542
135.291228
144.471198
129.191969
145.511867
120.104511
116.190736
114.806831
130.497002
115.523352
131.739575
122.049943
121.250140
117.694115
117.725172
120.494618
114.829549
121.045688
125.325182
128.257760
126.220210
125.514372
166.800802
122.545162
121.816400
116.404100
137.285815
121.355939
119.924694
120.459213
121.898401
121.841831
116.391924
121.296399
98.788324
121.085229
121.099380
137.242342
129.354021
112.256917
174.873710
147.809855
138.432137
119.534451
134.392159
139.617607
115.872512
116.156772
111.180335
116.407081
124.667950
130.338540
115.540343
131.867649
129.710515
133.925013
133.234506
143.645547
157.114680
153.479806
145.680854
130.805855
124.682867
145.626996
155.956189
127.847642
129.311983
127.588305
128.200440
134.758863
127.998694
127.598354
128.137710
127.801228
133.957392
126.638369
112.835923
127.109694
133.013750
127.828458
120.594987
133.064071
128.912325
139.456448
126.111263
125.405134
127.912366
127.931996
127.853989
127.864909
145.176033
133.453343
131.463139
128.016966
122.358182
130.779910
129.100033
126.153857
139.530819
122.705355
138.789677
134.896272
131.800733
116.968427
125.323704
207.460437
