111.891105
107.040803
106.196661
115.350698
111.255328
108.357345
123.117775
124.151072
105.133942
109.370621
97.884454
112.837755
120.570603
119.544862
121.270014
115.738686
120.365211
109.317988
118.956948
116.675666
113.037162
118.831052
104.198839
110.368755
110.991958
118.853409
114.316191
112.472044
106.124545
115.586300
106.355484
107.628585
103.279952
121.638301
106.737414
123.007529
120.674973
124.273204
108.420600
122.215839
120.015496
126.848622
124.079322
110.006177
109.276031
128.293094
125.758751
131.267427
120.861806
111.669636
110.493878
146.783258
114.111591
118.635424
125.214300
112.126635
116.719154
146.806434
119.371319
123.570745
119.340340
111.809033
106.587940
121.746075
114.813612
122.230356
124.954033
118.642819
113.486087
133.121065
136.172766
122.599533
119.870266
121.984088
122.864130
122.074557
125.368319
130.946112
126.652727
108.912902
124.341645
122.046065
117.629892
121.304688
110.396458
121.781251
118.148556
117.891032
119.209693
116.816342
123.081212
131.326639
122.521532
126.288433
115.477677
112.007090
113.184139
111.690685
114.090629
115.963903
113.243427
112.431936
108.293343
112.679624
127.245537
114.427948
122.400327
111.881139
114.348632
122.814633
106.964105
124.962116
128.245963
124.238766
129.831098
133.268967
128.907461
132.311728
125.432923
125.994564
142.201633
112.255902
117.569998
121.654887
126.572504
122.276162
132.005834
120.831993
119.987171
123.157455
120.648408
112.636011
112.832603
115.253025
120.309778
123.139270
115.670044
123.557486
119.762663
110.966510
111.822192
120.204945
123.998097
127.252996
124.826188
119.307873
112.176042
112.192778
126.269851
119.456947
116.958712
112.672764
112.741521
127.104581
124.615001
117.206685
128.851055
120.911360
119.125509
125.960446
116.849700
122.702669
126.088105
121.150037
115.804524
121.675362
117.353294
116.941334
121.797605
121.827591
122.562090
117.379756
107.056117
123.447432
108.858326
121.108609
135.328361
130.233490
135.122879
136.610633
137.595419
121.035087
106.964017
121.738304
131.032790
130.318475
117.766678
122.787903
122.787393
129.246523
107.035095
115.277774
107.045567
110.488814
120.629979
119.726733
107.001947
120.260729
107.684199
120.373657
120.296191
117.351400
124.954953
110.704909
109.419522
116.207697
118.673593
117.391035
120.494772
125.823948
110.064301
141.899705
119.296538
119.020574
134.645047
119.574520
138.862019
132.472252
153.354619
130.125549
116.610039
113.658363
115.908547
106.897825
105.362837
107.552280
127.388988
111.762407
102.775243
117.511256
118.947801
111.878874
121.190059
121.185586
121.203438
119.839944
132.002685
121.855390
121.224113
121.214479
117.678721
133.906358
135.917862
116.294829
112.794693
122.623394
128.457336
121.072186
121.826985
132.812707
117.859265
132.879905
116.574577
124.822181
129.118265
106.898081
107.651069
105.559733
125.465687
126.026468
142.236860
109.163642
123.995707
124.364941
120.156528
120.373825
118.728251
114.395995
124.209245
107.767977
111.258701
111.302117
119.337633
117.645164
121.866623
125.492875
125.785385
116.785155
116.894868
127.650617
130.348472
137.065757
119.799893
122.631649
126.916848
118.077104
116.096755
116.242787
112.084120
132.654495
118.098209
123.727778
151.174501
151.402026
118.363573
132.664604
114.111467
123.254508
117.280434
114.297648
105.948550
109.253418
109.975015
106.587911
110.397075
104.636159
152.133955
151.456744
150.704133
152.280063
149.795035
147.047894
147.079056
150.838653
149.615474
149.571012
160.665671
124.767387
124.458073
130.170610
125.808172
129.156585
118.812992
114.623623
131.458058
122.598707
152.273789
159.575825
126.491609
123.854065
118.701296
131.976163
118.518875
122.463073
117.818226
131.534206
118.184528
130.736219
129.688596
145.346709
120.051000
117.758365
118.116288
131.688844
120.970647
122.392329
124.718492
137.295281
137.872196
137.992520
121.266482
115.101437
132.829999
111.919813
112.618507
116.227069
131.762026
136.878566
139.171451
141.945560
139.199888
124.121616
121.173255
121.807868
121.153065
121.785718
115.319122
121.744344
121.613075
116.752080
131.508723
132.733710
124.866455
120.606766
121.496571
106.875997
122.253368
119.833711
119.899089
114.625167
128.335913
114.217323
127.164966
124.560933
118.668240
147.576752
108.516594
128.376520
105.889784
120.833698
115.744106
119.381786
125.326596
120.069850
119.421052
125.332537
124.887238
124.507858
106.958290
107.538874
121.116883
123.649304
107.933214
115.694894
112.431042
112.410002
123.131297
123.196282
121.516547
123.386436
122.602305
114.269611
125.072288
130.628485
134.067174
113.169021
113.106617
123.045462
106.924423
107.554497
101.884471
123.524581
117.476287
118.261072
116.957529
124.616516
123.158590
135.001359
124.915081
116.857806
116.943199
117.012141
113.494133
120.559842
116.271997
116.333270
116.867052
116.979137
117.050262
133.776487
135.886390
122.715133
106.200639
106.893582
122.684873
102.558565
101.183288
132.532512
125.885138
127.191537
117.519507
124.751211
123.823231
112.665826
128.626587
107.713966
150.692627
138.153402
138.778415
138.845976
137.772713
127.018249
107.740254
113.759162
116.426441
111.062731
116.410741
106.803070
128.488204
108.060506
108.025487
111.767239
117.207527
122.504273
121.335336
131.238495
125.166738
125.810699
121.347834
118.556222
125.028899
116.160271
119.537721
114.643410
118.141864
115.128262
117.752965
118.181086
118.250369
114.279586
121.044665
130.428094
121.079275
134.378115
134.187841
132.787911
133.666254
133.297312
135.444818
136.485986
134.585413
139.117040
131.558019
128.639961
120.357364
110.649193
107.969158
108.368892
122.015479
117.388759
112.260659
117.431532
122.892377
112.239247
131.422311
135.039392
146.424599
125.039718
137.085328
137.479444
136.439519
120.601044
125.840635
134.174952
117.949746
121.227341
122.571673
114.889428
121.307572
113.433853
117.692096
128.311396
128.447096
128.162221
129.182152
134.725241
131.403922
130.994406
131.120918
129.387054
128.768238
137.012652
140.219073
137.103866
139.180036
108.063713
108.602502
109.962841
106.997691
115.191847
102.601672
101.735828
110.829436
106.151605
118.723528
119.307555
130.193999
125.512028
102.581335
103.407416
113.097171
100.870156
113.454191
124.894072
124.732480
128.233470
110.412131
123.944578
123.745683
123.945881
140.368195
121.681837
123.194149
113.354311
112.720033
112.719695
140.050433
124.239306
122.113073
106.051465
113.090560
113.171858
118.795177
118.728730
139.026564
150.956403
139.057637
156.351055
123.160981
123.881049
123.356680
138.435093
127.727741
113.600491
112.924397
111.658214
119.633118
110.358367
105.590601
106.279024
110.552909
158.878579
116.249023
121.386200
109.546834
119.602302
124.968394
116.902841
116.985835
123.466696
118.242024
118.178797
123.648156
121.276226
118.945976
115.049528
110.376745
110.501891
112.344519
112.357993
113.162603
115.833371
107.198956
102.800070
107.045915
120.824049
115.603216
118.422618
110.598478
111.084643
112.542958
116.244331
118.905647
115.005545
116.357070
106.778801
114.291135
106.146296
101.891151
102.865015
116.679895
126.756526
113.459379
112.141236
118.127785
128.457803
117.100993
122.479437
123.269771
122.479304
125.534402
129.417659
126.617607
122.727163
118.394409
117.772438
121.949352
127.496946
134.344621
138.259422
137.888706
125.496176
119.489230
137.665110
138.060393
127.508618
123.723755
122.330988
126.247021
115.786285
121.937996
127.528637
126.473454
126.418232
122.036208
124.409668
135.143863
118.496885
135.111434
123.540358
123.546225
126.739476
123.131012
117.199027
113.979209
121.649136
125.606025
134.892220
119.010497
134.903926
126.845748
122.406152
121.565838
142.517409
140.806995
118.117029
122.672491
115.068857
116.419740
126.922569
112.159473
134.847421
134.657882
147.480061
134.267019
124.510244
117.181656
123.530235
122.154302
126.649229
125.688248
132.702480
130.547643
129.560137
127.642865
115.641043
115.214184
117.596740
117.647321
120.883390
114.950184
119.000003
126.045683
124.555058
112.034374
124.224497
111.997088
115.023166
116.314455
116.389373
128.023324
128.296226
125.525655
120.690524
131.006283
112.769435
126.791602
121.308866
125.982549
130.478165
120.923014
116.913838
116.152591
111.302938
118.394376
130.500623
121.711443
119.597260
121.324186
125.310840
130.493346
122.574166
120.955119
120.836605
112.794890
112.096090
126.029246
117.655059
117.684553
121.654082
116.401611
117.851410
111.218969
127.092236
110.505186
121.416724
121.427348
122.076293
129.227098
130.367213
131.989903
129.068285
136.887880
139.123146
140.004883
124.770186
136.178229
131.977513
126.065879
130.452297
136.929256
134.181832
130.389268
127.594582
133.682786
119.498308
136.613322
136.292188
124.803415
133.731817
138.014450
123.292020
131.958626
132.121432
122.947125
122.608547
123.343714
118.753571
116.264246
126.827711
112.013470
122.703193
121.520052
123.404280
116.978466
130.348211
130.504408
116.415427
115.674660
120.007095
121.756745
127.158014
117.870944
112.658798
111.755887
121.829484
121.875769
123.277129
131.898680
126.577362
123.203487
135.786560
119.797927
135.767906
132.429353
124.373605
125.146255
133.058383
119.843475
125.528274
142.779698
122.407939
123.140041
122.537219
126.977638
117.843958
128.371782
128.456063
129.975113
128.736325
126.086032
140.842342
131.062959
135.599748
129.571952
125.826914
128.812940
122.795671
122.505163
132.095745
137.283635
139.335736
136.627754
143.024949
139.821872
137.047637
123.699074
130.649198
126.903785
124.366500
138.135874
124.027999
140.528842
139.342905
131.888264
131.960370
132.205297
117.285205
123.155043
117.867239
122.585589
127.833619
123.556503
119.277738
122.509393
119.399550
132.500791
133.482339
118.337308
128.188656
130.037175
132.061010
127.979555
117.122167
117.953125
122.215584
126.086971
130.411404
136.182797
135.191447
121.278395
116.205874
113.752107
115.471575
113.311522
121.054487
120.249996
131.331527
120.091513
120.397298
130.667397
117.653369
122.075534
121.373752
124.971684
124.181698
141.150052
125.129907
141.181097
117.623118
121.058587
117.064296
118.683609
112.603812
120.014747
135.026827
122.317224
118.526285
122.660892
117.122090
119.713553
126.309091
120.754654
119.722998
125.398233
119.238775
123.085762
127.139672
122.990519
136.695175
123.632492
127.316959
131.414208
128.674333
122.740842
113.799215
127.762852
115.309619
127.553814
129.526751
114.356727
125.408118
127.151945
117.137978
118.255017
122.823374
126.081979
127.280668
122.892939
129.642958
130.295460
117.263237
127.581500
121.647692
129.058408
118.039654
119.423466
135.326415
136.338661
119.315975
135.357426
121.309382
116.921010
120.588164
127.124045
127.799381
130.297431
134.835874
134.145213
133.466083
128.083331
124.437274
127.695864
127.944332
123.532141
123.649782
135.434414
122.994066
123.610441
140.634795
137.874282
121.859296
125.792955
122.444195
123.293812
114.206541
118.577071
123.152530
115.316068
123.083269
132.391290
123.037890
121.325363
120.061720
135.218371
136.400317
120.252948
135.294129
126.445942
131.348236
117.247988
122.992793
113.724962
133.226981
144.727372
142.978887
133.463857
135.762838
138.840285
130.463503
139.312212
145.885763
144.301957
144.321914
137.703999
143.686077
122.529169
118.342143
117.641337
139.499385
127.633460
120.865064
119.938152
121.599356
121.643787
112.917559
123.402646
123.790639
128.385934
112.307393
123.118196
111.654100
141.450873
146.977769
153.161520
145.217140
119.802925
127.094588
123.590249
114.599737
127.832491
130.768428
117.829693
136.023000
130.046925
131.084306
123.157656
132.617617
138.523494
129.631318
142.062533
135.587243
124.002371
111.025044
108.166369
107.520219
122.836329
141.465798
153.513766
145.263082
141.504863
141.504431
140.787093
144.147452
147.944843
144.628880
124.640780
115.196079
111.102168
131.753087
116.815713
112.416744
111.390688
116.333450
116.223465
111.793654
130.440745
124.716214
124.348297
129.835583
107.785442
107.751978
117.509893
114.227389
113.531279
106.990014
117.485770
111.364493
112.782071
118.460221
102.671591
117.477375
106.362994
107.748448
110.516343
111.316224
122.824966
121.489886
122.981704
111.991467
106.891409
121.086177
120.867850
115.653603
119.940501
124.165287
115.263378
118.899103
110.421959
109.753950
116.749396
120.392983
110.490189
116.080276
129.607008
123.742007
133.662759
133.564103
118.970171
126.877422
126.955817
124.799543
122.989168
133.787454
126.612435
120.852435
117.509741
131.530123
119.987403
120.640532
131.613490
126.397229
127.720634
107.868685
120.986796
122.444617
102.814845
102.039999
102.032623
113.268350
113.301167
119.794586
111.179524
106.128684
115.270517
121.279391
121.233824
120.636958
122.672176
110.233963
106.072175
116.085825
120.246357
112.503771
112.061487
124.435340
107.653394
111.243633
119.690533
108.140682
108.327106
101.051153
101.831452
118.164430
122.579350
112.029611
111.366208
116.280516
114.879556
126.752520
111.179044
116.157278
115.520076
133.299622
118.743446
118.132837
132.820608
117.218879
112.204271
120.848773
113.447700
107.652770
106.794444
111.426797
125.296146
121.574001
110.638041
115.680686
132.009730
126.551698
113.323045
115.574903
116.270982
122.742374
118.897255
135.346290
123.399018
111.992071
127.858118
116.266496
131.446351
120.644607
117.292207
125.320852
111.298147
120.973201
125.920757
121.468034
130.221151
110.948836
119.572954
111.053709
120.176418
122.302855
112.833409
117.453562
121.763667
131.220583
133.472107
120.607074
123.372785
110.445325
117.128251
112.407040
116.503523
106.839160
117.470032
117.485231
116.866621
123.885472
124.657461
118.772673
133.587694
129.928540
130.272873
116.028482
110.846235
116.659287
110.792154
115.392966
114.557650
131.119184
126.533213
133.503451
128.240297
128.646388
107.254943
115.908615
132.385268
118.253418
119.612882
120.437067
117.101298
117.633069
121.201346
107.910483
116.824586
120.303068
116.787055
114.873864
117.231592
129.095668
122.831882
131.499399
142.972303
119.648451
119.101833
121.536185
126.747254
125.958928
117.606220
118.371991
132.810124
125.939909
128.705752
121.575609
129.333182
134.825422
125.669809
121.509388
117.199911
118.557863
127.346483
126.285253
136.552074
122.555846
118.476522
118.976645
123.768187
122.332605
126.176988
125.965819
129.361150
127.794253
117.803142
113.377831
111.213715
112.024829
117.547175
107.645824
118.410478
117.698695
122.805207
121.753429
109.199449
108.469408
121.739586
121.143293
133.554625
117.177795
123.501996
124.922527
128.644647
122.742432
125.224861
125.023795
137.259052
117.512695
121.911116
126.475375
121.984621
121.920219
111.201543
110.434076
117.021952
131.994642
134.712976
117.645470
120.857980
120.514189
127.681987
117.650498
131.574771
116.362601
126.508514
121.299652
133.321229
139.772798
134.821977
127.687680
108.791122
108.234348
110.534755
124.733542
131.492241
112.551673
112.019522
121.148178
116.337215
110.658213
114.994504
120.489307
126.225038
107.768474
118.651380
116.526353
117.428258
130.317615
117.533611
120.823628
122.950576
143.368111
122.228776
125.716572
112.041270
112.014231
121.202099
116.283319
112.975365
130.996644
125.322892
117.856194
118.366126
127.607928
121.380862
119.117525
111.072011
111.142286
126.266317
114.926313
116.297232
115.609896
123.631421
112.056125
111.362013
115.125751
128.847823
131.026781
127.780677
122.171177
121.394723
126.701207
132.448773
114.029066
129.177626
122.341057
111.827907
118.286707
103.446851
124.710630
115.316431
120.343555
121.011636
120.312596
111.855334
111.131323
134.327447
141.264488
119.642577
125.288818
119.106867
126.052688
123.705981
115.723612
121.867746
120.451038
115.043462
115.106217
126.278170
125.993217
125.014186
106.770017
115.596507
116.307540
122.052157
113.345029
114.063488
116.341982
107.348113
114.727032
114.727324
112.725270
119.920347
113.478112
128.059980
131.238114
119.255490
112.520748
142.011243
141.382403
129.709380
134.270525
132.445989
137.185941
137.208152
138.514580
132.986196
124.325913
129.168097
129.144182
129.796089
122.827488
124.408928
130.287470
129.239782
125.421023
124.800394
128.933151
133.196911
133.249635
141.137485
126.169034
142.446084
125.397973
141.063155
130.390292
134.575454
133.994989
124.374047
116.536755
128.591304
124.389148
134.633624
134.251378
140.806114
139.822031
125.666388
145.568311
136.259415
139.930971
136.055549
132.416491
144.188159
143.620054
143.133120
137.532011
144.580463
138.296592
142.371879
146.892420
148.974266
131.770541
141.447521
135.217156
137.514369
138.608357
144.400609
143.349804
140.206263
135.427039
138.606446
142.545142
137.804442
128.114241
133.978499
132.951956
130.313502
135.229087
133.525990
125.272920
130.300831
135.889766
137.235895
135.923859
134.241594
131.035335
140.475456
138.773828
136.515949
133.569893
134.535846
140.152445
141.937557
133.935373
148.382887
149.626035
140.921083
139.489829
138.536862
139.160797
148.953610
160.759931
149.780139
153.396606
142.475051
150.817740
127.597041
124.231447
131.328843
130.425651
127.562905
127.595896
118.974840
117.795945
126.110557
123.586688
122.961412
133.631994
130.060764
124.167819
133.044366
114.777980
116.231354
121.648884
126.797961
112.648460
120.313210
120.360882
106.953457
128.462461
119.113038
121.675992
121.571780
121.476639
116.831345
117.515043
111.272398
131.533398
132.512148
117.685336
126.468341
122.871935
121.925968
122.014255
108.797750
107.859595
119.118525
120.892291
125.343784
116.263338
116.207747
125.922443
119.321153
117.620749
122.596972
118.635561
129.903024
130.511367
122.513858
116.983504
120.099328
119.865286
118.695128
122.580433
134.857223
133.868242
146.515550
113.617083
119.159696
118.007647
123.368285
131.122807
132.155760
122.235214
132.390496
133.438571
122.857381
137.624252
134.384869
136.662827
138.895399
146.435244
139.917161
148.329637
138.960811
138.856432
137.502037
129.656565
130.171168
129.823095
134.279418
131.897736
131.158773
139.758796
134.695243
127.787995
125.413953
128.485758
144.219181
128.243144
136.760287
124.931966
128.582438
129.209482
123.805265
162.130121
126.361319
125.085966
131.190382
145.295888
138.070946
125.971658
133.681729
132.642650
130.188708
119.860556
117.645663
122.841382
126.627049
130.480612
131.211334
118.777783
119.544315
133.611223
126.647718
121.441817
134.473445
133.775713
129.505112
116.785224
114.495946
135.561775
135.618099
118.507808
116.416810
116.396436
132.479588
123.315410
118.430469
132.880485
119.268590
119.330777
131.421732
120.581850
130.433134
119.035371
122.221517
132.426454
123.484349
135.798190
121.531794
132.430115
130.471727
151.082445
137.335440
147.565426
141.964020
140.659558
140.967316
140.955074
138.935972
140.925118
131.974118
131.860617
122.453730
131.508621
119.759861
132.448986
127.656079
126.737217
144.920471
123.739330
122.977118
122.325444
124.537183
126.013127
124.099292
138.645499
132.777598
130.904677
133.351510
128.261458
127.282239
130.965547
149.657027
149.157468
132.743798
131.007250
134.164599
132.997822
129.229425
133.680185
126.188368
138.197593
135.214977
121.133533
135.149384
129.620837
131.330246
125.476176
137.301711
134.281049
136.169692
124.534679
129.623391
145.409954
132.412241
139.138256
130.491391
140.078730
125.676661
129.082489
131.685034
122.268846
121.547422
114.429276
124.844640
123.313929
123.269431
122.044506
122.535244
123.927244
125.318745
125.108075
130.878436
118.001419
132.836474
132.653281
123.230914
133.693542
129.290229
123.084551
125.863173
131.998308
128.295991
129.255524
141.307262
122.604289
124.339586
127.778093
118.751153
117.954265
120.001024
125.094554
119.956859
122.471568
113.294893
120.861887
115.049968
120.066787
118.122862
125.289315
115.117868
114.466494
119.562427
117.761156
116.944580
126.568817
114.971590
123.307816
142.515716
127.738846
131.093300
117.194199
102.751301
113.245469
127.634419
112.721699
127.117465
117.286207
116.476549
118.144771
129.158184
124.554956
129.006994
127.447591
122.083963
122.253265
121.125699
122.069171
114.384508
116.736688
121.312202
126.321031
117.185322
133.790387
133.044983
122.296409
123.045362
128.933661
131.395208
123.868088
126.297378
116.602518
116.506603
127.223684
121.901459
121.924317
126.604369
123.233772
118.544257
116.690880
114.081741
113.645034
121.766983
112.057334
112.089283
117.387564
125.926648
121.334918
126.489387
121.048522
114.529517
117.545509
122.685969
118.302528
120.189927
127.879922
123.604011
119.991623
122.621957
119.517628
122.643890
128.680754
120.572204
119.903438
121.147958
138.181355
125.848608
116.495696
147.404425
132.659178
136.007209
136.056999
146.373238
132.621594
111.798799
135.705691
147.948540
130.614072
122.006214
122.005584
131.307427
117.679257
114.798935
116.167114
118.015106
116.310253
118.797002
130.552393
129.857437
138.132423
140.864961
138.148905
118.051173
122.399682
119.403386
117.912497
146.864580
142.016384
136.662533
129.924508
128.754984
129.343671
129.276601
132.619791
132.580239
122.274413
131.665950
126.380583
129.441725
117.848932
122.702603
126.432090
121.796354
120.669789
133.014626
135.550054
135.540841
118.641318
134.941764
127.077343
127.477210
118.894244
117.724822
125.755744
134.035969
112.055178
118.029358
108.125651
111.203379
130.846166
118.382547
130.805440
107.788100
117.329528
107.877020
116.163705
123.140451
123.187290
114.428877
113.392866
119.508138
136.870737
119.924183
136.777980
116.331931
121.944264
117.545589
121.399501
123.207559
119.525895
125.778366
114.145601
130.939399
117.790443
126.294315
120.401313
121.946687
122.070834
122.042831
114.304580
121.758627
126.399236
125.554801
128.106898
129.221614
135.179850
133.415839
122.668744
126.301717
135.444114
118.516475
135.445204
122.144033
127.258342
117.227274
133.126785
131.091713
131.051149
126.172543
132.063910
112.662336
121.365137
116.360988
120.667991
126.516757
116.321583
129.266506
139.924398
120.714261
121.275382
126.796112
112.556253
117.529948
128.976182
111.884065
115.458252
116.169826
119.506794
124.707345
116.181260
128.411984
128.484732
129.648143
142.975050
145.264844
128.255747
128.749941
131.819101
129.775590
129.583583
132.408743
129.214336
130.868923
132.959734
122.234880
117.947697
134.837682
129.905793
130.536308
132.625078
142.811264
141.869494
143.874438
128.468522
149.739871
155.010339
165.672356
121.120300
106.233572
110.456066
121.845635
121.171866
114.596149
105.437608
129.128179
119.536924
115.209431
125.923934
115.679869
111.275705
120.611113
123.901604
120.503435
119.363481
125.374443
120.939224
110.618234
108.358175
112.709591
126.725895
111.433457
116.969094
108.358243
125.979738
112.731933
119.308124
124.511621
118.979684
117.665523
112.688061
111.929014
125.804503
116.986466
110.952171
114.600299
114.601833
124.282412
112.049205
117.944141
125.026458
115.305954
126.976896
119.006372
111.180936
118.445299
130.235606
117.727297
116.235210
131.994265
113.151690
123.031159
126.370761
114.642192
114.008260
123.368563
128.351423
114.544347
112.589086
123.859359
113.176119
122.291666
123.477751
132.850502
129.795277
117.751329
118.324247
116.367834
127.721394
119.099080
122.902543
117.587750
121.655766
126.275375
127.215420
132.963593
130.974957
128.499101
123.895801
113.451255
113.940009
117.503546
132.484505
112.573114
126.953106
134.113693
131.648722
137.720599
129.873193
124.889218
116.584469
131.832253
126.652951
113.089099
116.985110
117.548420
116.287063
118.570793
111.795423
112.509245
116.112885
131.791337
111.915424
125.336904
123.601977
120.627548
125.031890
112.052929
116.828097
114.029323
113.911865
117.215780
121.025105
127.501222
126.545947
107.064998
117.382035
110.337192
110.222936
117.335414
126.973202
116.286758
124.411078
119.176134
117.555611
125.395437
118.012510
118.185626
117.294500
110.181478
119.383275
116.282398
131.416632
112.732489
122.654634
117.680948
118.756113
116.181411
121.046448
120.636227
125.762066
117.785762
122.341255
126.815792
132.140572
123.815575
127.699824
133.638381
120.702699
131.440194
135.328193
123.265044
135.469539
130.790389
117.719492
118.355231
118.380792
111.869875
128.750052
127.980022
132.611251
132.283516
122.282115
130.087577
128.543989
124.785945
128.013853
117.959112
128.597113
124.884474
111.790571
110.429012
119.102607
131.787668
130.835781
140.678946
134.262074
133.324633
123.102612
137.131507
122.475599
123.864327
130.839910
132.764988
126.225777
131.867156
127.537759
137.790032
133.639896
134.307680
122.109758
122.678173
118.248701
119.111749
119.092950
128.835967
120.407511
125.109425
106.284334
120.394791
120.365211
124.311698
112.027714
106.909998
111.263238
117.076125
114.379353
110.531115
111.867431
111.158639
111.221590
119.123520
106.896067
111.930643
106.979015
106.251057
106.244709
104.840229
120.324227
131.695471
131.872103
126.538931
130.880925
111.257641
119.602751
119.035320
126.616086
121.421065
122.533692
127.683952
112.859978
112.813764
122.505752
122.248088
128.079158
127.640516
117.704462
118.565775
124.698241
128.030922
116.033664
115.267327
119.531757
123.901794
114.886566
123.880549
118.671275
120.476392
124.135215
119.372699
125.669731
120.642710
141.879985
145.249339
123.932342
130.955316
129.276072
114.658853
115.306099
111.068024
116.336484
111.011280
111.608347
111.311572
115.031201
128.535574
122.089451
121.020284
130.398804
124.015843
130.290940
120.495250
120.551543
118.484513
106.258848
106.887439
105.475123
111.664075
111.684376
109.379069
139.764261
138.252126
133.083715
139.027526
138.539978
138.234685
138.233381
139.388083
139.421091
125.859374
137.789093
137.731683
122.712108
131.990196
132.262014
117.310275
130.932916
117.752123
132.991008
118.791529
123.783636
123.092258
139.420413
139.344111
134.609569
128.553312
138.185308
137.785908
139.832171
134.772391
135.796464
110.707309
142.530914
137.167007
137.050426
115.902051
115.921752
112.101010
117.970627
118.339826
121.552924
112.212591
117.029952
119.099080
116.889798
118.609139
120.508775
116.185601
116.278662
130.686946
123.646289
142.381458
142.332244
137.051742
116.056357
115.743289
117.614761
126.547202
132.529119
106.195096
107.600645
106.195484
117.554857
121.278327
125.692454
130.006598
114.300396
117.568364
112.305775
122.333786
111.010221
133.351198
123.063495
132.661879
116.861854
116.835205
117.854513
119.120783
122.497197
125.326102
117.193215
124.253998
125.305555
117.046931
122.588301
128.068165
126.685992
127.270637
126.153115
111.161869
115.496055
114.442264
114.363388
121.481576
123.684091
128.915215
128.000882
130.450451
121.571936
122.348372
116.941961
116.994239
122.688889
112.065783
115.752783
118.468316
152.593076
110.707397
110.706772
133.159872
130.526181
127.250099
127.296422
124.885857
128.280632
127.204155
128.229669
125.078540
119.257535
118.697470
139.473645
132.127809
133.439198
129.111499
145.232513
129.639911
144.162540
137.361773
125.179055
130.847588
130.830054
122.292133
125.537650
123.059738
118.521505
123.070051
118.514831
126.686688
137.186378
125.674992
122.343455
138.089348
118.020786
122.439857
118.828712
112.801272
133.528661
124.367571
141.215576
141.366208
128.123339
125.428332
120.843257
125.399137
121.035484
121.390619
116.925476
122.104020
117.809466
114.350076
118.702532
125.400409
117.788618
117.858613
122.177256
122.168306
126.564408
126.515656
125.487405
127.098467
116.964903
128.788532
128.864993
134.721184
140.618667
139.548089
129.980835
120.146223
127.874959
127.863782
123.859309
126.072068
121.687767
121.392749
114.393419
113.415784
112.900469
127.546621
128.575980
123.692472
135.254756
118.315327
135.271615
120.593821
130.501591
123.312518
117.012418
121.709422
137.570354
121.377810
126.675094
123.537063
121.796415
136.864976
130.053509
130.057882
136.771616
119.902869
132.511492
111.814270
124.274347
123.381977
140.553801
140.384560
137.594847
122.963207
122.120759
119.429291
131.405148
122.993707
125.364765
126.629559
122.668995
119.997714
135.830208
116.385405
120.617765
126.288311
116.332669
126.970134
137.156925
135.130440
139.126917
136.429096
112.773437
121.999652
136.798841
129.046224
120.371793
140.613256
143.090753
127.423849
132.801493
132.823961
142.892334
141.856061
136.258925
143.921962
142.942687
125.432318
140.642599
134.122114
129.472889
134.806605
133.956153
134.458995
141.055687
139.028552
137.336338
138.065183
136.810634
133.540294
125.971048
135.763556
137.827699
136.799241
123.951498
129.460627
134.388871
147.815654
128.422843
133.555589
129.172217
141.610836
141.674721
133.422148
124.813075
125.317205
127.992373
117.458305
113.887183
113.393424
133.449513
113.153808
117.598506
112.606178
121.593788
126.429890
123.191992
120.213290
123.926217
130.917933
125.497598
122.036268
145.654351
142.233269
117.750975
131.320083
121.082316
145.612797
141.242790
116.561045
136.555062
125.600815
117.817471
121.512679
118.674688
137.421756
128.021290
126.414111
149.800558
129.468413
136.297178
135.233626
133.016420
113.386997
128.522949
114.409514
127.586728
119.134708
136.526315
115.718791
121.518694
121.592988
124.683026
137.312215
117.747331
127.050502
127.611193
129.647303
139.165485
146.732279
128.040416
127.721230
144.628127
139.164688
127.383127
124.061366
131.207568
146.533335
139.113953
144.410665
130.734391
135.845002
140.828624
144.399399
137.011851
144.412884
123.322008
127.683475
133.975085
134.013156
130.353009
126.009819
130.398866
118.734519
126.702420
121.341733
128.232443
127.417207
125.737635
125.694027
130.194139
127.549581
127.662870
125.881342
131.564884
139.502804
116.263530
120.299297
116.999799
149.092162
127.409467
127.961736
126.926997
126.668134
120.408194
106.887263
106.906106
106.927373
107.569472
121.967456
117.118892
120.526226
125.262281
127.601332
117.812928
119.678840
116.180373
120.701460
124.608149
116.913477
147.992150
119.147656
100.850180
136.994581
118.541239
117.847292
123.820939
105.827870
155.054433
153.426078
142.636048
145.399680
156.802011
149.355003
146.061074
146.466084
142.723533
125.294404
128.540519
147.623550
156.718384
121.997939
131.271894
122.077723
121.986037
121.974503
131.222770
122.039744
121.975931
131.140681
131.829022
135.050615
120.634986
131.226482
121.339602
118.812848
121.266411
139.757964
132.587641
142.201886
142.620273
136.734215
135.989590
130.229935
131.938784
126.615449
132.712908
131.576716
134.416122
128.288948
134.580864
110.525716
111.939711
120.959075
123.045938
109.971318
111.211903
117.655297
121.604692
110.519495
117.678983
118.341996
119.037702
112.543207
128.002155
121.609879
140.378436
119.330424
120.332866
127.329643
128.359832
127.103700
112.705979
121.058240
116.356756
131.355933
122.130878
120.364671
122.014637
125.391702
123.631398
121.626215
134.942050
128.145451
120.491967
135.716344
119.492030
135.826822
122.218441
135.401660
126.532464
137.235959
128.584856
126.685150
127.297324
123.142620
124.132190
123.379644
119.338643
120.350488
127.460859
128.480580
123.300090
127.043397
124.427707
128.835126
145.738879
144.752260
128.064683
114.349910
130.575791
122.037541
125.665840
132.391973
119.664681
123.037598
123.084063
123.153668
131.600293
127.999530
132.501597
126.331983
127.936327
128.951789
127.483831
126.408493
138.941911
129.086385
129.656219
132.352664
131.343633
134.582814
136.586420
130.416662
121.652674
140.527649
123.639199
141.591165
140.629326
127.055978
131.496705
132.027681
136.288609
125.739950
126.349968
120.576885
125.475504
135.350937
129.488343
136.592199
123.971323
126.001101
131.842522
128.647858
132.901309
140.631598
134.430418
143.777723
140.742496
133.445561
138.634773
144.518925
154.229064
154.338534
134.085020
135.539701
134.497803
140.851058
143.962580
125.094214
115.623617
112.142026
111.445369
107.715617
112.022584
121.612137
106.283144
110.485938
106.924853
119.445132
111.801808
117.334384
107.562836
114.905835
114.308064
109.143521
115.961088
114.940393
107.176084
112.291935
113.420667
117.527844
117.484455
134.239141
112.673948
113.309777
113.940324
122.628453
121.970114
117.462447
132.735925
133.781441
137.916775
129.853946
130.434587
116.030850
116.666743
116.379146
109.474991
116.717323
107.722661
116.678275
111.726204
122.087193
136.254807
132.973893
136.424026
130.012300
118.519736
123.259385
121.828509
121.170671
121.846038
106.936035
127.426066
127.640185
129.073170
132.004503
116.284164
115.612014
117.627970
112.578907
123.412775
116.100911
116.678936
116.911445
112.598795
122.735681
127.048501
116.900316
126.744475
112.760305
128.028495
123.521973
128.060060
124.431460
134.709444
133.231115
132.314335
137.755864
134.529706
138.035985
133.615371
138.732013
124.912491
137.791483
120.461075
116.868584
107.661490
117.982750
122.533267
124.126481
113.793298
121.187832
112.958660
108.534558
130.577142
140.788286
132.042383
125.384621
118.473581
126.359523
126.132892
126.446282
116.689993
119.119546
118.264115
122.631180
122.716809
112.929302
122.732566
125.639455
126.647349
133.345977
122.540928
126.335423
129.248276
128.066245
123.586481
123.397825
123.664038
138.586699
121.199143
124.655454
128.308757
131.644594
133.557947
133.398126
127.485434
133.635842
129.185649
129.932021
116.995936
120.640223
116.271692
111.793352
117.841106
120.527141
111.166550
139.399513
120.841645
128.021477
135.684134
135.658424
111.724239
115.860792
111.110878
112.591779
115.319065
132.874285
144.476368
136.914260
144.351791
144.414061
136.862128
129.098672
127.893257
123.656597
124.133875
126.584308
124.777329
125.781843
135.189349
139.775531
135.330286
125.831316
136.013125
126.599454
134.491357
130.843790
148.046405
138.440665
138.640222
146.933999
130.305631
132.659076
138.253695
125.862169
130.361809
129.412137
130.405207
125.906778
123.952440
124.791287
128.082759
128.218272
123.917163
132.571331
120.460331
136.373636
132.742228
132.101590
124.286048
122.326588
123.123718
130.424167
124.376800
133.041223
129.587823
126.120602
142.891718
128.824806
128.533200
127.102386
125.023432
124.384032
127.897135
123.218785
116.216263
116.205856
128.007561
123.714481
120.263389
118.649357
134.532339
132.867347
119.690009
142.108089
142.734652
137.283650
133.877793
130.291594
138.772125
139.842087
133.990864
134.298371
135.790664
142.368764
142.874395
143.363973
142.863012
148.425585
140.000938
141.237191
145.586344
141.648901
150.086165
145.533118
142.301836
115.681828
121.039390
114.716347
114.602507
121.718552
121.746153
121.087317
126.476503
116.758261
118.968286
118.795041
125.910794
118.428342
112.108436
112.750571
117.996039
118.902413
128.401252
118.810895
114.333968
114.761985
127.766952
125.105467
119.070372
135.000929
135.947404
123.166596
127.467647
135.657095
128.517138
131.842758
131.783165
117.036112
112.432691
123.027581
112.857845
131.168017
115.995046
126.562215
121.430439
118.194423
129.404600
128.454437
120.608612
138.459005
141.192864
139.505866
139.559024
151.687015
120.318781
131.805381
142.688840
141.047985
139.033154
142.302850
139.553137
129.956511
138.019549
130.903800
129.941648
134.796984
131.899757
140.277570
135.212299
118.496934
120.445850
118.174355
122.094236
127.133044
131.218796
119.517939
131.947813
135.301614
121.340808
133.020721
117.742974
117.082358
118.386933
129.757826
126.476771
129.086718
126.619226
120.332445
123.566493
114.213227
118.649165
124.001148
117.717583
134.667799
146.099694
131.186185
132.727420
131.757431
128.313180
119.950930
118.469916
122.996433
117.804881
116.405512
127.701942
116.844910
119.309486
117.865180
122.422058
137.295728
131.675679
125.064400
125.704552
120.784484
118.396738
113.938906
116.985818
117.103531
121.555979
122.761135
123.251231
121.232131
129.322038
121.325455
121.132803
116.216166
114.230270
122.946480
134.678621
130.851206
118.923567
116.647737
115.389781
125.342955
110.957809
119.914833
119.874329
110.551088
112.928363
121.905985
117.170624
112.731236
107.703062
121.248497
115.205794
115.168365
116.839423
106.793319
106.899114
114.494100
106.126466
115.136065
124.443068
126.889487
135.845931
134.528266
117.469609
117.444172
116.735244
134.986907
128.073997
126.899922
127.220522
114.398448
116.200129
127.593316
114.662204
119.169714
123.444756
130.608286
120.323340
120.298118
129.582543
142.639695
135.719097
139.267607
135.938123
130.102934
134.844183
130.065472
139.414676
134.650415
120.541336
120.325417
119.484327
125.547829
121.828075
123.625244
124.983960
120.598826
119.861334
139.228331
139.986852
139.196692
143.011067
119.936574
118.213534
105.295973
114.398719
115.064116
119.643031
125.857029
131.962417
117.569628
110.948302
111.924885
122.023114
125.786011
127.742693
132.004800
122.170517
132.751968
126.529978
125.944580
124.356596
132.784669
126.754813
128.650896
129.081140
124.006791
133.738796
126.505858
130.957282
127.741086
137.783014
126.134047
117.824898
124.343282
121.119808
132.019571
124.850152
120.479267
126.934177
128.561071
129.687114
123.451556
137.164772
139.548462
135.117389
139.507491
140.393732
140.506559
125.248472
125.820365
127.587716
122.583384
140.462020
139.280727
142.998441
139.281553
141.967803
140.039549
138.917974
139.002425
120.584034
119.887409
124.102786
132.331449
126.603555
131.071250
126.567921
131.996507
139.637829
135.426306
115.880402
120.238387
115.869485
135.767067
135.923408
122.311499
111.894834
119.117982
118.418735
128.026663
128.283501
127.264991
127.649809
123.764712
124.616472
124.482139
135.762158
138.342362
144.958497
138.546443
138.378345
115.931330
106.278015
111.285570
115.915525
120.312765
115.863368
115.848766
119.608078
131.844075
130.432867
126.525152
123.834594
123.852232
146.814766
118.802457
118.906004
123.259574
123.235143
120.117900
125.360937
124.339966
110.434682
109.771537
108.449177
121.883361
122.544679
120.116125
115.915047
125.687653
110.407910
120.797772
106.683703
113.971263
118.709136
114.623053
128.321705
116.134889
111.293546
116.111240
120.734706
127.946822
117.717554
116.263587
132.707970
120.300082
117.544425
112.145869
122.463202
117.669945
118.168340
119.509180
133.430895
113.203262
122.570725
115.797525
129.901430
108.927739
108.222783
112.525286
109.861853
118.427258
118.273448
119.702446
117.511398
117.743143
106.311621
112.213169
115.683160
106.153757
113.003565
112.533634
113.865719
124.392835
105.345026
112.521224
129.170675
125.454386
121.798597
111.853549
119.088318
126.251861
112.496252
107.651868
106.198840
114.106912
110.700785
132.373421
126.558322
126.706447
127.332406
123.311546
128.316442
137.249021
140.110450
136.040983
145.200236
128.062143
129.135543
130.570141
137.095969
115.717740
108.885712
115.582669
108.440669
122.500389
112.648985
127.049559
122.407348
116.175526
123.812134
133.364492
122.592069
133.684531
128.682360
126.691954
120.674382
120.023494
115.886704
156.074906
122.170939
107.492500
106.807369
107.505821
116.390738
123.894034
118.883059
127.564417
105.394825
110.623100
147.338979
116.652371
116.713151
117.406216
118.148002
125.335705
123.704171
129.109677
130.368087
113.795158
111.642165
114.374958
128.920504
123.779749
129.649044
121.676810
118.691576
118.617134
124.375680
123.322571
120.106524
124.328360
125.529658
125.584519
111.801042
122.497202
113.011137
107.751007
112.452102
112.419828
108.363114
113.964048
119.177207
118.408241
132.641550
124.834216
107.592328
111.146733
126.078887
101.117626
117.480669
116.288263
113.222999
116.999401
116.155358
121.839354
117.358430
117.234887
112.471749
117.754758
122.434876
118.813474
112.678952
114.076197
132.898692
126.605003
124.434603
125.370681
117.105684
118.959383
124.336276
123.819446
141.600125
113.065998
111.145308
123.643810
124.251765
114.616203
131.506413
114.368952
131.547653
118.907512
119.825885
125.870316
124.502419
118.346655
126.551624
112.048759
116.311274
131.305143
122.338685
116.143317
125.556413
112.158260
112.120604
116.307918
111.185617
118.105285
121.158376
117.790935
112.211921
117.627777
122.221925
113.472107
124.591736
115.470633
111.208229
119.350666
119.182381
113.176443
112.422146
117.486392
120.206923
116.751596
125.443097
130.707143
108.792509
108.215534
115.615516
111.073885
126.360357
127.903113
131.387985
110.368622
118.322698
110.290303
122.625046
113.480283
118.234847
110.164809
123.960752
128.504777
122.008264
116.963663
117.017688
114.027248
113.929880
116.969441
113.414505
114.937715
129.711678
126.043548
130.957904
116.655651
111.626839
106.444852
102.753659
116.029669
123.888688
106.616416
107.941381
121.487060
122.503669
113.819154
112.354654
105.427793
115.769505
110.381000
111.711663
123.715987
128.965430
115.989294
116.674713
118.614674
118.672304
118.691297
116.352214
118.201089
116.262483
115.797768
121.563263
106.084763
106.045888
119.115105
106.842297
110.461030
111.908049
107.405752
108.004996
106.774994
106.702035
112.015285
119.802707
118.365180
121.266177
121.373025
132.609712
127.735879
123.323538
136.391583
132.787725
120.533591
132.776397
136.527716
115.546407
127.864228
128.597060
128.337749
124.845950
133.190374
123.327616
127.218795
129.315198
129.485803
128.596854
129.137200
131.217562
126.235611
122.766720
122.109592
114.290497
121.162983
117.052692
122.042777
125.923768
124.911570
118.641775
119.977121
117.514476
117.760107
121.185981
116.211967
116.889082
126.356241
116.341052
116.804304
120.600270
112.507504
108.483631
108.222796
109.804337
107.836795
114.180084
117.763668
123.966441
118.364762
122.492571
103.608823
116.939636
118.807594
120.588547
118.242908
117.533806
119.460880
128.325526
122.636643
121.869953
122.320182
123.441865
121.906360
132.827786
137.586363
127.808182
109.760535
143.614445
99.210232
111.746838
110.937715
112.453854
126.926547
113.316880
115.212379
121.030283
102.703669
103.364426
116.661389
112.885327
114.793136
141.479830
142.582609
141.557743
142.582174
146.864376
145.207183
111.899654
111.041612
111.943107
107.690521
134.275032
133.682642
131.417083
133.783306
124.359822
124.855481
137.292018
139.286381
126.908576
136.167754
116.850540
107.249402
118.117151
124.761422
119.772918
119.371701
121.108031
124.321784
124.237542
140.354689
123.673496
129.168511
129.312629
122.779819
118.516570
133.379476
134.393650
125.186171
131.179417
112.540820
112.513849
121.726228
131.395021
116.895297
121.459630
115.622740
122.084508
116.859068
131.050467
136.375577
116.489771
112.812362
134.382731
116.902605
123.719330
117.751214
114.788814
118.468415
118.379810
114.983831
115.700638
114.973019
124.574538
133.887484
113.286470
123.851509
123.957453
125.004148
117.981014
118.677564
117.422688
137.981514
133.342003
128.307456
127.438482
127.901744
112.799248
111.994410
118.520867
111.203877
116.949466
111.846407
116.866680
116.165280
121.895131
123.340671
104.120016
119.443765
124.912774
117.935148
124.824794
122.692088
114.570040
123.279509
123.347903
114.453745
127.750077
116.974944
116.811099
120.550308
116.974946
109.324928
112.818695
112.800876
116.992579
116.767712
116.965099
130.200587
131.678160
127.705858
132.760512
131.122530
118.835599
119.544631
118.182294
122.264755
103.423988
102.091609
103.471969
117.520697
118.232010
126.654711
124.928018
114.248289
111.206832
111.903330
120.297438
120.303497
120.196081
136.434860
121.722539
121.000695
140.380706
134.912579
139.529806
131.097888
131.894965
125.698967
109.047521
126.963934
121.577989
125.593789
108.339813
126.877294
111.919130
110.580064
119.900985
124.248903
107.668421
106.819468
113.924368
128.053804
124.839844
130.069027
129.078156
142.835409
122.036734
122.736789
121.361437
130.539409
133.681127
112.483312
115.901740
111.217495
106.854917
110.689392
129.883513
119.563449
130.948478
130.029099
132.725586
123.725169
121.332186
129.299841
114.300040
108.398223
111.896101
112.507480
127.645268
113.494222
116.261158
113.616355
113.527002
114.215617
115.747042
116.447157
111.798119
110.402777
117.324644
112.188492
114.064212
112.395365
127.763655
109.440122
111.179312
133.215827
129.953521
124.000481
111.869007
107.515656
125.860464
125.090624
110.959323
116.897289
108.534792
120.548910
113.359905
108.553301
108.657412
112.222811
116.259818
106.808444
115.456461
116.993089
104.307752
103.435791
112.749344
126.652568
114.667446
123.233015
112.480167
110.496910
112.953320
110.721791
111.646407
116.315924
114.017458
120.868534
113.878599
128.239580
116.027688
123.022522
110.386378
111.154562
115.065190
115.062416
107.178263
106.077876
104.731068
104.730581
115.663802
111.213035
117.000955
125.190500
135.808182
116.975688
116.274092
117.027989
127.002148
117.486811
128.232159
113.200097
116.847597
108.418159
116.891248
114.288495
112.583918
121.158159
127.651408
118.854259
128.424673
128.482205
124.195796
118.283673
126.967439
112.690067
116.668379
107.789207
114.441195
125.843719
127.496083
130.762335
136.974421
128.038963
125.754197
136.277170
115.791889
122.572583
120.050744
116.372500
123.603211
121.884072
112.087157
125.163457
116.488315
123.942228
122.872348
129.551599
126.848174
118.408844
123.177818
129.946453
116.610801
121.867973
120.888305
118.227014
112.924540
125.525174
125.443839
117.327777
122.755806
124.975237
126.838955
122.631593
130.913430
124.208609
122.252054
129.388599
126.588382
133.222672
111.565875
124.842668
112.262207
107.835490
113.049336
120.830814
114.891954
121.675788
125.116882
121.683224
115.793800
116.456740
112.028559
117.288627
125.078286
125.817125
115.597805
119.875753
121.446644
122.894174
117.675840
112.850099
114.587459
121.992763
125.072745
131.315855
116.153486
120.509956
126.064672
134.938193
132.525762
129.442140
116.153878
126.089315
127.673378
129.969358
120.634343
120.087907
116.379169
111.999237
121.315759
124.548543
116.362365
121.143836
121.813426
121.274289
120.770482
135.814724
119.932482
116.286443
112.674976
108.322817
123.571223
122.904984
117.187782
112.832862
125.288587
116.736232
111.844652
112.672108
125.538602
129.334716
132.740263
123.401651
124.078723
118.699833
128.740634
132.690003
129.323815
133.753368
133.809543
136.182972
129.817455
136.274767
141.407929
129.442294
119.827982
134.616988
133.485040
117.286937
126.331978
127.193010
131.606264
123.791492
131.970346
122.992549
117.798732
132.953394
117.798525
123.784398
121.500220
140.432818
125.994458
129.276347
122.670093
123.513360
122.049824
122.079539
123.943443
134.181696
124.773595
142.475116
127.346853
144.629420
150.998460
149.312900
148.913678
116.849298
115.566085
111.266731
120.961681
114.769618
114.764101
131.437285
129.393019
131.236303
132.001874
138.619515
141.624342
125.259364
129.433844
122.488003
112.385247
112.334258
106.894241
111.119388
112.464901
115.577951
122.664743
125.056484
124.289701
118.420563
118.768436
121.340722
119.182849
113.250396
108.669267
106.899584
120.244979
122.598262
107.671324
125.573997
113.324547
112.579627
113.243117
130.723302
125.647248
152.800046
107.738926
113.148379
115.382670
124.016258
124.495832
120.733308
122.258796
127.739659
124.253465
132.431831
123.450375
129.944093
124.646978
111.749735
111.704787
111.719361
128.872936
124.631093
131.760892
128.155958
129.390831
127.478099
134.448171
120.253208
134.301777
115.942931
126.864193
126.632819
116.550596
133.351462
123.619698
124.178417
125.620326
127.628948
125.478591
130.359714
130.128393
136.201277
119.140044
122.712598
125.029627
123.010991
139.460863
131.093567
131.722200
132.779064
137.690059
119.279505
121.535849
122.806230
115.564231
110.304978
114.626757
113.885797
123.536188
128.302689
130.207111
125.769797
119.945669
126.539713
131.080209
129.870926
128.437490
129.205518
123.268562
122.512125
124.120404
118.610243
124.161231
118.744317
123.740139
122.979696
122.908492
133.538675
127.770958
117.787115
117.878472
117.164693
126.094945
130.033613
125.884665
130.055497
123.034604
123.260361
119.340093
135.226574
132.013453
122.758303
127.171037
117.951458
118.712880
131.385579
129.640939
130.348540
132.399051
122.631689
127.132062
121.468697
115.309927
118.040994
135.259474
136.205155
123.626423
121.266131
124.866044
124.402983
129.029131
128.356208
129.241046
129.262768
127.710637
128.022384
121.362779
119.347152
129.541772
122.789144
128.751035
118.000965
127.189002
128.214282
128.174135
130.523539
119.714061
144.705684
139.046870
151.247202
133.881477
136.160907
144.047893
117.735942
119.290161
125.062159
119.972044
117.742102
118.400972
117.140950
121.226159
136.799267
117.740771
123.258219
120.486522
136.690677
120.489358
125.497685
128.230897
121.893695
130.120849
118.727649
130.996076
140.020842
110.922909
111.758194
102.771305
114.428966
112.783161
114.560341
116.378869
136.721604
136.776153
149.997691
146.301810
144.518801
141.562512
141.581879
146.287206
148.058556
144.169393
144.487181
141.550135
141.609141
104.433101
136.635789
109.139741
136.884984
120.109974
120.627160
113.584941
129.317317
133.547879
126.856669
129.075469
129.022169
135.571464
134.570478
129.691279
129.794238
141.953737
141.295131
143.196071
126.106623
132.892826
131.149158
142.151874
142.743956
126.720199
141.096561
125.953408
128.868122
133.966807
134.443442
129.353736
130.107248
135.197215
152.313453
124.856439
123.341104
122.555297
106.896882
106.896905
121.553296
106.858315
105.460536
106.874683
125.343302
131.915726
116.976630
118.263892
112.659177
111.907709
118.269006
115.669590
101.933755
116.708713
102.650900
116.710557
102.045624
114.150239
114.126624
123.164851
113.532313
112.838108
123.204673
136.041637
134.790431
132.374078
139.085924
137.526794
145.430644
161.349788
147.425154
154.123096
154.768830
147.343673
149.227480
149.139220
142.678572
110.423803
109.734218
116.616471
123.910732
121.264893
132.872205
121.263571
130.110715
124.896438
140.172879
142.329780
116.294914
129.384199
121.220811
120.576674
129.215791
131.977142
123.975483
130.128856
131.636952
130.233990
129.083126
130.180441
127.617647
117.558698
121.837266
129.077312
127.966902
113.395471
113.588990
128.994370
111.346397
115.620723
124.574883
115.637575
117.926565
122.779649
119.098367
119.643504
141.982395
128.988407
124.416005
136.433641
119.171265
121.471089
113.531939
109.104696
108.383008
112.862677
112.713348
126.797084
116.334811
116.297062
106.096657
106.169191
114.064095
111.803728
102.568139
115.281093
103.797338
127.029649
117.277924
112.925426
117.981373
123.002766
103.488265
111.341998
130.490870
132.591085
125.381033
128.104957
130.043375
124.783154
121.026799
120.403719
115.597264
114.836250
115.132479
120.268237
107.036656
107.767866
111.324278
122.054177
111.392783
124.451020
111.120428
111.930332
126.881573
123.570664
115.584669
116.297955
122.692960
112.030735
112.819889
129.436974
112.607369
113.372651
125.822575
132.799283
121.671073
111.973903
111.979037
128.745534
116.128018
114.835459
111.935727
112.664230
124.144579
132.038515
111.138497
126.164762
117.232674
122.447408
113.048291
132.809587
117.101703
111.121218
111.144806
116.543458
125.984871
125.215841
115.557831
131.373229
124.292731
115.561921
116.433245
113.043925
118.345639
119.704531
118.606680
116.257875
112.022112
124.594881
110.552423
116.469872
120.466648
118.527624
120.507180
112.129167
120.499726
121.195616
122.540230
120.849750
118.608827
121.956419
113.459997
119.936255
122.650523
134.712777
123.601241
130.507428
130.009778
129.587715
135.245745
135.305387
124.814318
132.805653
124.172548
140.539834
135.557292
133.345040
131.025815
126.567331
140.149696
140.264071
132.253519
139.724452
134.581258
138.671923
134.638542
142.132896
119.460571
131.273868
130.367182
121.407179
135.485173
124.853085
124.283432
135.582101
148.963965
150.032544
138.157146
139.430544
139.454975
137.055078
133.143040
135.666412
135.615920
139.160513
110.404915
115.220417
112.422716
115.899683
112.608793
116.668177
111.230457
113.332954
117.549034
117.570567
120.295258
111.268266
111.973066
124.687824
126.699664
109.808333
106.122601
115.050854
106.905309
113.040391
111.831366
111.121081
120.290294
118.077739
128.451843
129.399365
118.709678
117.651159
116.249475
121.474063
121.891271
127.451850
122.610081
108.980856
124.821796
111.131464
112.449624
127.967001
141.114611
116.901334
116.196025
122.647094
124.333427
135.437766
131.051573
127.715136
126.621482
123.077534
121.924422
117.996693
116.773719
116.251532
112.018462
116.781319
112.641417
112.684489
108.411622
123.708342
113.100436
128.419384
128.909283
141.017315
128.249928
125.654475
136.057691
116.681262
128.488590
117.999921
123.243535
129.516393
125.492194
118.736707
124.259578
119.936294
110.650332
122.686129
109.583280
119.369837
163.849931
145.294803
145.123521
145.001782
149.930698
150.151628
151.398474
153.083906
150.884726
151.829881
141.160990
133.705404
134.684311
139.306758
138.153063
136.704662
135.685072
140.092104
152.524342
150.591319
145.083966
130.296456
131.150780
135.036840
134.915514
123.022802
124.353173
106.161454
111.130999
121.079216
118.391840
118.421806
117.049971
124.844097
132.801082
131.839635
117.796248
125.057912
128.535393
117.830562
117.189848
124.980836
131.757207
117.701813
147.100608
166.934607
163.516554
163.651380
166.936830
163.559082
156.396882
155.738221
161.140320
163.124985
161.715750
163.645170
160.616799
130.424744
136.035596
134.479598
124.973584
140.694201
126.347714
137.389174
106.731414
120.908131
126.541314
111.950720
122.321210
119.194100
118.804127
124.642905
106.032221
109.340663
119.513027
121.940559
118.575879
121.792752
116.859636
125.723578
123.605556
123.575108
119.421565
118.608198
134.655322
109.311140
113.435986
117.309275
135.045751
127.111108
132.272287
120.427646
99.318829
123.114390
111.104761
137.124879
142.504506
108.682527
114.139268
111.890973
106.232257
112.929272
117.714763
131.039855
112.831828
117.789849
122.402923
126.208560
124.651999
127.188564
131.823427
113.937842
127.235693
126.538891
111.117469
111.142619
111.095559
119.125928
124.348955
106.914315
111.899695
116.099713
111.934270
121.561642
127.761665
122.055328
117.726785
123.112941
121.626723
116.265534
121.651938
122.778497
125.389675
121.671804
122.809663
126.116322
122.894896
116.845098
117.835799
122.129849
127.860840
125.595531
116.208251
121.761561
127.586269
124.130422
123.597499
99.443561
107.542030
110.578442
120.912657
120.364426
107.743471
106.913339
112.035825
123.251458
122.458340
118.422764
117.096129
117.771417
115.333919
116.669503
134.969379
136.003721
126.507971
131.877414
106.899223
107.579189
120.852883
106.022881
118.467885
112.569776
121.604437
119.114633
113.931440
117.411687
130.311603
125.909079
119.433223
123.649957
119.382985
127.187216
116.225729
123.350199
116.953033
128.426131
120.587416
124.099420
123.480135
133.577432
129.704647
131.398698
127.815644
125.723423
116.805696
123.468720
122.529051
130.859339
124.326535
123.319785
118.580089
118.634759
119.459090
122.796653
113.353906
122.359011
112.341173
111.645102
116.937461
124.586072
116.916585
118.681980
124.565482
118.658428
116.941041
116.860699
117.302290
117.302237
106.612184
115.185557
106.690211
107.958501
112.709056
113.653419
117.411259
126.992074
115.811715
111.295874
116.513029
113.810248
119.664811
111.122157
112.313631
106.729511
133.842574
129.683594
117.864843
128.624294
117.811814
122.771794
133.767330
127.817559
113.288912
122.102729
141.793812
152.006022
152.718583
147.109292
146.977737
139.068899
140.869423
131.183067
131.992865
129.453934
116.578201
116.985651
120.232616
116.930599
111.890735
115.558326
125.507297
112.606197
122.486969
127.319510
116.077931
114.871304
115.558145
116.297830
124.584820
121.204019
112.053982
111.336829
123.910231
117.768204
118.338442
112.455242
123.172740
127.355468
111.833413
110.549101
106.638467
102.472793
106.026070
115.019392
106.091982
111.873069
114.105747
110.475306
126.051377
109.301460
118.075080
127.470775
116.375890
116.334852
112.433769
117.996009
125.787899
122.715609
110.444710
115.487178
116.419898
125.644327
124.604967
132.676646
127.431276
119.255679
115.152194
104.608132
101.868998
116.153501
119.095962
111.135951
121.821767
118.034379
119.058999
109.003238
117.744399
117.135365
122.123621
129.055532
121.784722
121.894254
123.351001
112.069067
117.807699
113.244962
112.575457
112.552018
117.392162
117.382665
117.980554
118.109704
113.393595
119.761260
119.835999
111.189003
111.124628
106.841290
106.115001
115.700720
111.794203
112.331604
126.608262
118.360900
123.902178
134.463133
113.851395
112.979048
110.503177
111.120209
126.909529
112.741754
125.012485
108.975174
117.535079
111.939432
121.624102
111.886688
107.738165
121.175374
116.122798
116.835347
129.553048
125.517877
122.543714
122.395717
127.412778
123.076429
123.758778
126.017905
128.620803
118.126940
128.521426
117.331827
128.887724
134.263375
131.001869
125.579986
124.781148
127.254733
120.616229
112.340657
138.619757
112.391823
112.071684
120.296903
117.077890
116.987776
116.950364
113.333399
114.619223
122.553826
117.937186
118.533338
116.988541
118.829341
116.985304
118.803465
107.762684
109.017380
120.859959
127.019044
120.805795
127.645195
116.257106
134.464046
119.468204
122.359309
120.808519
116.799521
120.231431
117.722401
121.309471
118.761315
118.837554
121.425607
111.791355
112.602840
112.521233
112.520851
111.183393
109.806762
111.961446
126.398520
118.273260
125.306545
120.376630
109.718709
115.213448
132.533801
106.179483
115.676674
120.082544
111.143775
112.499613
127.187953
118.442474
109.847846
112.599557
111.846879
123.497570
110.537071
111.803443
117.743226
109.836392
111.255337
122.824960
126.545860
124.748585
132.528046
111.803958
120.255964
115.290727
120.585761
115.926242
121.229613
117.363866
118.434116
122.098230
126.537765
124.277256
118.429934
123.450162
116.544291
121.978937
111.969312
119.533760
113.143723
113.042575
119.064867
118.997255
122.857113
136.893037
140.739503
133.413843
120.871341
121.912959
111.195658
112.592091
121.367815
111.576097
122.230462
113.636920
115.574800
134.664071
122.478029
119.931925
123.483845
140.136361
115.766661
107.121570
112.139798
117.158413
124.762131
133.842634
125.844808
123.035418
123.385315
110.585948
110.502323
114.162955
125.208047
122.106894
110.605674
111.244177
117.088759
118.242466
121.512297
123.627031
122.650354
132.364105
131.895108
131.692151
124.442296
136.529552
131.974062
123.437305
127.432972
132.249937
117.724679
114.266975
116.146493
107.675836
110.782076
117.569945
116.968819
120.321721
116.683174
113.109941
113.276209
116.411181
114.939392
108.447352
97.527872
124.050655
123.714736
117.039476
112.736560
122.902772
130.762284
123.777668
111.949474
111.809617
122.348078
106.147344
111.115226
125.976606
155.211263
103.501156
104.327217
112.448372
99.198684
116.790909
114.055315
100.043915
104.440067
136.260585
121.079148
114.015506
158.368814
157.373457
159.699558
177.696236
125.707238
127.755213
126.782928
126.836281
134.692443
127.807778
120.544599
128.632594
119.905441
119.105754
127.826065
127.158263
115.628460
123.715966
119.220312
122.767522
115.667076
111.165815
125.000030
118.949856
115.771239
108.016687
119.697854
122.616554
114.323223
119.524518
128.135387
133.488184
111.752597
112.421868
106.944290
107.812413
112.484362
113.239389
125.675504
121.365483
114.067443
126.697380
123.760592
123.658936
110.890619
102.695649
101.916143
122.258626
117.337418
116.893139
131.540842
116.893583
118.264057
123.020994
120.319726
121.915454
115.624186
107.727481
117.617311
103.386314
140.419629
116.492925
116.933999
114.956322
122.572168
107.855758
112.230414
125.312412
105.441887
106.192799
107.643828
122.613387
111.316230
133.631678
119.666865
132.027459
109.783762
119.574935
115.081529
106.332093
105.543821
115.719924
116.809572
120.270410
110.607447
115.417319
115.711692
123.902908
111.271963
117.062029
115.480168
116.240397
116.236384
116.861271
118.905058
115.235073
123.995128
114.813196
119.509283
114.174249
109.921169
127.343802
125.045289
133.564555
121.827439
115.100878
115.884914
110.620421
115.969163
121.183305
117.137580
121.877379
110.390934
115.433549
129.838391
105.521634
105.412890
106.367112
110.828628
111.870058
117.376690
109.849819
115.811328
111.046789
110.977542
112.004957
111.228454
116.299198
110.758030
120.508024
123.490305
118.394925
119.732160
126.800011
136.289106
123.453597
135.266268
123.639446
121.258118
117.528139
125.610769
116.249522
112.547338
116.273682
126.738475
115.877332
125.900639
116.104961
133.190640
126.071884
119.140214
118.928709
127.629015
119.606258
119.514223
129.555053
123.073591
118.775896
119.360610
118.184814
126.863580
120.709532
118.917034
119.566740
123.094448
127.675741
118.855755
113.565602
120.946841
115.741060
116.100547
113.882129
114.643192
122.713504
112.874140
121.058463
108.566760
119.392278
119.443844
121.575375
132.349455
133.970255
119.170630
122.473871
129.308862
133.917973
114.996846
114.937346
122.823535
121.110233
119.976281
124.736986
116.423658
122.866342
121.755001
136.464125
119.131329
128.464361
121.367322
116.952102
122.269259
129.134333
117.861845
123.058934
124.328998
132.829686
128.561241
116.734537
117.457309
139.776791
122.279989
117.297304
134.720373
122.222404
117.961407
113.965153
117.403883
113.500870
124.928153
116.910714
123.180515
124.257229
129.229006
115.133774
115.282215
122.099650
118.131391
121.910999
113.144204
122.992907
130.217000
120.227553
121.473320
122.871602
135.556351
130.190462
113.491745
111.359675
125.447838
114.975949
130.557089
119.569634
117.251628
120.909279
132.650397
125.060725
127.359954
127.166204
122.787921
123.462591
113.632370
119.614329
132.534935
117.022591
117.494017
116.934856
116.439018
112.944196
117.867771
117.678372
127.786667
116.909952
122.423810
116.523883
111.210375
130.484256
122.893493
126.482593
122.794559
122.833629
119.422881
136.336360
122.539285
112.671425
114.459665
116.689382
131.931745
116.730474
115.879142
110.422201
135.088046
140.153197
130.472896
125.995708
126.573847
132.749765
122.677155
126.399631
126.203147
122.623702
118.359596
108.649810
117.352001
120.789626
125.982024
127.800762
120.809009
114.790881
122.559963
140.505600
139.910076
136.261610
149.715580
128.994449
119.067457
131.787575
128.019053
123.092719
121.012291
112.377809
120.286678
106.906934
102.565359
115.071983
106.936368
114.953885
116.902625
130.035827
109.928491
118.304236
131.056901
129.300204
107.804688
112.726201
115.445784
115.341403
111.036699
127.660806
105.575019
114.602882
146.257678
153.045859
137.744421
136.037632
115.180489
115.289134
114.581275
115.334733
104.843050
106.912103
118.675350
119.206956
117.959144
121.716255
127.479905
124.373864
117.570913
122.016282
117.198423
120.521760
121.425576
126.540935
118.101744
117.564974
120.978256
117.609733
117.545211
128.730982
112.645092
125.625996
122.564329
116.262266
117.155661
119.492776
111.988360
126.328360
130.829643
121.657106
117.187957
123.142101
131.965880
127.166247
124.986309
119.680235
111.792988
127.541650
128.517159
116.178069
116.834251
111.856541
124.564017
118.034541
120.758412
107.482551
116.468820
111.159095
111.444785
116.417631
108.561277
120.488718
109.027592
127.070582
107.146906
118.345322
116.024933
112.864088
127.028991
122.080491
125.319794
121.121222
117.811061
118.432005
117.004738
107.561088
121.195266
111.210800
111.099168
122.296392
125.953101
112.133857
115.513116
111.892692
126.900446
123.227499
115.926066
112.632896
115.850828
115.903444
111.721466
111.834085
110.519469
112.799629
131.290751
112.733366
131.886659
117.760486
116.314261
125.319608
114.047773
111.305992
121.950014
113.905407
114.897831
121.313840
130.449568
119.813921
121.641557
128.671429
116.288423
116.899830
116.621663
113.477516
111.317414
112.061917
121.360188
113.327993
114.990206
124.894045
119.501356
118.822404
116.082898
112.617754
118.526761
111.860177
116.199574
119.943066
116.681097
124.865330
120.562686
112.960087
117.047730
112.888563
117.227944
117.200504
121.427111
118.198275
125.846821
117.191082
118.301751
120.915877
110.402981
110.231918
108.500632
107.637533
119.361569
114.178256
116.664077
110.619960
124.539809
117.417786
114.891677
114.968628
120.879010
114.771499
115.489047
124.136995
117.281804
126.203946
111.330752
124.382034
121.392488
117.238674
110.096137
114.595429
111.428022
115.237386
110.504424
106.906904
117.020681
110.943385
117.918319
127.234648
119.207171
124.586067
106.983548
106.651562
107.957246
115.247446
115.207890
132.233993
132.252787
116.716969
140.986955
112.481430
117.101332
116.454604
122.916175
119.153412
125.710070
117.739803
112.663929
111.987844
116.695210
115.613232
111.980991
122.468685
117.302704
122.912326
123.992289
111.190427
108.494010
147.158523
134.627490
135.310006
107.234411
123.544999
125.701084
123.301613
125.078240
119.919318
119.319807
129.352866
130.246528
130.432041
132.291796
121.043956
121.003776
121.666473
123.147291
107.471802
106.818063
129.422209
126.849951
135.626629
131.430951
130.415336
127.671175
114.145934
101.817113
115.175920
118.725822
123.946781
115.612000
118.729594
116.948179
116.236209
118.644196
106.632816
101.802463
126.999906
116.970546
118.779861
123.962310
116.317501
123.916140
119.386810
116.782180
116.747842
122.368293
133.303422
127.027277
134.241672
133.863018
123.085528
128.696845
119.565470
117.491302
122.028944
130.151261
117.420478
122.627894
123.665809
123.636586
106.915728
121.950319
136.771769
142.955315
135.740827
143.305141
138.668072
134.726135
130.346412
131.945410
125.853892
138.562037
127.750263
133.236494
119.815314
130.929677
130.443062
139.133259
145.694080
119.391300
118.337214
133.540645
132.568659
133.963543
145.638282
131.423608
131.859443
139.208272
145.507863
144.441926
138.035614
145.437953
139.093631
133.962105
130.227844
125.921402
130.220193
124.038836
127.361736
134.371209
136.519848
135.316481
129.628712
125.906572
129.309410
137.396747
128.548098
123.156012
124.451322
123.647775
133.654180
136.867745
135.695567
123.382349
118.990503
127.238616
127.387451
121.982362
131.996029
135.516405
134.357089
142.318996
136.600533
117.156052
123.797502
123.812652
121.528696
122.816064
128.014283
119.225594
123.688809
126.172304
126.256074
123.137872
118.585107
111.976808
116.324414
117.020487
113.287753
120.172375
115.515699
116.099225
123.787428
117.820748
119.198567
125.590666
116.886046
112.528431
132.814422
137.482292
120.009428
117.086674
119.185482
116.914058
117.010463
117.416069
136.945386
136.944748
121.197452
137.379382
121.205229
131.799691
129.095627
119.525920
121.641308
128.168059
116.346820
117.156923
118.813050
114.262898
121.842997
121.968658
122.029377
123.213766
127.576098
133.673042
126.701900
120.420590
137.350869
123.876431
127.527904
136.496859
124.109101
125.323352
116.509197
117.066649
121.104202
121.239496
123.187916
123.299474
127.280283
127.023114
121.656038
122.364966
128.229988
137.915590
134.011240
120.266004
131.703679
126.272608
127.185521
119.642439
120.225662
128.994081
124.709138
127.501093
157.564194
154.677537
117.993985
117.431294
121.190524
120.077555
106.925227
111.167080
111.830488
111.147101
114.455197
110.475834
111.210529
106.785759
107.490945
111.140520
118.650347
118.609583
113.169827
127.023556
131.971491
138.025345
136.267477
136.870410
133.042018
131.348369
108.274919
112.859052
134.078639
123.801198
131.878710
117.773143
119.995985
125.394046
128.356342
98.431743
112.557829
99.275979
97.678293
107.614066
111.738107
101.175206
122.377345
121.152463
122.226185
116.768182
111.256608
116.085203
119.475840
121.258485
115.466214
110.451230
115.438710
115.533523
120.704241
126.386100
121.315895
117.506345
121.891229
116.384182
116.897011
121.185315
123.082903
112.708722
108.494233
105.910877
114.407006
106.038818
109.909171
133.808797
119.894904
113.929363
118.867697
118.075342
126.721433
113.529519
112.769079
114.555815
117.437078
112.419613
123.169330
116.791339
115.038190
125.830479
113.272981
124.327883
111.821379
112.497077
107.753968
127.395126
117.247966
129.086447
112.632337
112.589628
112.594528
115.244329
114.504493
124.080804
110.326300
121.503713
120.807236
122.510148
117.525565
123.490285
120.783358
117.540247
101.981794
111.632837
119.751134
119.777682
128.271301
105.609580
111.089812
107.534782
112.976919
115.695344
122.391240
111.153073
112.578180
112.647351
114.113874
132.833717
130.437481
130.567712
187.237371
160.150437
160.150391
159.212688
158.824326
159.978525
156.919521
134.150858
135.356492
132.604061
124.772481
113.148744
116.751728
131.001289
125.813471
137.533858
136.420859
118.427819
118.310936
118.990458
124.512332
132.443808
132.279145
131.020343
131.003451
128.727410
128.399815
120.652222
118.151735
135.089202
118.628791
111.090118
111.113443
120.855504
134.477413
119.917278
133.886418
130.702054
132.639397
121.967181
136.652996
126.553256
111.920151
121.051841
114.986016
117.168959
125.092925
114.045662
124.237049
126.271513
112.598021
121.821267
123.244057
116.155518
129.400242
130.938261
135.571075
123.818199
116.936528
116.168042
123.595710
116.235000
115.585809
121.236037
117.389105
116.233068
116.077995
117.796352
111.202065
130.046224
119.876911
119.200712
123.468207
116.896867
117.709308
129.287384
129.266112
111.089249
111.776449
120.750479
121.906692
124.938935
115.956402
117.057992
120.218152
115.047276
116.220133
123.308996
118.174621
111.224705
122.157999
137.300382
113.197605
129.287962
113.147286
106.890622
106.324716
131.913244
112.505687
107.051167
116.718666
111.861901
116.842773
131.697456
134.213512
129.230978
134.480789
112.505749
109.781095
113.994516
111.838346
121.260172
127.136593
128.903448
114.402287
125.079940
114.356122
128.564040
106.752597
111.055695
110.566970
113.777108
116.535902
111.075957
134.351764
129.213867
125.248370
121.321266
112.534955
116.771051
130.950947
113.208713
113.201101
116.766323
116.300924
112.599883
122.678554
122.615683
116.818265
113.196747
122.633195
113.148237
116.874589
106.071468
115.281101
112.462098
131.583401
111.132008
131.609378
116.914958
117.597153
112.718440
124.618848
110.975700
111.686212
116.028068
115.226962
118.676932
119.680315
119.512936
126.733693
126.063148
116.642065
103.331963
122.747307
124.548504
124.530471
126.711482
188.594947
125.851931
