86.486747
70.027743
73.321971
73.391237
87.090786
85.530542
82.310172
98.699968
93.132967
78.867792
85.515559
83.897014
86.115046
82.063977
84.459792
85.418099
82.384656
81.054522
78.081568
83.073725
83.578059
101.840780
99.530714
90.276082
97.760913
81.909780
97.753956
98.452994
82.613871
97.716784
77.377929
85.230499
89.515289
81.510602
92.173391
91.088045
88.351966
87.684746
91.602341
90.417556
89.136868
91.412695
86.963167
85.328679
89.096537
95.389919
95.233577
88.442847
89.777887
82.135560
86.250599
98.821301
77.575977
83.188102
93.387845
81.990689
86.978182
102.483654
82.847550
102.992990
101.548427
86.389564
87.207177
94.884352
93.973949
89.089412
81.104951
81.069735
81.168787
95.435612
94.590853
85.317975
89.793319
81.227796
92.068386
92.582438
91.983271
94.212196
91.028425
93.985630
85.191632
101.461777
101.478467
111.098845
104.891019
113.019113
102.177391
92.636835
92.851945
91.769203
82.595438
80.358721
105.842512
105.209252
105.061135
107.624778
102.204952
100.535819
101.532875
100.563123
104.202422
103.467330
113.842497
111.345665
86.507964
104.247310
114.033898
110.371754
94.780411
90.426230
85.935366
98.460300
90.811417
95.574517
101.073540
93.665137
89.838545
81.827565
81.679267
95.922562
89.927819
84.171096
93.904780
90.293739
97.793619
98.471800
82.647132
80.839802
81.552134
85.278374
90.297600
83.292130
90.225877
82.024794
81.932866
81.909392
82.545140
81.453319
85.033753
97.388089
99.414617
89.817726
77.484092
85.470990
85.348241
81.092487
78.024494
90.565331
91.098411
82.583930
97.906949
82.697224
97.762046
95.565005
77.453338
77.468783
88.950286
77.600894
88.211175
84.760292
78.390637
77.190422
90.838521
82.621018
97.739850
98.415262
104.162301
106.537946
105.123051
101.503536
86.131975
93.013127
100.830227
102.135252
101.411394
101.458244
88.426716
82.008185
94.058662
94.593829
87.863294
87.094164
85.772991
85.814860
82.823820
82.841419
87.023920
89.129327
86.132232
95.982060
100.114608
100.608787
92.783561
91.998583
87.712017
93.106392
97.377058
98.931035
97.618690
92.135994
91.495656
94.744278
94.824694
85.212296
80.436186
82.615389
93.624934
90.584000
82.654517
93.761472
86.442172
103.069400
105.378792
85.518996
93.917191
103.110408
104.505337
85.911359
109.855200
85.688499
89.331066
84.703937
84.554692
81.613199
84.909003
89.556005
90.498170
90.794178
89.873561
88.801923
93.129969
101.999947
93.293971
91.087185
91.580926
86.715392
98.776409
99.199922
85.821496
101.593492
101.135354
101.643708
94.703020
91.819239
88.545209
85.229623
85.378649
82.262078
93.559148
85.947575
81.109425
91.809290
91.915214
94.996644
92.585031
94.357645
90.348688
90.806792
99.615831
98.867878
99.387732
95.134430
91.321042
91.951836
103.904237
86.750953
90.490943
89.793166
94.527308
94.545339
105.670095
108.048488
86.350766
96.614031
86.382800
101.048337
105.685783
85.600767
93.854915
84.799787
104.325851
105.038422
98.908334
103.713314
90.577237
93.488761
81.910967
77.675520
80.689686
95.323084
81.257345
89.271631
86.267746
91.567212
91.129768
95.551586
90.256057
90.368535
94.978509
85.797361
87.680407
91.651701
92.523625
98.617696
91.554758
94.667225
100.276120
88.440106
94.716144
73.478680
77.692308
84.985813
78.140611
85.513819
88.468373
85.035376
85.664335
97.623119
88.588322
92.714082
88.306097
86.070626
88.560765
89.632203
89.316194
112.890691
92.867651
92.737198
96.059073
78.882721
91.918325
92.132982
86.363061
92.416236
81.931948
81.845902
102.459483
91.312804
88.951737
85.368644
94.817545
94.209433
93.818609
111.879855
92.783926
94.918929
99.443413
93.096633
73.418136
74.134920
85.727201
80.686435
89.785812
91.837334
85.221463
85.765887
81.335252
91.086816
86.464121
89.712448
97.585490
101.436951
97.656875
110.888876
105.144435
104.002660
105.099203
102.486720
101.548077
104.460556
108.314267
104.597995
110.673642
109.699423
104.569287
90.559012
79.292359
92.985626
87.325244
99.577717
106.219143
90.294735
91.464727
96.888749
96.185970
98.745193
86.200527
101.473420
95.684952
90.281477
99.675482
91.701912
91.286255
90.587114
99.474154
101.301427
98.239625
102.127967
108.337752
106.855130
105.184010
103.542520
91.415217
91.413312
87.226255
101.280542
96.078769
97.308445
88.944310
94.812533
99.017072
94.834217
102.120661
93.565760
99.568142
99.352685
92.873403
96.436188
96.533245
90.575564
90.676968
95.512088
95.315174
91.559537
83.932840
91.079500
86.902044
88.220897
83.578545
92.867267
82.791210
88.842137
92.832162
90.505394
87.464569
81.811408
90.662236
85.943567
93.624572
101.907971
83.391597
97.556592
96.660924
86.450753
96.583419
96.641893
86.600214
98.697362
98.063233
98.741027
88.397997
96.078048
92.524500
95.876704
91.103952
94.117137
95.566647
100.035478
87.810515
99.566196
90.708817
85.982641
90.853308
91.180990
89.609504
98.528063
97.533851
107.539400
112.584328
122.980141
89.116810
89.452728
86.550285
87.047814
90.826199
91.354911
94.162018
97.568133
89.777593
90.810728
90.377208
91.375496
91.294479
92.928062
96.310867
86.012912
93.918250
94.875828
85.295170
98.390743
93.876339
97.514385
93.186279
94.094057
87.170193
91.736508
84.660336
80.475826
92.652108
89.564159
86.502191
91.666620
94.773335
88.202473
84.954049
85.420529
85.093901
81.374948
85.027168
73.418107
100.953731
86.521102
89.763725
98.456838
98.280499
76.931098
86.297831
76.861971
86.247649
82.226805
105.826532
102.188988
97.975823
93.666073
94.601346
100.527582
104.360577
86.882053
82.770919
82.777180
97.844531
100.945311
98.757848
76.928733
85.714703
76.859149
81.028378
82.147598
82.033813
89.935926
107.368412
89.866779
85.592040
97.524721
94.645800
100.884593
77.009303
89.985065
84.637719
101.690406
81.724363
86.343708
89.627255
93.027411
90.738138
86.523649
88.001698
86.053349
100.721495
102.804988
83.609251
83.631692
93.542241
89.744322
93.732873
98.117524
95.250860
90.331133
90.870011
95.297261
103.551504
116.596059
98.568264
98.393696
99.248912
98.301628
98.369268
96.426612
92.467426
86.699090
94.817189
96.342310
91.211823
106.074363
101.261681
101.186348
98.555303
99.663219
95.630714
101.183973
95.728827
93.720824
92.815652
82.769781
79.400235
82.989941
97.302899
83.016160
98.227829
82.772858
88.133814
85.372160
81.116250
90.511724
86.879823
90.451325
87.042165
86.156189
83.635119
87.860686
97.173766
92.742550
98.202331
90.554584
99.587177
113.348445
104.229142
98.937367
98.994559
100.258094
106.711107
107.891756
100.610910
104.480562
107.421016
93.067994
105.894257
107.919110
100.009866
99.049197
100.641907
93.326118
93.309441
85.346382
85.966273
98.147876
91.509514
95.497917
103.080409
96.208025
94.513911
96.396242
103.226058
103.900311
103.326702
105.482083
99.411371
104.399688
85.626125
94.514806
81.849393
94.819056
92.331355
94.350066
86.969483
102.202699
73.392131
89.894583
86.635368
85.913695
98.152123
98.300400
100.614677
98.301051
94.932431
94.728397
84.259747
101.332261
90.620213
86.361727
93.020952
87.959997
86.957399
86.999264
94.096438
97.349840
99.692576
93.251143
97.418180
85.929834
85.237403
97.456233
85.312409
87.585015
96.581785
87.767023
94.486663
90.470991
102.295831
81.500048
81.556053
101.150518
102.254101
97.106857
104.440603
93.698756
97.398953
93.556790
95.874323
100.465424
88.271671
100.169885
87.760082
91.104252
103.460303
103.220598
103.533163
109.757037
97.253298
92.355782
86.452121
94.439522
95.916346
101.302439
101.836493
102.475758
88.378624
97.465469
106.216529
91.920181
92.095097
90.279863
83.237254
86.243222
86.268219
94.332761
98.779165
96.409558
87.745112
87.801592
94.281343
87.757548
90.470958
85.389005
94.734602
97.969946
87.619941
95.353050
91.786179
106.185026
107.547301
102.247838
101.199954
94.971562
96.425343
102.564371
102.582059
99.528375
100.879228
103.637085
99.955418
98.702998
100.768987
85.673983
85.481348
86.242508
85.668353
96.723320
84.266531
89.797368
77.306062
89.204291
90.573578
80.351613
92.652144
92.044031
94.267361
89.390927
92.138125
102.978507
97.458006
95.042768
94.456843
99.823322
95.344273
99.876838
95.783460
85.697846
85.332903
93.192740
86.662792
95.025528
97.278756
97.928941
92.550015
82.608629
97.758379
90.346877
85.351974
90.332407
80.221864
81.642974
81.579941
85.362011
87.828498
83.463470
90.036279
87.958066
89.088827
102.260097
101.543670
94.704817
90.996722
91.737712
85.464903
81.980271
90.200544
86.834835
90.258224
85.276075
91.821211
81.794427
83.044117
119.137192
105.928757
89.852237
93.264271
93.283543
93.766974
97.274267
87.264457
88.479047
87.302532
100.845305
97.904671
97.327733
95.592259
89.672258
81.147507
93.282465
92.278986
96.101330
85.272971
92.478478
97.205773
82.223173
86.391783
86.212096
97.216846
101.587230
107.993345
88.958894
93.913223
87.705188
91.695306
85.130302
90.382703
113.621867
82.159508
89.788613
85.505407
87.100701
81.625009
96.573587
81.467966
82.618264
96.579929
90.286321
86.002860
89.989575
92.374321
91.103730
87.590659
91.678950
85.928822
78.450502
90.984060
87.086783
91.471015
92.635419
87.608300
86.413312
85.051554
86.194565
85.691278
91.922827
90.185143
86.071523
90.346742
81.145658
94.630571
93.929223
86.621954
95.988776
95.473938
88.882734
90.424577
91.989004
96.200276
88.211179
93.035588
106.733840
94.132411
82.770330
73.202098
82.229286
81.651548
81.561211
86.388909
81.521271
86.865660
85.242277
84.184674
80.907628
80.787130
80.983437
84.612124
88.930438
80.219491
86.278997
82.799439
80.062367
83.630521
97.926191
92.288270
92.945314
91.950174
91.819259
88.869988
90.573242
81.033746
89.995165
86.345914
91.335538
91.229113
87.672418
86.390028
82.620453
86.295610
87.609095
91.722041
88.429230
96.670643
83.967436
92.960538
78.596437
78.653623
78.505763
92.925751
82.857498
82.668725
77.574049
86.937534
99.990258
98.963144
86.459651
94.665833
95.569297
92.593300
93.753184
81.828528
91.241974
91.895064
98.234884
97.631746
82.587485
77.908834
96.894018
90.258944
89.526184
79.824770
86.614629
87.249221
91.863152
83.371308
92.178786
85.069244
87.088716
92.268137
84.701659
87.862740
77.645246
90.600575
91.467135
88.983264
89.034230
77.660736
85.697590
82.676647
82.114218
78.570986
77.904229
96.914871
81.790646
81.752193
93.954258
89.677562
93.229387
98.632608
78.612385
86.890286
87.753470
92.843106
85.544267
85.760916
76.860395
86.928762
86.323354
86.436848
88.688721
83.031802
90.973253
82.682389
82.629584
91.093648
90.994811
82.609433
93.744814
93.135233
89.116522
86.478268
82.803153
89.091040
87.065084
82.559590
80.249800
81.466276
80.970586
80.442708
82.713745
82.182254
77.741071
82.844291
81.994167
76.758585
76.743875
98.173211
85.374988
77.962379
81.921107
97.304491
102.683238
86.489318
86.933761
85.814863
81.249260
91.401008
89.900746
95.724120
100.021270
94.936542
94.927595
96.435444
91.143741
87.381822
96.727228
97.921160
108.026763
108.724772
85.684497
92.898593
106.615869
89.207193
90.020665
81.867608
86.939076
91.019484
90.590442
90.510807
87.804345
83.522027
100.930564
87.193896
86.920939
101.895762
87.674733
90.418680
89.641672
93.121532
95.517730
93.237607
94.605029
96.990329
96.407217
99.202385
92.991153
96.409423
96.854304
90.967868
94.807118
80.799834
85.618837
101.156348
91.223467
91.438445
95.656734
88.051078
98.849160
82.406747
99.491787
98.888717
81.063294
86.412081
90.612676
90.038010
92.376134
91.307842
87.197622
86.869419
97.982084
100.347648
86.400567
73.596564
81.484212
103.656212
97.329375
100.831901
99.068558
66.708533
78.810073
98.219785
91.103738
90.201049
98.265209
102.577009
98.363308
99.567323
112.048654
91.687393
83.470284
83.546104
86.790769
83.235048
87.725117
81.705493
81.689796
92.769876
85.655990
85.420798
85.583339
85.624220
96.382524
95.486391
110.986728
110.128620
110.288387
104.983458
97.814834
109.313218
113.149977
105.195881
106.885237
106.802526
107.249430
111.764693
106.141078
115.250698
95.743922
91.159585
96.619347
91.203643
102.955307
98.749883
92.555785
87.613558
98.005105
90.311780
91.205390
90.877127
87.714335
91.348256
92.011740
81.466277
77.442753
83.047493
84.214406
81.031664
84.847192
81.336152
80.465807
87.566417
94.664666
85.478740
86.050394
85.983306
89.548237
95.057642
101.191609
100.690791
96.466505
100.721533
93.857719
110.345462
108.653470
99.353571
107.139894
99.198960
97.622123
99.310665
99.293960
94.398080
94.416139
96.346037
87.130162
95.029486
90.496024
107.915729
106.320723
99.312913
93.180634
100.250669
90.403704
90.387997
94.774924
90.932945
85.852347
92.160398
87.093215
80.278442
89.771308
86.272410
94.487989
89.238524
94.411086
89.778416
86.822641
95.051667
89.821967
94.327445
89.898689
90.386770
90.016113
101.617207
98.799321
88.784926
101.597750
103.053189
104.738158
103.897145
108.701226
110.634871
110.491138
115.546597
113.311225
107.853943
110.772064
110.120836
104.134653
102.863664
109.583825
96.389369
95.050244
99.529663
100.810730
115.249896
119.736799
105.026487
96.591742
95.629465
102.667053
96.543209
100.112363
82.495941
89.756004
89.244131
89.887273
94.924124
89.140157
105.683391
106.632477
100.696676
110.731370
105.361776
110.749610
123.146134
123.158501
123.117022
123.050086
117.855854
114.459077
123.502368
120.442795
121.057663
119.157086
118.538984
104.285948
96.056216
101.424095
96.550802
86.635767
87.775281
105.236823
99.927244
82.674724
79.441962
82.752394
81.899832
89.574037
92.293873
95.211373
94.513549
90.096039
90.679147
83.020370
84.278447
82.236992
70.043656
74.225613
86.326783
100.849175
99.455229
100.944445
86.554215
94.573299
87.962356
88.821406
92.975617
88.999556
81.742507
89.709917
91.290782
87.917556
78.008971
79.304106
84.395606
77.479871
74.124657
91.371348
87.124873
90.893358
81.987179
81.922544
80.683419
80.683385
88.158849
88.306686
80.404391
91.058682
81.561204
81.528636
77.485807
87.392702
84.646750
87.471835
84.934048
84.845363
93.129008
81.680461
87.163747
86.899631
85.228178
77.376228
80.883587
80.982998
95.783818
85.975420
96.342620
104.714569
93.512951
104.803419
112.398274
109.615453
76.952334
82.863132
93.532473
81.726617
89.805507
80.832856
80.823891
86.120191
86.735265
87.218760
90.101397
106.451348
76.901734
86.258457
73.362216
90.580587
81.918823
84.503534
86.031921
86.142762
91.195403
86.018493
86.438008
87.104733
86.945778
88.199896
95.417508
85.315085
92.269111
94.601811
95.659824
91.433587
90.496375
93.766821
93.632188
93.844069
104.996640
88.574992
89.703620
85.248508
86.406421
85.889699
85.764373
91.467265
85.800664
84.796179
89.111550
96.133534
85.323987
85.329982
88.026783
93.812395
93.886454
82.523440
78.223347
93.131596
92.610575
93.804903
86.231467
81.114927
103.799880
100.683964
82.972820
99.550836
81.011956
82.202096
82.051020
87.088543
80.970296
86.839576
87.173607
81.768813
97.071675
96.890384
92.125470
89.579844
85.208297
91.840470
94.413465
81.057380
85.199850
93.369619
93.485545
80.186261
80.712278
82.304836
91.524572
83.737497
87.638902
86.416014
91.540967
82.515946
90.215421
83.891446
92.249767
87.299270
88.609490
76.494700
91.663646
82.738450
112.848844
116.253575
86.583675
78.883914
82.385969
117.134698
115.819985
114.891644
134.763960
96.487625
82.320787
101.669916
81.652813
79.913491
80.763946
90.053835
93.797576
84.318265
84.225094
78.489393
82.504791
89.798111
90.677280
86.981687
85.703718
85.374949
89.046111
89.203481
80.489289
76.924483
98.250036
80.961123
91.188697
87.611283
85.918188
86.973868
88.892618
93.999778
88.857723
84.628128
81.047414
90.698991
96.149754
81.107144
89.804039
85.927623
94.073787
92.360493
87.047625
91.904565
90.779416
98.254560
86.094486
81.791591
104.101368
85.555890
73.363353
93.957892
85.317451
101.796923
100.785328
101.148672
97.227736
120.051510
88.309381
81.762123
90.753754
85.976131
85.737877
92.602340
89.828192
85.290703
90.831876
86.540841
89.920578
81.745328
89.293169
92.548934
86.555894
89.838048
86.493612
88.952838
87.450843
89.777962
86.593950
92.406723
79.147375
90.773922
80.044266
78.824804
76.797308
77.868152
81.046820
82.223674
94.278695
90.729753
93.575561
94.281238
98.118546
81.513930
91.682364
87.396005
100.812462
94.592779
76.601641
76.635832
76.758018
81.398133
81.394433
87.750989
96.369458
83.629886
94.671968
97.276705
82.149676
83.293270
79.160601
79.157190
87.277942
83.532006
98.539077
95.766413
90.370571
102.025700
102.645342
95.986930
90.300518
94.264598
94.916645
89.198478
99.561552
82.149483
81.040385
89.317251
93.616857
95.102455
95.094182
95.812958
90.736807
94.542067
90.787490
94.925004
92.210809
90.444100
84.319288
84.728216
84.695682
84.670289
91.728091
81.479883
85.340900
81.501432
93.983320
93.690924
94.267513
100.243022
80.913273
92.947612
98.143682
94.409599
92.896597
87.697901
103.029095
92.617592
92.638513
83.314143
77.597744
82.140115
82.223467
90.054323
87.783317
91.723562
79.302957
78.708196
81.161367
92.111508
91.167099
82.242718
81.141693
81.583663
82.862081
87.678493
105.479070
105.385072
101.236584
104.395382
104.288157
102.414007
99.647162
99.622078
100.210574
100.582144
101.173099
95.684654
95.588223
104.238781
102.365172
91.410403
96.879888
92.927419
92.854200
91.396839
92.380394
89.198076
101.930239
93.823121
97.941639
91.271370
95.486425
90.393714
100.193910
107.332406
114.993774
112.083469
94.001719
93.645480
85.056612
86.350590
80.174123
80.223851
94.289920
92.490388
90.920941
87.292955
93.159118
88.698137
85.761576
86.325527
96.453357
81.634885
78.732499
78.700116
82.266306
82.983720
81.589384
81.590189
93.911055
90.201709
86.992487
82.561775
82.102703
80.754276
82.441375
84.737481
80.950845
86.782161
83.412963
82.730044
92.905290
82.097729
77.748336
82.737902
77.145406
84.926257
78.428503
87.420591
78.565074
78.013209
80.572698
84.542722
73.266842
84.631565
77.245852
76.799511
81.282208
84.229099
91.633502
82.638344
90.430039
76.709867
76.615213
91.118277
86.176707
78.113970
80.514369
74.534722
85.054246
85.023662
84.153695
81.372410
80.893238
80.956429
85.883640
86.499070
83.108786
87.440226
86.839545
86.030882
110.954035
111.782918
84.954550
84.896270
86.825825
86.819529
90.606069
97.634947
92.151894
95.628768
90.512088
94.064503
144.272594
60.025593
117.673014
117.335196
114.366541
116.574495
86.096565
96.127923
96.266275
92.846002
103.477113
87.670460
95.266619
94.662259
86.352603
93.745774
91.859772
94.217458
94.832161
90.673065
89.851086
85.852926
85.238308
91.232189
102.495556
86.455016
106.478669
96.323928
91.269581
76.916313
74.575798
78.017078
77.262450
78.513785
91.966557
91.466614
90.926703
91.526496
88.178136
86.411461
86.917743
95.880514
94.655465
89.419612
84.149520
80.751622
84.019867
88.404708
84.676638
77.343444
85.449486
86.143163
121.877691
97.851125
85.520744
76.901076
73.464666
82.115759
70.030491
153.702546
