216.707396
216.707434
216.702585
216.777806
216.824428
216.737765
216.856416
216.635945
216.675213
216.705687
216.744888
216.747672
216.712350
216.703370
216.668783
216.752155
216.708275
216.669568
216.707828
216.671465
216.709476
216.635835
216.670423
216.746159
216.667240
216.671610
216.748921
216.744648
216.600457
216.633670
216.634840
216.744428
216.742129
216.820309
216.749970
216.787290
216.877129
216.824957
216.826568
216.844726
216.867879
216.745851
216.743228
216.708095
216.796837
216.667336
216.706829
216.633588
216.706169
216.746501
216.749983
216.669663
216.832299
216.928946
216.828002
216.705077
216.705644
216.743946
216.737415
216.741403
216.707906
216.600337
216.668925
216.706523
216.710344
216.680045
216.739140
216.668414
216.746840
216.787814
216.708469
216.672921
216.637320
216.641009
216.634715
216.669593
216.781104
216.745871
217.033686
216.754254
216.755137
216.830604
216.844378
216.750558
216.673890
216.634761
216.668042
217.051635
216.669073
