345.301869
345.268046
345.266970
345.337454
345.338282
345.272566
345.378744
345.376194
345.235946
345.269204
345.199452
345.302741
345.372593
345.371984
345.373376
345.339027
345.376123
345.270170
345.343082
345.339964
345.303917
345.343370
345.236158
345.301022
345.301543
345.370855
345.337122
345.303141
345.267705
345.336585
345.266969
345.268620
345.235097
345.375006
345.267562
345.375328
345.376425
345.378715
345.268113
345.377753
345.339982
345.411215
345.378746
345.269690
345.269176
345.412288
345.380132
345.416750
345.340967
345.301602
345.301267
345.542074
345.304578
345.341020
345.376515
345.305859
345.339201
345.542054
345.340621
345.379307
345.340562
345.300587
345.266353
345.375743
345.340384
345.341467
345.376578
345.338040
345.304325
345.447601
345.487717
345.375755
345.340335
345.373608
345.375491
345.373891
345.381233
345.412624
345.377539
345.269670
345.377062
345.341598
345.338373
345.374243
345.301261
345.374385
345.339081
345.338873
345.338916
345.337927
345.372744
345.450701
345.373835
345.409489
345.335271
345.302835
345.302947
345.301325
345.304006
345.339378
345.304267
345.302428
345.268147
345.303689
345.410774
345.305378
345.375526
345.302566
345.306406
345.378251
345.268778
345.377111
345.414495
345.375068
345.454483
345.450927
345.454296
345.450449
345.373826
345.374492
345.493620
345.304356
345.338279
345.373890
345.415264
345.373720
345.444599
345.371179
345.370129
345.373773
345.370922
345.302392
345.303643
345.338574
345.372541
345.373763
345.335903
345.375943
345.342203
345.301080
345.302816
345.372508
345.380133
345.410951
345.408980
345.374743
345.302135
345.302117
345.410357
345.375209
345.340106
345.305553
345.305834
345.410885
345.409177
345.337419
345.443709
345.370160
345.340301
345.408536
345.338175
345.373006
345.407625
345.371425
345.335177
345.370683
345.337407
345.337204
345.374082
345.374080
345.375694
345.342324
345.267093
345.377238
345.271024
345.372436
345.481523
345.447268
345.481826
345.483844
345.484629
345.372116
345.266769
345.372225
345.447185
345.446354
345.338970
345.373027
345.372745
345.410703
345.267087
345.337776
345.267113
345.300511
345.372788
345.372331
345.267069
345.371779
345.267579
345.372788
345.371790
345.339632
345.382555
345.270202
345.269209
345.336067
345.339058
345.338757
345.342469
345.380237
345.269717
345.525581
345.340110
345.340482
345.453639
345.342277
345.486881
345.445949
345.577531
345.413486
345.334724
345.302469
345.338350
345.266492
345.264847
345.271796
345.412753
345.305028
345.233543
345.337506
345.339095
345.301898
345.374350
345.373306
345.373321
345.339304
345.445604
345.374904
345.373029
345.373043
345.338444
345.480562
345.483310
345.338291
345.303733
345.372827
345.410637
345.372200
345.372999
345.448556
345.335710
345.448586
345.334719
345.375067
345.414107
345.266532
345.267625
345.265505
345.374823
345.375487
345.494708
345.270284
345.376448
345.380438
345.342581
345.341004
345.340055
345.336131
345.411577
345.267865
345.301323
345.301632
345.375176
345.373345
345.375883
345.380443
345.374781
345.338297
345.338533
345.414186
345.446291
345.484313
345.340602
345.342264
345.409209
345.339297
345.335113
345.336449
345.329798
345.451802
345.338787
345.374948
345.620275
345.580073
345.339482
345.451894
345.304578
345.377783
345.340567
345.306483
345.267529
345.303146
345.304267
345.268647
345.272472
345.266454
345.621153
345.580247
345.579750
345.621046
345.567625
345.525516
345.525519
345.568124
345.578959
345.578966
345.657119
345.377237
345.374227
345.411230
345.378033
345.410742
345.341403
345.306934
345.445426
345.375813
345.620926
345.656216
345.408701
345.375543
345.341596
345.451690
345.339820
345.371266
345.337866
345.449787
345.339429
345.411409
345.410612
345.561816
345.376234
345.338428
345.339113
345.451648
345.374357
345.375263
345.375756
345.454357
345.457109
345.455183
345.373041
345.338379
345.447465
345.301558
345.302064
345.335800
345.453487
345.452833
345.451623
345.495121
345.453233
345.374581
345.371703
345.372178
345.371704
345.375838
345.342507
345.375551
345.375511
345.338899
345.447593
345.448391
345.378434
345.340792
345.373937
345.267212
345.375753
345.340961
345.340602
345.305533
345.410341
345.305215
345.409209
345.376036
345.341308
345.542854
345.270566
345.412079
345.265859
345.375291
345.338425
345.339432
345.379691
345.340194
345.338085
345.373613
345.375084
345.373071
345.266821
345.267288
345.372429
345.377254
345.267279
345.337762
345.302396
345.302368
345.377805
345.377445
345.370582
345.372436
345.371885
345.304022
345.374887
345.415262
345.450450
345.302964
345.302678
345.381109
345.266804
345.267256
345.232480
345.378955
345.338944
345.339489
345.338154
345.379252
345.377879
345.489288
345.379408
345.339844
345.338817
345.339087
345.304561
345.372856
345.338328
345.338615
345.339843
345.338839
345.339109
345.480529
345.483308
345.376066
345.266345
345.266770
345.376329
345.233258
345.231682
345.451186
345.410720
345.414791
345.342334
345.380907
345.377592
345.301073
345.411764
345.267294
345.577984
345.453678
345.456580
345.456594
345.456113
345.416701
345.269703
345.304468
345.339262
345.301797
345.339260
345.266416
345.412970
345.268888
345.268587
345.301912
345.343225
345.374652
345.342546
345.447131
345.412049
345.412522
345.373374
345.339067
345.414978
345.336033
345.339283
345.305579
345.339119
345.306187
345.337189
345.337724
345.338691
345.306120
345.341918
345.414556
345.340766
345.416079
345.416265
345.417524
345.416847
345.456014
345.449563
345.456526
345.450588
345.455976
345.453823
345.418066
345.374067
345.271647
345.269133
345.269213
345.375362
345.340711
345.306724
345.340500
345.377847
345.303136
345.412093
345.417556
345.543585
345.376151
345.449926
345.452450
345.451957
345.340402
345.375874
345.453136
345.338740
345.373063
345.375721
345.305582
345.373347
345.304310
345.337550
345.419206
345.419504
345.411107
345.415276
345.446654
345.412051
345.452168
345.452466
345.410699
345.409736
345.490384
345.487553
345.490668
345.487061
345.268646
345.269522
345.299340
345.267105
345.338602
345.233538
345.232131
345.303753
345.266007
345.338657
345.338556
345.452147
345.410445
345.233230
345.234020
345.306180
345.230724
345.303654
345.375832
345.376005
345.413018
345.299919
345.377646
345.375236
345.375074
345.493254
345.374189
345.375692
345.304714
345.302725
345.302751
345.489430
345.375052
345.371845
345.265659
345.302977
345.303295
345.338013
345.338000
345.488932
345.566882
345.486736
345.612472
345.372980
345.373842
345.374871
345.486245
345.411604
345.302452
345.301953
345.301593
345.371716
345.300971
345.265482
345.265975
345.299227
345.641469
345.334811
345.376135
345.271587
345.371753
345.414579
345.336699
345.337018
345.373678
345.338217
345.338202
345.373577
345.373097
345.371193
345.337966
345.299981
345.300278
345.302178
345.302367
345.303289
345.339376
345.267376
345.233830
345.267093
345.373369
345.338842
345.374262
345.299839
345.301848
345.303755
345.336120
345.371262
345.337634
345.336773
345.267266
345.336858
345.265700
345.232456
345.233778
345.339960
345.413629
345.302147
345.301152
345.338005
345.410636
345.336923
345.375870
345.376622
345.375840
345.376733
345.411414
345.376638
345.375831
345.338369
345.337520
345.375031
345.417220
345.449161
345.489203
345.455573
345.374402
345.338757
345.489310
345.455376
345.410389
345.373357
345.371769
345.410991
345.335273
345.374865
345.410526
345.417298
345.416987
345.372957
345.374410
345.450544
345.339237
345.450540
345.373226
345.373210
345.411402
345.376053
345.336572
345.305754
345.374625
345.375547
345.450424
345.339943
345.450430
345.409597
345.375218
345.377388
345.492289
345.489037
345.338153
345.372029
345.333376
345.334374
345.410762
345.301110
345.454557
345.454743
345.531089
345.488255
345.375705
345.337198
345.373531
345.374447
345.409097
345.376945
345.448548
345.449775
345.414238
345.410164
345.337748
345.337208
345.337598
345.336543
345.374497
345.332482
345.374381
345.410172
345.409273
345.301111
345.408909
345.301100
345.333358
345.335385
345.335716
345.441883
345.410965
345.408152
345.371071
345.451095
345.304158
345.409567
345.372760
345.408311
345.448937
345.373096
345.338391
345.337554
345.300306
345.338337
345.449157
345.370728
345.372080
345.373072
345.407827
345.449250
345.373922
345.373397
345.375876
345.302387
345.301881
345.410120
345.337913
345.336852
345.375602
345.334100
345.335717
345.300007
345.409604
345.299491
345.370443
345.370453
345.370947
345.448539
345.411524
345.411732
345.415526
345.490664
345.488786
345.485081
345.373052
345.482355
345.448767
345.410294
345.446432
345.483829
345.455335
345.413635
345.411214
345.448598
345.339076
345.480764
345.455363
345.376084
345.494490
345.495787
345.375187
345.413829
345.413638
345.379164
345.372858
345.373661
345.341531
345.337505
345.408324
345.303258
345.374017
345.371781
345.373885
345.337522
345.443182
345.443097
345.336805
345.335864
345.370125
345.373241
345.410682
345.342629
345.303651
345.301887
345.372175
345.372222
345.373517
345.445951
345.409346
345.373732
345.451510
345.341005
345.451504
345.444548
345.373908
345.374452
345.445096
345.339408
345.406183
345.522586
345.372321
345.372847
345.373083
345.407276
345.337806
345.410273
345.410006
345.410285
345.408929
345.375735
345.486243
345.410701
345.448715
345.409644
345.376872
345.410798
345.375952
345.375900
345.413015
345.455775
345.458980
345.454960
345.486564
345.497828
345.493798
345.375024
345.412619
345.377903
345.374516
345.489231
345.375349
345.487811
345.528529
345.451911
345.445559
345.444350
345.337205
345.377954
345.338792
345.372340
345.409154
345.372766
345.340205
345.377221
345.339201
345.452467
345.452939
345.338373
345.417205
345.410952
345.445578
345.407972
345.337310
345.338820
345.377176
345.409970
345.445808
345.488031
345.487560
345.371517
345.337489
345.303480
345.336716
345.303580
345.374831
345.373772
345.450011
345.369730
345.372897
345.449239
345.337533
345.374277
345.373370
345.407031
345.375567
345.486815
345.376345
345.486818
345.337513
345.373482
345.336964
345.339729
345.302740
345.370272
345.483898
345.372413
345.338672
345.373018
345.337026
345.370750
345.408593
345.371841
345.339099
345.374824
345.339190
345.372939
345.409434
345.372940
345.485192
345.373502
345.409387
345.445511
345.411921
345.377137
345.304766
345.410077
345.306180
345.417656
345.418900
345.305377
345.409796
345.410986
345.336876
345.337946
345.374851
345.410284
345.409984
345.373845
345.443950
345.445956
345.337233
345.408178
345.370511
345.442490
345.339866
345.338214
345.449735
345.486888
345.339209
345.449738
345.373597
345.340071
345.372768
345.411181
345.412554
345.412982
345.446363
345.453695
345.453202
345.412618
345.377260
345.412633
345.411505
345.375348
345.374759
345.487256
345.373020
345.374790
345.528738
345.526980
345.373955
345.376507
345.375415
345.374116
345.306207
345.339654
345.373652
345.304907
345.374615
345.450530
345.375055
345.341793
345.339716
345.450843
345.486958
345.341136
345.450856
345.407690
345.450053
345.337171
345.375042
345.303441
345.452282
345.529566
345.488160
345.444500
345.446567
345.452487
345.411348
345.491335
345.525839
345.529121
345.531069
345.494614
345.528309
345.377433
345.338365
345.338758
345.527668
345.450177
345.377338
345.375590
345.373879
345.373896
345.302957
345.372494
345.378610
345.412013
345.305298
345.377888
345.304743
345.492737
345.562481
345.599359
345.560898
345.339271
345.409361
345.374892
345.304264
345.408938
345.413982
345.335698
345.489772
345.413490
345.445445
345.378149
345.451374
345.451413
345.410516
345.490902
345.456418
345.376429
345.304199
345.268860
345.268334
345.375575
345.491456
345.617246
345.534122
345.493408
345.489862
345.490637
345.535268
345.583202
345.533312
345.379901
345.337517
345.304553
345.448867
345.336978
345.302792
345.301592
345.335359
345.336120
345.301917
345.448861
345.406065
345.373327
345.447308
345.267599
345.267577
345.342387
345.304405
345.303579
345.266800
345.342334
345.300039
345.301634
345.343138
345.233553
345.342570
345.266305
345.267878
345.299520
345.300350
345.407590
345.406599
345.407870
345.300825
345.266794
345.375380
345.373377
345.339025
345.341299
345.378927
345.337203
345.369886
345.300176
345.299698
345.338812
345.371506
345.300494
345.338391
345.414712
345.378502
345.413829
345.414034
345.339900
345.407211
345.407240
345.374874
345.377701
345.413628
345.411344
345.375543
345.337285
345.414094
345.340628
345.341495
345.414107
345.413634
345.416808
345.267844
345.373354
345.374891
345.233827
345.233012
345.232727
345.304255
345.304557
345.341230
345.304481
345.265678
345.337417
345.371394
345.371097
345.370636
345.371696
345.301835
345.266464
345.336611
345.372265
345.303226
345.303999
345.414403
345.268383
345.302130
345.372056
345.269270
345.299143
345.231337
345.232137
345.338474
345.372927
345.306132
345.301305
345.335066
345.333759
345.411351
345.301379
345.335401
345.335278
345.448032
345.339174
345.339364
345.447129
345.336580
345.301518
345.374317
345.305187
345.268334
345.267245
345.300596
345.407875
345.374046
345.299801
345.333851
345.447582
345.413272
345.301875
345.335350
345.336137
345.373109
345.370157
345.485484
345.373588
345.302965
345.408844
345.337217
345.443581
345.371018
345.336987
345.407576
345.300315
345.373193
345.407382
345.372712
345.447363
345.300799
345.371728
345.302047
345.372487
345.373515
345.305023
345.338438
345.373984
345.448123
345.480516
345.370895
345.372490
345.300194
345.339453
345.303490
345.339613
345.266741
345.337663
345.337402
345.337212
345.373538
345.374061
345.338543
345.446079
345.447302
345.447317
345.338356
345.304010
345.338810
345.303703
345.337842
345.337015
345.447173
345.413679
345.448963
345.414967
345.412614
345.267353
345.339410
345.417469
345.339355
345.340997
345.343174
345.338301
345.339704
345.373311
345.267877
345.339002
345.372873
345.340002
345.335064
345.340874
345.414317
345.372605
345.443118
345.524260
345.339980
345.339096
345.376203
345.412012
345.410186
345.341908
345.341542
345.447726
345.411101
345.410637
345.342327
345.412049
345.446399
345.406885
345.371511
345.338266
345.339688
345.409356
345.408345
345.485008
345.372224
345.338576
345.338491
345.374687
345.372317
345.409823
345.410168
345.413846
345.412473
345.336931
345.303336
345.301009
345.301817
345.342388
345.267290
345.338428
345.337860
345.377384
345.377111
345.268884
345.268369
345.372205
345.371347
345.452252
345.337279
345.373934
345.375284
345.410003
345.374452
345.405457
345.405116
345.485655
345.337834
345.372019
345.413233
345.373315
345.374311
345.302357
345.301552
345.341899
345.446314
345.448052
345.337689
345.372161
345.370938
345.410078
345.337980
345.443132
345.336502
345.407639
345.371250
345.444074
345.521419
345.479423
345.416293
345.269118
345.268236
345.300805
345.407228
345.450032
345.302824
345.301960
345.372581
345.336533
345.299840
345.334380
345.371839
345.414661
345.267651
345.339661
345.337794
345.337853
345.449240
345.337764
345.373494
345.373302
345.560943
345.372480
345.407865
345.302111
345.302128
345.373656
345.337387
345.303732
345.450727
345.407951
345.337451
345.338663
345.450091
345.370867
345.375135
345.301913
345.302517
345.410093
345.334072
345.335358
345.334850
345.408530
345.301140
345.300637
345.333687
345.414113
345.410873
345.409249
345.372097
345.371286
345.417643
345.414809
345.309826
345.415818
345.380235
345.304992
345.340263
345.234273
345.379977
345.306648
345.346471
345.372319
345.371799
345.301890
345.301011
345.483665
345.550716
345.371016
345.409303
345.374723
345.410071
345.408436
345.339079
345.374877
345.373541
345.338264
345.338548
345.409792
345.409792
345.409473
345.267520
345.337771
345.338538
345.375887
345.301897
345.302410
345.338592
345.267038
345.304427
345.304428
345.302097
345.339873
345.302900
345.412048
345.446702
345.342381
345.274181
345.494896
345.485338
345.412495
345.448632
345.446254
345.488817
345.488804
345.482005
345.447778
345.377124
345.418685
345.418664
345.411385
345.376859
345.376080
345.418435
345.417642
345.373643
345.374108
345.410402
345.446733
345.446539
345.486519
345.375830
345.522554
345.374753
345.486506
345.411973
345.448775
345.447308
345.377052
345.308431
345.411842
345.376132
345.448967
345.454295
345.488945
345.488460
345.374890
345.524562
345.446086
345.490380
345.452123
345.414891
345.526083
345.523522
345.525584
345.491416
345.524292
345.449060
345.530803
345.564175
345.565466
345.410891
345.488009
345.446529
345.447034
345.481747
345.525193
345.524408
345.484137
345.445413
345.481827
345.488801
345.497392
345.409503
345.451855
345.451067
345.411798
345.453302
345.452036
345.375687
345.421317
345.455499
345.452856
345.453801
345.452540
345.412291
345.486710
345.486481
345.483627
345.448780
345.449655
345.489545
345.490820
345.458841
345.556530
345.560468
345.490042
345.493024
345.492251
345.488771
345.566116
345.653290
345.567335
345.617204
345.532174
345.568123
345.383797
345.377811
345.416510
345.416049
345.410713
345.410806
345.340122
345.342450
345.410202
345.408259
345.371916
345.485588
345.452308
345.409731
345.447580
345.334501
345.336096
345.373863
345.416210
345.304851
345.372868
345.373967
345.267851
345.412097
345.338783
345.373659
345.373759
345.374670
345.338241
345.338704
345.301047
345.416769
345.417243
345.337271
345.383074
345.345858
345.373588
345.373871
345.271137
345.268604
345.339865
345.374219
345.407837
345.335067
345.335069
345.410891
345.339960
345.338658
345.373883
345.339033
345.409043
345.409719
345.375111
345.343592
345.340355
345.340331
345.337949
345.375133
345.452531
345.452048
345.529026
345.303197
345.339801
345.341510
345.375155
345.450884
345.451368
345.373112
345.452331
345.452820
345.373770
345.453098
345.414147
345.452327
345.490801
345.568615
345.491561
345.569892
345.490798
345.490499
345.449041
345.410182
345.411029
345.408867
345.445462
345.410484
345.411825
345.488821
345.447128
345.410818
345.376226
345.407915
345.523184
345.408048
345.448501
345.376295
345.409665
345.410824
345.372836
345.677499
345.377004
345.374350
345.410017
345.523995
345.487809
345.377091
345.446626
345.444471
345.411620
345.339706
345.338931
345.372886
345.411964
345.444853
345.444446
345.337509
345.338044
345.448252
345.410266
345.374850
345.486406
345.484716
345.409467
345.340128
345.306737
345.446212
345.446221
345.339510
345.336409
345.336400
345.445980
345.374415
345.338550
345.451562
345.339641
345.339656
345.416898
345.340860
345.416416
345.339414
345.373400
345.451629
345.375740
345.485323
345.371243
345.444555
345.450677
345.576883
345.448334
345.560333
345.483925
345.485464
345.525684
345.534734
345.491102
345.492335
345.453910
345.453622
345.343263
345.418308
345.340748
345.418781
345.414268
345.413394
345.522238
345.373079
345.372548
345.371771
345.373173
345.374222
345.372356
345.484164
345.446090
345.449696
345.450349
345.414740
345.414041
345.449597
345.560473
345.565681
345.452805
345.411056
345.445950
345.446102
345.412142
345.453309
345.377027
345.497060
345.495024
345.341618
345.452083
345.412199
345.413184
345.376064
345.488513
345.494243
345.452569
345.377237
345.413879
345.530199
345.457344
345.488702
345.455792
345.489174
345.379932
345.412548
345.415977
345.341627
345.341134
345.304650
345.375140
345.376322
345.376315
345.375067
345.374721
345.374362
345.376009
345.377411
345.410938
345.338489
345.452567
345.452265
345.375210
345.445926
345.410443
345.377613
345.412539
345.447253
345.410657
345.411461
345.493759
345.375682
345.378582
345.411195
345.337939
345.337126
345.339477
345.375917
345.339466
345.377482
345.307497
345.376426
345.304784
345.338593
345.336725
345.380209
345.306067
345.305588
345.340684
345.337489
345.336671
345.411191
345.304521
345.378094
345.508598
345.379290
345.416424
345.340516
345.233223
345.304482
345.409783
345.303849
345.409127
345.337331
345.336211
345.337758
345.442787
345.409076
345.442460
345.410262
345.374878
345.374193
345.373416
345.374284
345.305347
345.339902
345.373643
345.410217
345.335906
345.484812
345.484034
345.371346
345.372237
345.443431
345.445131
345.408498
345.410119
345.335664
345.335382
345.412049
345.377147
345.374212
345.416245
345.377013
345.336241
345.339949
345.305048
345.304525
345.375608
345.300850
345.300872
345.342115
345.411153
345.374824
345.409947
345.373271
345.307024
345.338607
345.374584
345.340588
345.340030
345.412737
345.374790
345.369128
345.372834
345.371797
345.372842
345.409718
345.370618
345.370061
345.371401
345.486427
345.409536
345.336947
345.541750
345.412733
345.449867
345.449877
345.541286
345.412730
345.302612
345.416060
345.542912
345.414335
345.341766
345.341766
345.414834
345.337405
345.334428
345.336019
345.336365
345.336067
345.337831
345.415424
345.412125
345.452035
345.495524
345.453639
345.341415
345.377542
345.339073
345.337452
345.526032
345.525519
345.487968
345.410277
345.408935
345.410471
345.410746
345.447906
345.447907
345.371984
345.443462
345.408610
345.410180
345.337666
345.373083
345.408344
345.373969
345.374415
345.447621
345.486227
345.486227
345.340026
345.450845
345.408807
345.410478
345.339824
345.342422
345.375789
345.450383
345.302876
345.337719
345.269969
345.302103
345.416210
345.338491
345.416200
345.270012
345.337462
345.267858
345.339614
345.384139
345.384149
345.305108
345.304603
345.372981
345.452081
345.339785
345.452061
345.336665
345.371911
345.338809
345.370726
345.374086
345.340146
345.376495
345.306193
345.450814
345.337840
345.408382
345.341020
345.374988
345.373976
345.373960
345.303003
345.372921
345.375612
345.375004
345.409913
345.411872
345.454155
345.452875
345.375678
345.411024
345.450820
345.339559
345.450819
345.373382
345.408984
345.336910
345.447826
345.452955
345.452954
345.412224
345.446789
345.304556
345.370406
345.335366
345.369714
345.407353
345.336456
345.445134
345.520588
345.370026
345.374150
345.416443
345.303073
345.338484
345.441478
345.302564
345.335277
345.336102
345.371838
345.406056
345.336129
345.418038
345.418327
345.412643
345.527369
345.527958
345.408137
345.408785
345.453251
345.410663
345.413190
345.445628
345.410938
345.452721
345.453961
345.373217
345.338860
345.447634
345.411437
345.452428
345.453668
345.527081
345.526603
345.527843
345.408105
345.578249
345.568645
345.663740
345.372206
345.265985
345.300223
345.373007
345.372225
345.336967
345.265178
345.414395
345.370701
345.337517
345.413265
345.336152
345.302607
345.370916
345.406541
345.369934
345.368890
345.407551
345.372882
345.299500
345.269518
345.303019
345.410254
345.302583
345.338472
345.269499
345.408506
345.303018
345.373063
345.407307
345.339023
345.338699
345.302683
345.301878
345.406951
345.336952
345.304249
345.336940
345.336990
345.410081
345.302187
345.337709
345.409653
345.337754
345.410727
345.370817
345.301047
345.339552
345.450537
345.339102
345.337566
345.445589
345.304222
345.374619
345.408556
345.305878
345.302747
345.377006
345.412251
345.303639
345.301483
345.377875
345.305530
345.374560
345.374653
345.446485
345.444045
345.337825
345.337351
345.335194
345.411600
345.339739
345.374745
345.339731
345.374871
345.408612
345.408333
345.447645
345.446471
345.413304
345.377161
345.303222
345.304097
345.338638
345.451115
345.301714
345.408238
345.451444
345.448728
345.484852
345.414765
345.376122
345.338862
345.447936
345.413694
345.302657
345.336685
345.338826
345.336163
345.337280
345.301889
345.302470
345.336939
345.450939
345.301569
345.407609
345.373435
345.341513
345.375053
345.301879
345.337347
345.303846
345.304593
345.336632
345.373241
345.412531
345.411745
345.267797
345.337435
345.270420
345.271166
345.339814
345.411734
345.335390
345.409494
345.339880
345.338447
345.407855
345.337268
345.338280
345.340862
345.272214
345.339975
345.336099
345.450503
345.303361
345.373900
345.338673
345.339062
345.336088
345.373358
345.369881
345.411549
345.337716
345.370961
345.409153
345.445760
345.372293
345.413499
345.448267
345.343031
345.445440
345.449587
345.376718
345.450030
345.412582
345.336886
345.337110
345.337411
345.300843
345.410953
345.415225
345.451174
345.449693
345.373520
345.413123
345.411866
345.377418
345.419517
345.339154
345.411893
345.376555
345.301807
345.300239
345.374926
345.447901
345.447122
345.518458
345.483470
345.450333
345.371744
345.484329
345.371254
345.372274
345.449674
345.446008
345.413539
345.450502
345.414647
345.486369
345.447755
345.451128
345.372051
345.372888
345.337458
345.337911
345.337904
345.410978
345.371864
345.413872
345.266325
345.371842
345.371568
345.412787
345.301477
345.266742
345.300002
345.339403
345.304309
345.300561
345.301857
345.300775
345.300082
345.375010
345.267085
345.301131
345.267142
345.266054
345.266316
345.265015
345.371762
345.448348
345.450443
345.411222
345.449663
345.300309
345.370997
345.370790
345.409084
345.373650
345.375807
345.410120
345.302691
345.302681
345.375564
345.375851
345.410166
345.409640
345.337502
345.342061
345.414899
345.415415
345.338281
345.337464
345.340848
345.374380
345.335117
345.374372
345.340396
345.370915
345.378136
345.345003
345.379506
345.339680
345.525571
345.560805
345.378948
345.445414
345.412964
345.337257
345.337733
345.304506
345.339904
345.301798
345.302621
345.301028
345.338237
345.409602
345.377126
345.340453
345.414363
345.375455
345.414387
345.341496
345.341263
345.342397
345.266026
345.266777
345.265478
345.304753
345.305061
345.269247
345.491317
345.492138
345.455416
345.490465
345.492145
345.453692
345.453692
345.491900
345.491904
345.378217
345.456109
345.456103
345.374100
345.444530
345.444665
345.337268
345.451306
345.339053
345.452567
345.339834
345.374671
345.374182
345.491904
345.491890
345.450412
345.413038
345.453681
345.456109
345.457368
345.458837
345.459312
345.270214
345.490613
345.455106
345.455083
345.337959
345.338267
345.300899
345.337715
345.338471
345.375008
345.302124
345.336908
345.339471
345.336912
345.338538
345.372871
345.336466
345.336104
345.414324
345.379257
345.490586
345.490575
345.455082
345.338547
345.334942
345.336779
345.411427
345.451066
345.265706
345.267286
345.265984
345.339462
345.341105
345.380450
345.416336
345.302963
345.339472
345.305315
345.380256
345.304261
345.450168
345.373371
345.450782
345.337484
345.337469
345.338857
345.338885
345.373817
345.408998
345.336876
345.374245
345.414678
345.337400
345.377238
345.412967
345.411907
345.410779
345.408536
345.302334
345.335608
345.305692
345.306722
345.375369
345.373449
345.409915
345.409447
345.452188
345.381251
345.383070
345.339815
345.340092
345.378582
345.302139
345.306367
345.341472
345.578679
345.270215
345.270214
345.453598
345.455784
345.418139
345.418423
345.376864
345.410442
345.416899
345.417681
345.376310
345.339967
345.339134
345.494434
345.453106
345.457808
345.409828
345.520244
345.410496
345.528504
345.493463
345.411498
345.453079
345.453083
345.373078
345.408417
345.372525
345.338296
345.372531
345.338294
345.406843
345.486345
345.407719
345.372107
345.486123
345.340433
345.375640
345.338233
345.302386
345.451853
345.374018
345.486381
345.486409
345.409903
345.373672
345.339418
345.374806
345.373466
345.370469
345.336246
345.373977
345.336439
345.303039
345.339740
345.409140
345.339053
345.339057
345.373718
345.373409
345.410357
345.417904
345.417122
345.410687
345.340092
345.410963
345.411275
345.486405
345.528752
345.527944
345.409554
345.342265
345.417313
345.417304
345.373409
345.411300
345.375166
345.371283
345.305395
345.304619
345.303997
345.417681
345.418162
345.373893
345.450848
345.339552
345.450854
345.370995
345.443022
345.374791
345.337177
345.370737
345.485623
345.371554
345.410046
345.373752
345.375532
345.451091
345.452227
345.452236
345.451071
345.338801
345.450037
345.300600
345.375585
345.374839
345.486043
345.529004
345.527240
345.376093
345.374205
345.340532
345.450074
345.375062
345.408108
345.407979
345.373014
345.369095
345.484322
345.335347
345.370717
345.408582
345.336480
345.410715
345.488782
345.487528
345.483614
345.480683
345.301600
345.374240
345.485249
345.410694
345.340046
345.486057
345.530754
345.408535
345.451447
345.451451
345.527325
345.526843
345.492665
345.528109
345.527638
345.376218
345.489156
345.454521
345.410854
345.446083
345.417958
345.456810
345.491317
345.456721
345.453474
345.454303
345.452413
345.413446
345.375563
345.451620
345.453190
345.452405
345.373056
345.411209
345.448812
345.558808
345.408106
345.444267
345.408685
345.523036
345.523042
345.444108
345.374098
345.374973
345.417901
345.337179
345.303780
345.302900
345.451572
345.302316
345.336514
345.301060
345.375095
345.408447
345.375477
345.339590
345.375975
345.414551
345.377438
345.374258
345.522797
345.525185
345.339259
345.450035
345.373489
345.522787
345.524703
345.336487
345.484806
345.407681
345.337886
345.371495
345.338762
345.485689
345.409869
345.408623
345.600148
345.409578
345.487096
345.486602
345.447963
345.303633
345.417183
345.304442
345.416721
345.337562
345.485087
345.336320
345.371762
345.371802
345.407508
345.485656
345.338288
345.409381
345.407344
345.410773
345.451093
345.530984
345.417982
345.409930
345.529691
345.451092
345.413621
345.376450
345.410915
345.530683
345.496903
345.529392
345.452803
345.489707
345.489981
345.529398
345.495639
345.529392
345.375150
345.409862
345.416780
345.416784
345.447387
345.410244
345.446374
345.338353
345.407086
345.340829
345.408728
345.409424
345.375563
345.375554
345.414720
345.412558
345.407356
345.377057
345.448639
345.494343
345.306366
345.345466
345.306862
345.542088
345.412035
345.409819
345.409049
345.411217
345.378393
345.266780
345.266787
345.266816
345.267296
345.375526
345.341543
345.340299
345.380195
345.409627
345.341259
345.343659
345.307121
345.341698
345.379734
345.307618
345.542510
345.342366
345.202673
345.450597
345.338310
345.337525
345.376145
345.236469
345.614424
345.608594
345.487187
345.530693
345.615715
345.580677
345.573253
345.533086
345.488804
345.376904
345.413310
345.579074
345.617848
345.374269
345.449738
345.372893
345.373849
345.373967
345.449445
345.372599
345.373555
345.410009
345.410521
345.484249
345.372896
345.449700
345.372368
345.339654
345.373339
345.484997
345.448430
345.519828
345.519875
345.485568
345.484799
345.449100
345.450484
345.411293
345.448834
345.450169
345.450201
345.412587
345.452683
345.299262
345.300858
345.375113
345.407876
345.299336
345.300324
345.336836
345.375285
345.299224
345.336542
345.337101
345.337889
345.301610
345.410442
345.375395
345.488295
345.339153
345.339668
345.417111
345.417884
345.408991
345.302611
345.373471
345.336368
345.450011
345.373992
345.341006
345.375010
345.408123
345.373502
345.371510
345.483854
345.409927
345.341573
345.451516
345.340763
345.451541
345.375897
345.449600
345.409513
345.486661
345.408122
345.408826
345.409226
345.383145
345.383917
345.375559
345.339166
345.339677
345.417410
345.418203
345.376324
345.410316
345.375558
345.409082
345.563734
345.563258
345.408008
345.304408
345.449219
345.374257
345.406858
345.450555
345.340523
345.375073
345.374640
345.373676
345.444708
345.411073
345.450779
345.408593
345.416293
345.417066
345.408238
345.375607
345.487039
345.410694
345.410060
345.447375
345.446562
345.486038
345.487303
345.444956
345.370813
345.485836
345.373446
345.521945
345.485854
345.409067
345.445210
345.446766
345.449708
345.375939
345.376797
345.339920
345.374712
345.449580
345.411505
345.480802
345.373656
345.375858
345.418945
345.380006
345.419733
345.493746
345.455679
345.530835
345.487382
345.454904
345.492484
345.531308
345.613207
345.602390
345.459092
345.456477
345.455692
345.487407
345.521785
345.408871
345.335868
345.302174
345.301671
345.268607
345.303154
345.377688
345.267305
345.301570
345.267790
345.372018
345.301615
345.338504
345.268664
345.335062
345.338058
345.269985
345.339279
345.338237
345.269481
345.306652
345.304473
345.337427
345.337683
345.448776
345.302761
345.303257
345.303712
345.377351
345.376884
345.343832
345.449477
345.449265
345.483699
345.414777
345.410284
345.338683
345.339161
345.340702
345.270163
345.339998
345.268595
345.340186
345.302894
345.378577
345.452095
345.414592
345.450219
345.410853
345.338155
345.376292
345.373001
345.372522
345.373005
345.266789
345.414546
345.414512
345.414385
345.448044
345.335070
345.334553
345.335480
345.301054
345.377034
345.337394
345.337927
345.338119
345.303698
345.373717
345.409024
345.336971
345.410942
345.301635
345.411529
345.376601
345.409764
345.376162
345.448985
345.445820
345.449713
345.485461
345.446470
345.482068
345.448812
345.483579
345.377653
345.484867
345.372539
345.338948
345.267305
345.339294
345.375978
345.406588
345.303447
345.373473
345.302013
345.268424
345.410283
345.521290
345.446876
345.407869
345.339777
345.408440
345.408638
345.407526
345.335660
345.339319
345.339532
345.374739
345.373840
345.302636
345.373846
345.376654
345.380280
345.449178
345.376250
345.410114
345.413765
345.411965
345.374227
345.374913
345.375240
345.454823
345.340969
345.376565
345.411917
345.450200
345.451854
345.449410
345.411735
345.449326
345.408419
345.408946
345.336618
345.371932
345.336165
345.301959
345.338565
345.371614
345.299458
345.487513
345.374290
345.410143
345.418313
345.418309
345.301607
345.338822
345.302042
345.303612
345.306311
345.420114
345.487565
345.457862
345.487551
345.487558
345.457855
345.411019
345.409729
345.373331
345.375102
345.378634
345.373790
345.376379
345.454646
345.484084
345.449809
345.375605
345.450448
345.376110
345.446855
345.415194
345.562738
345.492152
345.490273
345.527575
345.410750
345.454426
345.455398
345.375344
345.413526
345.412644
345.411049
345.375354
345.373057
345.373883
345.414200
345.412798
345.376965
345.454455
345.341369
345.453961
345.448164
345.447691
345.374128
345.371690
345.372503
345.411053
345.374150
345.445764
345.414036
345.374644
345.525751
345.409656
345.411336
345.410057
345.379272
345.378801
345.409839
345.376665
345.307253
345.308309
345.411922
345.379394
345.343051
345.342020
345.454607
345.419124
345.338847
345.488883
345.491634
345.497685
345.446589
345.409357
345.488109
345.488908
345.445537
345.419039
345.458362
345.492874
345.489716
345.485931
345.531726
345.565743
345.494057
345.494946
345.526473
345.492957
345.571250
345.528070
345.493773
345.335864
345.374233
345.304953
345.305700
345.374332
345.373257
345.371350
345.406378
345.338139
345.339411
345.340144
345.408776
345.338530
345.302079
345.302362
345.341408
345.337284
345.410626
345.337238
345.304040
345.307169
345.409772
345.375256
345.340249
345.450816
345.451289
345.376353
345.412186
345.449799
345.414225
345.453654
345.453367
345.337937
345.303398
345.374345
345.303983
345.450405
345.337211
345.410178
345.375020
345.338815
345.410416
345.409932
345.376928
345.453109
345.496614
345.455205
345.451000
345.577856
345.340434
345.419500
345.536235
345.492151
345.491975
345.497653
345.493645
345.409831
345.449696
345.411366
345.408901
345.446117
345.410485
345.489476
345.447783
345.338237
345.340390
345.339598
345.373371
345.412626
345.445433
345.338023
345.445027
345.449638
345.371413
345.445090
345.337404
345.336891
345.338234
345.416000
345.378634
345.412315
345.417651
345.342795
345.376688
345.305178
345.341567
345.376386
345.337769
345.416472
345.542829
345.414438
345.447054
345.446258
345.412136
345.339593
345.338267
345.375523
345.336670
345.335661
345.410549
345.335942
345.338059
345.336747
345.373951
345.482626
345.448339
345.376019
345.413252
345.369935
345.339017
345.304820
345.336937
345.337159
345.374641
345.374727
345.375293
345.373093
345.413663
345.377110
345.373616
345.305923
345.303760
345.378141
345.450059
345.448355
345.337549
345.339174
345.337743
345.409590
345.304250
345.375797
345.376020
345.300878
345.302949
345.376977
345.340665
345.307355
345.268616
345.374582
345.338813
345.338529
345.337914
345.267484
345.267481
345.336692
345.267000
345.337175
345.409230
345.410882
345.483016
345.481039
345.337694
345.337408
345.336888
345.449955
345.410467
345.409113
345.409340
345.306750
345.307289
345.410995
345.305583
345.340213
345.371766
345.415198
345.341382
345.341378
345.414737
345.490397
345.453759
345.494741
345.454390
345.420296
345.453893
345.420593
345.485996
345.452978
345.340608
345.342884
345.340855
345.381529
345.343086
345.377806
345.412368
345.340482
345.338875
345.454568
345.495866
345.454565
345.497160
345.340635
345.338242
345.264535
345.337388
345.337868
345.340207
345.376430
345.450207
345.338358
345.300834
345.302927
345.375028
345.415691
345.410045
345.451270
345.341628
345.451014
345.416190
345.378882
345.377372
345.450848
345.413724
345.415034
345.413771
345.378621
345.450190
345.382314
345.412937
345.378301
345.490770
345.408318
345.337422
345.374913
345.373388
345.450469
345.406679
345.372226
345.410523
345.411890
345.410470
345.374264
345.489861
345.485864
345.488890
345.485854
345.493375
345.484632
345.376074
345.376750
345.409829
345.374610
345.493691
345.454578
345.497165
345.454578
345.496678
345.495876
345.495382
345.495395
345.340357
345.340979
345.377105
345.449859
345.413818
345.447145
345.413775
345.445502
345.487513
345.481845
345.338293
345.371495
345.338316
345.485050
345.484996
345.375884
345.300808
345.337911
345.337125
345.411063
345.417988
345.417206
345.409970
345.374684
345.375130
345.375475
345.490039
345.487845
345.528329
345.491803
345.487856
345.338368
345.266268
345.300017
345.338009
345.371479
345.338084
345.337690
345.370682
345.447717
345.446291
345.413377
345.378673
345.378712
345.542363
345.340184
345.339835
345.376524
345.375449
345.340228
345.379994
345.408694
345.299930
345.299437
345.269937
345.376377
345.376846
345.375153
345.341780
345.410250
345.300210
345.375580
345.267272
345.340534
345.338889
345.305514
345.410577
345.336313
345.302600
345.336316
345.374383
345.417041
345.337553
345.336666
345.451239
345.373779
345.336748
345.302156
345.375736
345.337715
345.339046
345.340684
345.451746
345.304207
345.372952
345.339302
345.414319
345.269676
345.268892
345.302407
345.304283
345.339313
345.339272
345.340640
345.337710
345.336433
345.266973
345.303172
345.339111
345.265639
345.302982
345.302438
345.303466
345.379163
345.264583
345.302337
345.411516
345.375853
345.372948
345.301565
345.375037
345.409763
345.302045
345.266993
345.265397
345.306866
345.271235
345.449128
345.375296
345.381476
345.375811
345.378028
345.411991
345.456388
345.494057
345.457444
345.542672
345.415459
345.413515
345.414188
345.459871
345.338400
345.269438
345.340441
345.269180
345.374740
345.303791
345.409368
345.376035
345.337552
345.375429
345.448673
345.374812
345.416894
345.410032
345.380665
345.341785
345.340917
345.337754
345.584355
345.376156
345.267293
345.266515
345.267011
345.334115
345.378567
345.338720
345.411375
345.267232
345.305059
345.541671
345.337835
345.337885
345.338726
345.339130
345.379993
345.375901
345.412898
345.414362
345.304522
345.304492
345.304060
345.413488
345.378579
345.413859
345.342868
345.337959
345.337931
345.377743
345.379723
345.342348
345.380216
345.375380
345.376510
345.302602
345.374429
345.302904
345.268295
345.303469
345.303157
345.268831
345.304970
345.338702
345.338172
345.447447
345.376537
345.269042
345.300782
345.409903
345.231332
345.337400
345.336094
345.304162
345.336632
345.335135
345.374400
345.337450
345.336878
345.303305
345.337363
345.375412
345.339812
345.301354
345.302382
345.448173
345.413387
345.376697
345.380295
345.335974
345.337808
345.374137
345.373482
345.492645
345.303939
345.302091
345.377897
345.384855
345.305787
345.417037
345.305092
345.417047
345.338811
345.340879
345.375455
345.374095
345.339305
345.408482
345.303255
345.336235
345.450939
345.372224
345.337419
345.408950
345.303511
345.301853
345.336486
345.301037
345.337678
345.374109
345.336744
345.301822
345.338434
345.373905
345.304259
345.406974
345.335288
345.301073
345.372449
345.339123
345.303183
345.302375
345.337473
345.372584
345.335956
345.410143
345.444432
345.270136
345.268951
345.335875
345.301874
345.410772
345.412507
345.445634
345.270448
345.340595
345.271484
345.376000
345.304483
345.341633
345.272504
345.377175
345.413298
345.374013
345.335959
345.336922
345.303860
345.304891
345.336625
345.303878
345.306759
345.413250
345.377589
345.412003
345.339655
345.302315
345.267237
345.233248
345.338032
345.378615
345.266916
345.267534
345.376065
345.376552
345.339905
345.303131
345.264840
345.338771
345.301279
345.301638
345.379175
345.413738
345.336861
345.337639
345.340626
345.339834
345.340053
345.335095
345.338238
345.335066
345.338731
345.376083
345.265423
345.265413
345.374711
345.266450
345.300231
345.300515
345.267072
345.267547
345.266957
345.266947
345.303604
345.343841
345.341293
345.347236
345.344392
345.447703
345.411643
345.375500
345.453990
345.446770
345.339807
345.446777
345.449488
345.306102
345.410150
345.411637
345.411692
345.373085
345.446648
345.372027
345.409544
345.410983
345.412570
345.411584
345.419978
345.413894
345.414115
345.372904
345.372046
345.304718
345.373443
345.340726
345.373983
345.380385
345.376792
345.339422
345.340763
345.338655
345.341219
345.373450
345.306113
345.306596
345.379951
345.308531
345.340202
345.346174
345.306901
345.270423
345.269156
345.271808
345.268868
345.304101
345.337931
345.417459
345.343147
345.382190
345.234638
345.339379
345.341426
345.341577
345.339502
345.338720
345.339028
345.413267
345.373048
345.372216
345.376168
345.376708
345.374327
345.420295
345.454151
345.417383
345.271670
345.508103
345.200781
345.304998
345.303957
345.305543
345.410771
345.303198
345.305310
345.345932
345.233574
345.234059
345.341534
345.301682
345.303530
345.491702
345.492201
345.491715
345.492201
345.582620
345.534294
345.302875
345.301105
345.302854
345.268303
345.448720
345.454730
345.414666
345.447102
345.375268
345.375917
345.495131
345.494632
345.378756
345.453779
345.340497
345.267451
345.337334
345.375641
345.340383
345.338868
345.372557
345.375670
345.375725
345.494688
345.374762
345.418819
345.411467
345.373850
345.339502
345.454747
345.447587
345.376204
345.414697
345.303948
345.303948
345.373194
345.445430
345.337467
345.371983
345.335858
345.372470
345.337168
345.443761
345.453907
345.339745
345.303359
345.448102
345.341268
345.375304
345.339668
345.304576
345.340186
345.340142
345.304546
345.305065
345.304513
345.376777
345.447532
345.303238
345.375405
345.377329
345.375322
345.339608
345.339867
345.338547
345.485374
345.451597
345.412737
345.416847
345.415193
345.303622
345.302851
345.338978
345.300746
345.336619
345.302304
345.336342
345.335840
345.371910
345.373249
345.235095
345.343851
345.377903
345.342311
345.377883
345.374826
345.304282
345.376600
345.376628
345.305260
345.411141
345.339073
345.339930
345.373807
345.339082
345.271268
345.305800
345.305793
345.338786
345.339623
345.338794
345.447780
345.448847
345.411910
345.451090
345.444944
345.337512
345.338024
345.337015
345.377692
345.234309
345.232741
345.234315
345.339753
345.340245
345.381249
345.377150
345.333564
345.301283
345.302069
345.371518
345.371529
345.372584
345.483868
345.372840
345.373427
345.518436
345.484205
345.517962
345.447248
345.449059
345.410617
345.268866
345.410878
345.377052
345.410225
345.268372
345.410830
345.302089
345.300825
345.375716
345.409252
345.267889
345.267838
345.340795
345.415470
345.377662
345.416289
345.412615
345.521198
345.372350
345.372865
345.371567
345.455871
345.453846
345.303483
345.339140
345.302063
345.268858
345.304798
345.414278
345.341059
345.419893
345.413703
345.419626
345.380124
345.342372
345.415830
345.302962
345.270482
345.302836
345.303083
345.411584
345.303199
345.306540
345.304436
345.305706
345.303694
345.338486
345.339287
345.302313
345.272106
345.340342
345.306169
345.303666
345.302074
345.411159
345.271332
345.305387
345.451682
345.413768
345.378833
345.305289
345.271784
345.410488
345.410916
345.304244
345.339023
345.269370
345.373815
345.304479
345.269362
345.269362
345.302124
345.338541
345.267503
345.338060
345.339174
345.235139
345.234042
345.302757
345.411943
345.304902
345.378144
345.302405
345.299189
345.303247
345.300803
345.302930
345.339581
345.305057
345.373321
345.304832
345.413109
345.338019
345.377666
345.299619
345.300740
345.337635
345.337636
345.267836
345.265416
345.264371
345.264372
345.338776
345.305395
345.339297
345.375008
345.486197
345.335898
345.335086
345.337343
345.411852
345.337677
345.412998
345.304252
345.340130
345.269091
345.340146
345.305034
345.303741
345.371739
345.409807
345.340224
345.409947
345.409965
345.374208
345.339107
345.416255
345.303383
345.340813
345.268562
345.305851
345.410534
345.412468
345.415336
345.452826
345.380165
345.379452
345.452075
345.334914
345.374069
345.369414
345.336398
345.373320
345.372012
345.301868
345.405222
345.335417
345.373170
345.372794
345.413749
345.378922
345.338379
345.379035
345.442430
345.335631
345.370770
345.369861
345.338040
345.304018
345.407820
345.408949
345.337285
345.373896
345.406360
345.406970
345.373088
345.446451
345.373400
345.371233
345.444133
345.407163
345.477984
345.300968
345.406462
345.301489
345.267921
345.302933
345.374620
345.335043
345.372246
345.407804
345.373192
345.335198
345.335703
345.302134
345.337154
345.407812
345.409698
345.335805
345.369039
345.372635
345.376051
345.338846
345.303738
345.305285
345.374082
345.406671
345.449963
345.338649
345.372151
345.414968
345.445702
345.447843
345.443207
345.338669
345.414992
345.408190
345.442135
345.370880
345.369819
345.336781
345.303234
345.371425
345.408194
345.336482
345.370426
345.373108
345.371396
345.369979
345.484455
345.370375
345.335771
345.301727
345.268225
345.373317
345.372519
345.335950
345.302448
345.405256
345.337781
345.302647
345.303719
345.380041
345.410436
345.446760
345.372034
345.372534
345.338287
345.411845
345.452452
345.409707
345.453211
345.448570
345.487881
345.411652
345.488164
345.486801
345.412140
345.339780
345.446431
345.453323
345.337240
345.409853
345.407529
345.444173
345.374671
345.452072
345.374083
345.338756
345.452543
345.339060
345.374665
345.371464
345.486314
345.376969
345.412294
345.373784
345.374238
345.372745
345.371893
345.374088
345.453708
345.375585
345.489908
345.376578
345.532386
345.534740
345.536967
345.495692
345.336830
345.335576
345.301036
345.373747
345.306015
345.305025
345.413138
345.410373
345.412160
345.413955
345.451252
345.491819
345.374904
345.409340
345.376981
345.302402
345.303401
345.266506
345.300726
345.301427
345.335628
345.371689
345.375710
345.374082
345.340163
345.340461
345.379720
345.374942
345.306452
345.269371
345.267530
345.375958
345.377630
345.268628
345.412962
345.303255
345.302739
345.302951
345.415499
345.412981
345.576681
345.267560
345.306387
345.337464
345.378855
345.379428
345.340309
345.372023
345.410563
345.374988
345.444022
345.376522
345.412543
345.377660
345.302577
345.302305
345.302915
345.414355
345.376187
345.447776
345.415318
345.413234
345.412022
345.452500
345.338556
345.452488
345.338395
345.413823
345.413864
345.338592
345.450359
345.373331
345.374164
345.377064
345.411093
345.377917
345.420244
345.411794
345.450540
345.339629
345.374475
345.375601
345.373429
345.486221
345.446915
345.447844
345.448303
345.485942
345.338831
345.339939
345.376020
345.306013
345.270991
345.304286
345.303751
345.375603
345.412211
345.411181
345.375676
345.340701
345.376192
345.410822
345.414852
345.410641
345.411391
345.373356
345.372547
345.373967
345.340932
345.373980
345.337934
345.372992
345.372467
345.378879
345.414030
345.417234
345.340867
345.339902
345.340430
345.412602
345.452555
345.411490
345.452576
345.384168
345.376605
345.339204
345.450735
345.447016
345.374827
345.410970
345.337956
345.338480
345.445745
345.444312
345.444794
345.445982
345.371497
345.409376
345.374563
345.306162
345.339867
345.450739
345.487892
345.373734
345.373577
345.384391
345.376359
345.411823
345.418399
345.411237
345.418883
345.417021
345.409760
345.342501
345.340319
345.416758
345.375947
345.413057
345.337990
345.418171
345.411324
345.418669
345.417240
345.340738
345.531032
345.488913
345.576367
345.452154
345.489781
345.530504
345.336410
345.338280
345.378599
345.338762
345.337505
345.338363
345.336035
345.372429
345.451995
345.337700
345.376674
345.341263
345.451970
345.341530
345.376837
345.412030
345.341930
345.416216
345.338852
345.416675
345.489401
345.304229
345.304983
345.233519
345.341088
345.339540
345.305848
345.308231
345.458258
345.458268
345.584684
345.535075
345.529199
345.491716
345.491721
345.535070
345.583403
345.533808
345.529195
345.491717
345.491726
345.237487
345.458244
345.270247
345.459535
345.340795
345.341450
345.304771
345.411907
345.446487
345.376747
345.411646
345.411627
345.454453
345.453668
345.412141
345.411096
345.489172
345.529840
345.531105
345.375430
345.414725
345.413430
345.487332
345.522570
345.377478
345.486831
345.375524
345.410540
345.447176
345.447794
345.411141
345.411686
345.448340
345.573437
345.376991
345.376532
345.377130
345.266771
345.266770
345.376596
345.266759
345.264915
345.266501
345.377533
345.416033
345.335582
345.337150
345.302105
345.301304
345.337149
345.339006
345.232398
345.338603
345.233519
345.338901
345.233030
345.305077
345.304776
345.375562
345.303905
345.303119
345.375199
345.489492
345.452622
345.454632
345.488761
345.491327
345.529399
345.650938
345.538932
345.571227
345.621076
345.540634
345.536722
345.538423
345.494226
345.270993
345.270463
345.338859
345.378713
345.340334
345.446793
345.340333
345.410961
345.379530
345.495962
345.497233
345.306559
345.411190
345.340318
345.339821
345.413286
345.449129
345.381903
345.411887
345.416041
345.412026
345.418900
345.413075
345.410855
345.339047
345.373404
345.412108
345.419294
345.304535
345.304517
345.418970
345.302675
345.335607
345.407342
345.339185
345.337838
345.372619
345.339086
345.339970
345.523768
345.414038
345.374424
345.454140
345.339805
345.340917
345.304154
345.268974
345.269510
345.303718
345.303386
345.408567
345.335387
345.335376
345.266748
345.267028
345.340990
345.304765
345.234003
345.338521
345.234310
345.408475
345.336193
345.302634
345.336696
345.374873
345.235343
345.305960
345.414240
345.420351
345.377094
345.412283
345.411530
345.406044
345.372159
345.372933
345.335890
345.335055
345.338879
345.372839
345.268083
345.268866
345.302367
345.375998
345.300681
345.409240
345.300771
345.301880
345.410921
345.408501
345.334538
345.335080
345.377481
345.301146
345.306323
345.444243
345.302363
345.303164
345.411310
345.446432
345.376631
345.300822
345.300810
345.443729
345.336308
345.335353
345.301880
345.302670
345.409976
345.445903
345.301081
345.409597
345.336976
345.372260
345.303986
345.452313
345.338177
345.302183
345.302443
345.340294
345.416020
345.410487
345.334573
345.445225
345.409436
345.334560
345.336404
345.304338
345.339275
345.339611
345.339538
345.336204
345.303240
345.408458
345.300545
345.336346
345.372543
345.339594
345.372826
345.301837
345.372566
345.373326
345.375734
345.340409
345.338570
345.374185
345.302153
345.339582
345.374685
345.485649
345.373690
345.419920
345.411738
345.419435
345.453510
345.450618
345.373068
345.446029
345.372573
345.488056
345.481878
345.450336
345.447195
345.413833
345.489258
345.493082
345.454334
345.490304
345.455628
345.489816
345.455634
345.493302
345.339649
345.416934
345.416472
345.341389
345.459929
345.375963
345.375286
345.451189
345.577616
345.578387
345.487923
345.487014
345.487021
345.496198
345.455651
345.456422
345.456408
345.497439
345.300191
345.337200
345.301903
345.337997
345.303731
345.340143
345.301033
345.304541
345.337746
345.337778
345.372887
345.301308
345.301841
345.407049
345.376418
345.299434
345.265646
345.338236
345.267475
345.303637
345.302947
345.301788
345.341481
345.339445
345.415779
345.416252
345.340042
345.337441
345.336421
345.375063
345.371949
345.412162
345.372759
345.269964
345.378117
345.301391
345.302422
345.408155
345.493941
345.337779
345.336996
345.374003
345.374161
345.488635
345.449909
345.408830
345.410727
345.377820
345.378072
345.337999
345.336632
345.336119
345.301601
345.337992
345.302083
345.302113
345.268818
345.377079
345.303953
345.408793
345.409442
345.493706
345.413189
345.375439
345.489220
345.337883
345.409420
345.339872
345.377486
345.414635
345.375611
345.340689
345.378603
345.340945
345.272665
345.375754
345.270156
345.342296
345.702718
345.499643
345.501330
345.503028
345.535821
345.534144
345.576015
345.573787
345.584005
345.586181
345.498963
345.453169
345.453644
345.488646
345.496926
345.454533
345.453762
345.495547
345.580579
345.579354
345.545421
345.420557
345.421305
345.451255
345.451231
345.379140
345.408969
345.265676
345.300711
345.372121
345.339535
345.339250
345.338188
345.374833
345.448479
345.447693
345.335694
345.374951
345.413455
345.338552
345.337784
345.374657
345.447589
345.335676
345.546823
345.670999
345.687615
345.687632
345.670999
345.687618
345.668352
345.618500
345.635232
345.626693
345.680824
345.672275
345.589651
345.417438
345.448818
345.448542
345.373116
345.487229
345.374137
345.455400
345.266594
345.372397
345.415170
345.300862
345.376512
345.338220
345.336831
345.378400
345.237695
345.273313
345.341453
345.374813
345.340984
345.375139
345.338518
345.416820
345.376044
345.376041
345.340314
345.339503
345.493965
345.270187
345.307687
345.339379
345.450652
345.414642
345.451335
345.346705
345.201041
345.381277
345.304507
345.455096
345.490610
345.269373
345.303987
345.302894
345.266980
345.303219
345.337339
345.445431
345.302670
345.337432
345.378454
345.414100
345.414909
345.411751
345.447892
345.336474
345.414801
345.416411
345.300744
345.300750
345.300997
345.374936
345.408900
345.266760
345.300525
345.336432
345.302209
345.375336
345.410134
345.373304
345.337993
345.376627
345.375282
345.337526
345.373685
345.374223
345.407577
345.373690
345.374220
345.408368
345.374201
345.338285
345.338756
345.373410
345.411140
345.417331
345.337223
345.373277
345.418283
345.374434
345.373604
345.201319
345.269098
345.300537
345.373365
345.373768
345.268591
345.267792
345.301834
345.374762
345.373989
345.338207
345.337217
345.337711
345.337781
345.339062
345.484447
345.484781
345.411106
345.450323
345.266528
345.267019
345.374482
345.266787
345.374126
345.339386
345.375553
345.374382
345.340526
345.342100
345.445107
345.413023
345.340919
345.379925
345.340888
345.414543
345.336179
345.375519
345.336969
345.410804
345.370920
345.411532
345.374210
345.452866
345.408834
345.413113
345.407863
345.416536
345.337963
345.375767
345.375294
345.491191
345.376580
345.376093
345.339550
345.341251
345.341994
345.375887
345.303963
345.377289
345.303446
345.302360
345.336604
345.374868
345.336595
345.340057
345.374861
345.340081
345.336343
345.336317
345.341484
345.341483
345.266616
345.337202
345.267254
345.267571
345.303393
345.307882
345.338193
345.411335
345.339090
345.301296
345.339884
345.304792
345.372091
345.302100
345.302396
345.266933
345.445863
345.409661
345.337684
345.411798
345.338719
345.373561
345.453215
345.407864
345.304414
345.375800
345.489384
345.532175
345.582031
345.497671
345.499361
345.489773
345.491021
345.413247
345.412674
345.410388
345.340164
345.337286
345.372895
345.337237
345.303118
345.335903
345.407968
345.303652
345.374960
345.409897
345.335386
345.333734
345.335891
345.336760
345.407009
345.371444
345.301861
345.301355
345.406502
345.337509
345.338348
345.302663
345.375447
345.409908
345.302841
345.301535
345.267600
345.233694
345.267770
345.337884
345.265681
345.301551
345.305177
345.300224
345.409803
345.271334
345.338000
345.412486
345.335409
345.337408
345.302641
345.338271
345.409351
345.373669
345.301221
345.335545
345.336044
345.377895
345.379880
345.448701
345.414461
345.345724
345.306342
345.263748
345.231858
345.336057
345.339670
345.301750
345.373222
345.338993
345.339795
345.269729
345.339376
345.336178
345.372502
345.410662
345.372141
345.372207
345.373929
345.301829
345.338974
345.304430
345.303697
345.302380
345.338448
345.338414
345.337413
345.339017
345.303877
345.340570
345.340302
345.299977
345.300727
345.267193
345.265629
345.338717
345.302564
345.303381
345.411280
345.340481
345.380002
345.448050
345.303736
345.304278
345.300575
345.301050
345.410574
345.302603
345.409765
345.268322
345.339311
345.300566
345.375334
345.300538
345.268318
345.373310
345.338006
345.338768
345.414723
345.375557
345.375649
345.375427
345.409683
345.372535
345.373401
345.376893
345.410523
345.337973
345.410720
345.341186
345.414105
345.450746
345.412948
345.373606
345.373072
345.376973
345.339833
345.305616
345.456058
345.303242
345.302611
345.372327
345.335674
345.335640
345.335357
345.302941
345.303276
345.373435
345.338616
345.339460
345.337078
345.338909
345.335631
345.371954
345.268033
345.268345
345.375574
345.410325
345.375557
345.411083
345.335793
345.447677
345.372609
345.382062
345.380392
345.338822
345.373426
345.337271
345.371710
345.339954
345.340231
345.377706
345.301905
345.301462
345.301156
345.301428
345.301008
345.299719
345.301869
345.414716
345.338367
345.413604
345.371580
345.299397
345.337307
345.482140
345.265965
345.339098
345.372283
345.301335
345.302620
345.410863
345.374512
345.298730
345.302372
345.301279
345.408181
345.300846
345.301833
345.373960
345.298742
345.300327
345.407629
345.440321
345.412615
345.448653
345.301775
345.372539
345.337800
345.372818
345.338298
345.373294
345.341703
345.341257
345.374869
345.377281
345.377338
345.343921
345.377886
345.342616
345.371756
345.302159
345.340670
345.304029
345.303707
345.338971
345.338957
345.375563
345.490606
345.489540
345.456694
345.375567
345.376400
345.301053
345.302096
345.377454
345.304271
345.342221
345.303193
345.305048
345.454743
345.373869
345.340638
345.374670
345.495614
345.339503
345.265866
345.301212
345.336558
345.375624
345.418008
345.408596
345.373862
345.374578
345.300543
345.300218
345.334288
345.407807
345.373082
345.300567
345.301052
345.335655
345.338315
345.375079
345.379619
345.376316
345.454020
345.415542
345.414067
345.375447
345.454995
345.414024
345.374960
345.409962
345.413787
345.337942
345.305162
345.339029
345.268598
345.305088
345.338694
345.337851
345.341798
345.338209
345.304145
345.304516
345.341015
345.336956
345.268152
345.198314
345.376226
345.378453
345.336944
345.302400
345.376315
345.415258
345.379709
345.302884
345.302609
345.378266
345.265392
345.300703
345.416310
345.624571
345.234340
345.235129
345.305687
345.200758
345.340227
345.308251
345.201856
345.235422
345.488006
345.340796
345.305041
345.580324
345.631441
345.627415
345.809209
345.379229
345.379678
345.378825
345.379903
345.450557
345.409070
345.341433
345.410554
345.339897
345.340366
345.409996
345.409028
345.306498
345.375620
345.340124
345.375536
345.305445
345.299970
345.379620
345.339038
345.338730
345.269981
345.345380
345.377350
345.340642
345.374890
345.413635
345.449053
345.302609
345.303786
345.266493
345.267592
345.301392
345.302199
345.380475
345.341163
345.302695
345.413784
345.377388
345.380226
345.302459
345.233546
345.232747
345.374658
345.340670
345.336216
345.448612
345.335914
345.337219
345.375321
345.371753
345.376596
345.342332
345.267612
345.342356
345.234345
345.523874
345.334690
345.336916
345.335063
345.374845
345.267889
345.301440
345.407891
345.265190
345.266307
345.267597
345.373591
345.304657
345.419971
345.339822
345.419356
345.299713
345.371061
345.337585
345.266264
345.265485
345.338120
345.335948
345.371861
345.300535
345.336305
345.335276
345.406219
345.301059
345.335901
345.335110
345.336222
345.336182
345.339896
345.371289
345.337230
345.405257
345.334804
345.371785
345.332208
345.298993
345.413603
345.377221
345.446099
345.371534
345.338323
345.339090
345.300824
345.337132
345.374231
345.336990
345.373074
345.300920
345.335245
345.448856
345.266171
345.265886
345.266018
345.300504
345.300905
345.335777
345.299705
345.334529
345.301901
345.301297
345.302950
345.300739
345.336096
345.303478
345.341218
345.374238
345.339218
345.339570
345.409877
345.447025
345.373416
345.446526
345.373409
345.373475
345.338462
345.407588
345.336121
345.303843
345.336418
345.416607
345.340331
345.408543
345.335414
345.450425
345.408831
345.338552
345.339594
345.408395
345.341067
345.340695
345.413719
345.372087
345.337621
345.339152
345.337008
345.410517
345.340700
345.337550
345.340947
345.374589
345.410096
345.338523
345.303492
345.374721
345.305751
345.336418
345.303730
345.306007
345.375136
345.302976
345.374538
345.269693
345.338193
345.339192
345.344903
345.412971
345.451931
345.339546
345.373938
345.413810
345.449946
345.334042
345.335039
345.372490
345.372452
345.369076
345.407309
345.336781
345.373063
345.370714
345.485281
345.339362
345.409677
345.371514
345.337221
345.372556
345.441697
345.337828
345.374659
345.374101
345.452327
345.417872
345.341113
345.339758
345.521700
345.372039
345.337281
345.479384
345.372296
345.339149
345.304104
345.338270
345.303233
345.406044
345.338587
345.383872
345.383604
345.445113
345.307205
345.306464
345.375551
345.339523
345.377801
345.307499
345.372944
345.452254
345.340048
345.370724
345.371750
345.481676
345.445071
345.303543
345.301398
345.406883
345.335149
345.449224
345.373245
345.337262
345.371040
345.445626
345.377526
345.413908
345.410736
345.374607
345.376618
345.304194
345.340122
345.447400
345.338805
345.340134
345.338527
345.335681
345.302921
345.336709
345.337771
345.411546
345.336941
345.374931
345.339837
345.305374
345.444730
345.372734
345.411805
345.372687
345.376455
345.340869
345.453865
345.375961
345.302374
345.303964
345.336554
345.447001
345.336568
345.338214
345.300223
345.489225
345.489487
345.453089
345.409244
345.410040
345.451226
345.377135
345.410163
345.410604
345.377487
345.341440
345.270841
345.340479
345.374399
345.411570
345.412415
345.376538
345.341569
345.377389
345.523656
345.522173
345.486846
345.565231
345.409698
345.338555
345.443392
345.409776
345.375601
345.373362
345.303424
345.372491
345.266501
345.233234
345.338240
345.266778
345.335076
345.336946
345.444926
345.299031
345.369991
345.445444
345.412851
345.267923
345.301685
345.338030
345.337451
345.304215
345.411563
345.265472
345.336966
345.559125
345.599325
345.491051
345.486950
345.337157
345.337455
345.336988
345.337764
345.264986
345.267079
345.339405
345.340235
345.337860
345.376637
345.412418
345.409988
345.337599
345.372162
345.340436
345.381520
345.375381
345.410648
345.337130
345.337610
345.374827
345.336568
345.337606
345.449115
345.303845
345.407987
345.373990
345.337615
345.338447
345.373200
345.302181
345.408690
345.450772
345.370413
345.336225
345.371751
345.446749
345.407534
345.375044
345.341045
345.301870
345.412513
345.413307
345.336401
345.336235
345.302150
345.406993
345.339326
345.374439
345.268627
345.335699
345.301387
345.301639
345.337634
345.268447
345.371865
345.269013
345.415471
345.267107
345.340506
345.338051
345.301667
345.411720
345.374206
345.414991
345.374188
345.336501
345.337349
345.336930
345.266986
345.373442
345.302352
345.302037
345.376071
345.409726
345.302188
345.334912
345.302158
345.410194
345.376543
345.339361
345.303764
345.339114
345.339421
345.301902
345.302880
345.300554
345.301629
345.445177
345.302641
345.446691
345.337700
345.336383
345.407892
345.304143
345.301333
345.374000
345.304877
345.334038
345.377759
345.444600
345.371215
345.372761
345.443458
345.336405
345.335928
345.334812
345.302624
345.301341
345.301845
345.372470
345.303359
345.334067
345.407304
345.372037
345.371271
345.337107
345.303679
345.339559
345.302872
345.336437
345.371311
345.335710
345.407050
345.371787
345.302929
345.337239
345.302636
345.337527
345.336867
345.371710
345.337967
345.408087
345.337221
345.340584
345.373710
345.270737
345.271457
345.269387
345.268583
345.372710
345.332946
345.336920
345.300495
345.406951
345.337728
345.335398
345.335052
345.369860
345.334767
345.335598
345.410031
345.336216
345.411217
345.301677
345.409518
345.374900
345.340852
345.272187
345.336982
345.301608
345.337465
345.301546
345.267800
345.337919
345.304241
345.337818
345.411813
345.339155
345.412357
345.265880
345.267235
345.267542
345.337519
345.337491
345.451341
345.448946
345.338929
345.499045
345.303170
345.336898
345.336421
345.372832
345.339075
345.374495
345.337390
345.302088
345.301592
345.337360
345.335603
345.301549
345.375492
345.338636
345.375664
345.376684
345.305093
345.270266
345.543901
345.460044
345.456615
345.266784
345.377219
345.380982
345.343322
345.377734
345.339562
345.339105
345.417419
345.417870
345.420805
345.422026
345.373432
345.373449
345.373922
345.376679
345.266709
345.266522
345.416642
345.412449
345.454111
345.418603
345.418128
345.418097
345.305092
345.232129
345.337172
345.338896
345.373215
345.335621
345.339236
345.336649
345.336152
345.338636
345.266954
345.231864
345.410313
345.336615
345.338914
345.373218
345.336138
345.373207
345.339713
345.335650
345.335636
345.377171
345.449299
345.417115
345.452707
345.452823
345.377867
345.418560
345.338076
345.340689
345.373896
345.413660
345.340360
345.374352
345.376852
345.377143
345.267097
345.375624
345.460090
345.491316
345.459306
345.492242
345.499321
345.447741
345.411307
345.410642
345.374976
345.488747
345.411103
345.453433
345.339327
345.411774
345.411133
345.451089
345.530192
345.339188
345.338373
345.452002
345.451526
345.416774
345.530173
345.411915
345.412547
345.451103
345.529892
345.529408
345.496113
345.529878
345.496594
345.416774
345.414416
345.376754
345.410119
345.376145
345.413316
345.419308
345.459314
345.419768
345.410791
345.376072
345.410815
345.449466
345.408045
345.372876
345.374413
345.374921
345.446940
345.487450
345.448169
345.374689
345.339487
345.407657
345.409021
345.372527
345.414140
345.458836
345.419300
345.491758
345.498357
345.338256
345.374683
345.373585
345.371809
345.371733
345.409865
345.340196
345.373239
345.409510
345.408440
345.371801
345.337555
345.303137
345.337413
345.337177
345.304278
345.373368
345.335587
345.335132
345.384667
345.338138
345.338783
345.408702
345.337660
345.302784
345.452027
345.454324
345.339494
345.336918
345.340230
345.337675
345.336993
345.340601
345.417311
345.417311
345.341788
345.454580
345.342097
345.453528
345.418701
345.339054
345.343809
345.409801
345.337181
345.338261
345.338296
345.304050
345.374753
345.374995
345.373925
345.376399
345.412251
345.448278
345.412711
345.340163
345.453467
345.375759
345.411108
345.453578
345.374053
345.418785
345.339363
345.337432
345.373496
345.372798
345.373557
345.372593
345.408606
345.411473
345.376720
345.378241
345.412707
345.483439
345.450458
345.372528
345.415116
345.377977
345.409057
345.343959
345.340677
345.416197
345.379838
345.416970
345.581015
345.587708
345.339361
345.338527
345.342326
345.342418
345.267489
345.301822
345.302616
345.302091
345.337463
345.299939
345.300792
345.266955
345.267740
345.300749
345.340940
345.341204
345.304006
345.417203
345.413836
345.495778
345.455053
345.495935
345.454542
345.414102
345.270248
345.303970
345.421182
345.375472
345.451492
345.338981
345.339813
345.379474
345.415819
345.199974
345.305630
345.201050
345.199197
345.268628
345.301607
345.231628
345.376110
345.374075
345.372757
345.335943
345.301059
345.337155
345.372744
345.372267
345.335549
345.301524
345.335528
345.335883
345.374143
345.409178
345.371390
345.338436
345.372020
345.336382
345.335907
345.343109
345.374577
345.303399
345.270267
345.267520
345.337417
345.267821
345.271960
345.419224
345.339827
345.303448
345.337226
345.336694
345.413356
345.303161
345.302649
345.304832
345.336441
345.302403
345.372504
345.335954
345.337889
345.412779
345.304224
345.377299
345.302855
345.303092
345.269835
345.414415
345.339501
345.447012
345.302737
345.302441
345.302711
345.304737
345.304223
345.376596
345.270969
345.375996
345.375498
345.376820
345.337497
345.377513
345.342336
345.337507
345.232716
345.304539
345.340722
345.340699
345.413283
345.265456
345.301093
345.268646
345.304294
345.339408
345.377080
345.299461
345.300773
345.301071
345.302396
345.448106
345.415458
345.415481
345.958001
345.599296
345.599296
345.579638
345.628098
345.675160
345.583668
345.416255
345.456972
345.416067
345.375683
345.304187
345.338245
345.451082
345.377914
345.457291
345.450019
345.337983
345.337017
345.337803
345.379093
345.413599
345.413790
345.412019
345.410936
345.415233
345.412875
345.376286
345.339370
345.449339
345.338866
345.301789
345.301789
345.373796
345.455292
345.340627
345.416790
345.413596
345.447802
345.372060
345.488851
345.410418
345.302995
345.373373
345.339470
345.337733
345.414953
345.305205
345.375283
345.408489
345.303536
345.375073
345.374485
345.337292
345.449621
345.413543
345.454533
345.375296
345.336899
345.335436
345.374428
345.336051
345.335548
345.372433
345.337540
345.336064
345.337230
345.338550
345.300732
345.413370
345.339524
345.339042
345.373678
345.336377
345.337197
345.411447
345.413973
345.300491
345.300998
345.375245
345.375092
345.375783
345.339104
345.338058
345.373255
345.339485
345.337242
345.374224
345.336985
345.299763
345.376907
345.454792
345.306422
345.413117
345.306401
345.266473
345.266246
345.422389
345.305948
345.266797
345.339158
345.301513
345.337221
345.446235
345.449065
345.413880
345.448116
345.305930
345.270535
345.303746
345.301576
345.372054
345.377184
345.411583
345.304039
345.378094
345.304005
345.410854
345.267211
345.301768
345.300489
345.304215
345.339606
345.301772
345.447645
345.413890
345.409390
345.377773
345.302730
345.336945
345.445397
345.303210
345.303223
345.339157
345.336150
345.303135
345.372734
345.372719
345.336974
345.304260
345.372968
345.304244
345.337276
345.265396
345.337501
345.302405
345.448598
345.301122
345.448605
345.336929
345.337427
345.303681
345.374837
345.303984
345.304767
345.338041
345.337201
345.340119
345.341690
345.340840
345.413749
345.412892
345.339030
345.234032
345.342766
345.377183
345.379960
345.413679
345.996680
345.378148
