227.480560
227.404932
227.443845
227.439578
227.438876
227.407334
227.442448
227.441848
227.442454
227.441968
227.437036
227.474963
227.441346
227.440640
227.478167
227.535344
227.481971
227.480477
227.367281
227.479355
227.400708
227.438629
227.438272
227.518592
227.516663
227.482112
227.443089
227.564728
227.522866
227.578899
227.484992
227.568948
227.529545
227.532751
227.333270
227.404282
227.443951
227.405314
227.367388
227.371055
227.477893
227.443509
227.515915
227.402875
227.445190
227.443045
227.401857
227.409076
227.485049
227.403903
227.668233
227.403034
227.480537
227.481872
227.403749
227.450835
227.480047
227.564332
227.445627
227.447321
227.366946
227.371812
227.405083
227.400789
227.335371
227.367200
227.333376
227.365405
227.403640
227.366552
227.403422
227.517563
227.560397
227.366106
227.366110
227.369705
227.404140
227.404871
227.406649
227.401183
227.409098
227.402333
227.332351
227.439870
227.365580
227.525333
227.368626
227.442118
227.368490
227.477202
227.527883
227.440929
227.438945
227.401203
227.403894
227.437025
227.481846
227.475467
227.366809
227.367157
227.489910
227.406052
227.333971
227.368101
227.486430
227.443670
227.367579
227.533137
227.404689
227.404708
227.439851
227.331875
227.404651
227.406051
227.404077
227.332038
