334.755205
334.756204
334.675805
334.679800
334.714868
334.567257
334.604485
334.602687
334.639128
334.638794
334.604794
334.748535
334.640323
334.603963
334.604132
334.603136
334.604776
334.673347
334.639032
334.566019
334.566495
334.601208
334.603663
334.604688
334.604781
334.673839
334.566990
334.567530
334.673542
334.602833
334.673339
334.637074
334.639025
334.567492
334.566999
334.643235
334.636977
334.787501
334.637303
334.678556
334.639013
334.825786
334.674183
334.607134
334.673290
334.641110
334.710286
334.678260
334.642721
334.677546
334.678563
334.636930
334.600798
334.637406
334.640307
334.637373
334.671704
334.637385
334.640010
334.677939
334.763236
334.761545
334.796046
334.845914
334.638820
334.672419
334.567336
334.566797
334.601724
334.640599
334.534046
334.569063
334.603064
334.602538
334.673466
334.638088
334.673325
334.602074
334.568035
334.602604
334.603717
334.603168
334.568678
334.605353
334.602527
334.607033
334.641918
334.678347
334.642675
334.715031
334.640341
334.680692
334.567212
334.569389
334.605136
334.605780
334.724978
334.642869
334.641225
334.639035
334.604847
334.682107
334.681625
334.606145
334.606568
334.605051
334.535892
334.568539
334.674710
334.718337
334.678175
334.718261
334.605231
334.682499
334.643380
334.606751
334.568257
334.682016
334.571127
334.606473
334.533691
334.569702
334.566666
334.683479
334.807357
334.570048
334.569499
334.675797
334.675029
334.568605
334.604662
334.643741
334.717477
334.679549
334.604507
334.603515
334.719498
334.676048
334.711135
334.682331
334.682815
334.674694
334.676614
334.757349
334.757349
334.641043
334.719589
334.717977
334.719530
334.640190
334.677034
334.638726
334.758707
334.638250
334.675747
334.606346
334.712873
334.677195
334.643208
334.604749
334.715395
334.842143
334.718921
334.795351
334.831086
334.605769
334.640543
334.754135
334.751267
334.718911
334.641497
334.604314
334.643741
334.603289
334.569133
334.683958
334.682718
334.602826
334.682110
334.682408
334.638736
334.715731
334.640642
334.639401
334.638992
334.603020
334.715870
334.639962
334.605202
334.639398
334.640778
334.716190
334.603893
334.683874
334.643914
334.683881
334.716227
334.678510
334.533776
334.638177
334.605052
334.678218
334.678255
334.641697
334.678158
334.602185
334.639426
334.602288
334.566406
334.600192
334.566931
334.566955
334.638231
334.758706
334.802057
334.759768
334.758510
334.721862
334.759193
334.759769
334.758992
334.678889
334.642245
334.677406
334.676789
334.681227
334.722080
334.605754
334.719683
334.762939
334.607147
334.638513
334.678268
334.604648
334.604420
334.718322
334.710147
334.676896
334.602942
334.636544
334.673970
334.608244
334.606007
334.604885
334.680264
334.642157
334.640623
334.466738
334.468489
334.602820
334.569706
334.603579
334.571418
334.684531
334.568793
334.678442
334.500865
334.647780
334.570681
334.567483
334.606523
334.643142
334.602307
334.603925
334.717166
334.788107
334.842834
334.717162
334.788100
334.842335
334.646275
334.641828
334.607709
334.641970
334.534990
334.637472
334.533224
334.604531
334.680305
334.638122
334.606207
334.603176
334.677842
334.602104
334.604275
334.640836
334.606966
334.566666
334.604989
334.677397
334.677714
334.675307
334.639915
334.606680
334.639104
334.566968
334.599396
334.566945
334.533710
334.638177
334.604972
334.640083
334.566472
334.602243
334.637700
334.603103
334.677477
334.608875
334.603123
334.602313
334.640308
334.675714
334.676823
334.713118
334.679616
334.711844
334.608444
334.640829
334.640803
334.676244
334.640811
334.639650
334.607544
334.642937
334.680525
334.640397
334.639596
334.640326
334.636503
334.640312
334.640095
334.637848
334.636904
334.600541
334.673250
334.674558
334.674808
334.672346
334.635743
334.672437
334.674006
334.601188
334.671523
334.637586
334.635737
334.601975
334.718850
334.714466
334.710332
334.641096
334.602545
334.644515
334.678204
334.719486
334.676585
334.748335
334.711689
334.713315
334.715712
334.715423
334.712686
334.676828
334.678890
334.646279
334.713532
334.679316
334.676191
334.639568
334.601526
334.711580
334.608714
334.611270
334.750946
334.641889
334.750971
334.713362
334.757144
334.683850
334.757625
334.677615
334.675154
334.709709
334.676292
334.639791
334.710409
334.753142
334.748443
334.640915
334.708976
334.710825
334.755189
334.675735
334.830440
334.830923
334.789548
334.755977
334.676536
334.831733
334.676139
334.717827
334.603830
334.676735
334.674477
334.750961
334.749750
334.750947
334.758416
334.642662
334.685101
334.866432
334.751688
334.787060
334.790705
334.749230
334.746797
334.746097
334.823898
334.641698
334.710540
334.711616
334.602303
334.636530
334.673893
334.635586
334.674398
334.713661
334.602873
334.711088
334.712018
334.604787
334.604195
334.605024
334.718239
334.606475
334.606186
334.640796
334.676651
334.638892
334.675691
334.673448
334.674844
334.674037
334.717095
334.756960
334.791860
334.754590
334.602469
334.679382
334.640447
334.714879
334.712654
334.676307
334.643234
334.638919
334.640746
334.676387
334.711286
334.746897
334.714414
334.638975
334.637181
334.637874
334.672732
334.640374
334.637718
334.638401
334.638827
334.603989
334.680330
334.535027
334.604551
334.641121
334.674378
334.638242
334.677428
334.679084
334.640018
334.637753
334.601788
334.568419
334.712138
334.712946
334.746436
334.638849
334.604752
334.639908
334.714131
334.678424
334.671215
334.637417
334.566237
334.713747
334.638759
334.638766
334.710460
334.713133
334.675116
334.715050
334.641230
334.602655
334.566660
334.604808
334.604582
334.606047
334.713380
334.712914
334.531611
334.567236
334.637312
334.567780
334.603324
334.603365
334.567521
334.604093
334.643691
334.679728
334.605904
334.498872
334.499654
334.604070
334.601759
334.603932
334.603911
334.638170
334.603366
334.709719
334.710892
334.570417
334.678317
334.603110
334.604356
334.639568
334.535606
334.571932
334.603893
334.679526
334.640275
334.636829
334.637608
334.711975
334.675651
334.676841
334.672373
334.717899
334.639994
334.604770
334.717409
334.721849
334.568570
334.639092
334.567345
334.714797
334.602808
334.638551
334.719690
334.605937
334.601701
334.601223
334.601212
334.673348
334.567236
334.566450
334.604235
334.638826
334.675037
334.757139
334.641375
334.601600
334.602618
334.754709
334.534166
334.532978
334.603162
334.638526
334.638487
334.672982
334.674410
334.637995
334.532181
334.636383
334.638619
334.533322
334.604168
334.672205
334.638826
334.567533
334.637771
334.712113
334.712994
334.746992
334.636670
334.639307
334.602902
334.564859
334.567098
334.601291
334.605120
334.606767
334.603588
334.603610
334.606214
334.568405
334.637703
334.638239
334.637777
334.639732
334.674884
334.533439
334.531695
334.641112
334.530809
334.674691
334.535294
334.604135
334.535588
334.533743
334.534515
334.603410
334.603517
334.637701
334.635062
334.712609
334.679846
334.637642
334.603978
334.719160
334.605614
334.602300
334.640740
334.677643
334.713410
334.638005
334.752126
334.709774
334.602611
334.608102
334.569831
334.754303
334.754790
334.754786
334.754299
334.568803
334.641441
334.683781
334.762857
334.721848
334.721366
334.637640
334.752956
334.674008
334.752484
334.672286
334.638460
334.674084
334.602271
334.600654
334.675046
334.638911
334.599409
334.603807
334.717627
334.678027
334.602285
334.713052
334.678029
334.787465
334.534536
334.604255
334.717975
334.718606
334.604453
334.638090
334.845867
334.881809
334.792804
334.846231
334.792313
334.721681
334.722364
334.722845
334.722908
334.754390
334.756281
334.827367
334.846421
334.881222
334.718944
334.749527
334.758288
334.640241
334.641341
334.640186
334.604535
334.639003
334.638491
334.745515
334.710647
334.672999
334.638980
334.603157
334.680257
334.603212
334.637220
334.671856
334.567788
334.602023
334.714767
334.638702
334.601706
334.677410
334.676033
334.604035
334.679800
334.679515
334.605972
334.606576
334.568077
334.759064
334.603928
334.566497
334.677244
334.602829
334.566505
334.567019
334.602528
334.638318
334.637714
334.758078
334.749321
334.640635
334.641280
334.760142
334.759119
334.759601
334.601789
334.759659
334.674826
334.680571
334.674190
334.759123
334.758648
334.760770
334.718169
334.718173
334.841925
334.843251
334.643975
334.607659
334.570742
334.637980
334.645100
334.796567
334.753048
334.721837
334.723090
334.722322
334.723099
334.797379
334.639031
334.674920
334.606336
334.605748
334.642724
334.677397
334.641265
334.640155
334.640240
334.640563
334.638165
334.605970
334.641033
334.674848
334.753733
334.717100
334.825281
334.638830
334.638905
334.533436
334.674159
334.602635
334.566700
334.638592
334.671640
334.711235
334.638968
334.675466
334.641110
334.640388
334.636142
334.637170
334.672454
334.711255
334.640281
334.605148
334.641125
334.640876
334.670066
334.713490
334.639238
334.752766
334.681907
334.716978
334.679017
334.716021
334.712798
334.566403
334.566211
334.676999
334.605560
334.678807
334.604703
334.603349
334.602294
334.568564
334.677806
334.640421
334.685398
334.605294
334.601973
334.601749
334.675463
334.639622
334.568339
334.603749
334.565396
334.569681
334.676977
334.641406
334.602767
334.603955
334.603931
334.679268
334.677080
334.675574
334.683979
334.636993
334.670890
334.842727
334.842758
334.797850
334.722326
334.603434
334.682194
334.674075
334.641648
334.640816
334.605547
334.682185
334.569913
334.674914
334.570706
334.677311
334.642546
334.673976
334.637037
334.750687
334.637192
334.674702
334.598919
334.674711
334.598913
334.708353
334.710270
334.601805
334.711040
334.567514
334.601334
334.567519
334.601747
334.568395
334.673578
334.604753
334.604407
334.565875
334.638541
334.636247
334.636935
334.637744
334.599733
334.566706
334.710819
334.566425
334.674931
334.565644
334.638007
334.603216
334.604285
334.639113
334.714233
334.601268
334.567986
334.566522
334.672224
334.637390
334.601596
334.640743
334.603115
334.638428
334.567468
334.638895
334.603110
334.722302
334.722308
334.796549
334.644282
334.568924
334.567746
334.638805
334.639594
334.639962
334.715781
334.638046
334.677612
334.640922
334.713756
334.641960
334.641079
334.753317
334.754111
334.673663
334.639534
334.569777
334.673553
334.676815
334.638063
334.673275
334.684327
334.675501
334.641848
334.683856
334.755180
334.830422
334.675941
334.602850
334.718971
334.718142
334.720893
334.755500
334.682626
334.721478
334.637496
334.637699
334.640128
334.605298
334.640341
334.640194
334.640579
334.673246
334.640323
334.674402
334.716066
334.638225
334.568390
334.638500
334.638917
334.638502
334.716355
334.602615
334.648645
334.648174
334.568860
334.568843
334.637417
334.637077
334.603625
334.602036
334.716807
334.603577
334.716052
334.603298
334.569163
334.605034
334.602193
334.605392
334.567242
334.603670
334.826960
334.717518
334.675228
334.716251
334.717653
334.826945
334.570621
334.681097
334.606731
334.602589
334.642086
334.602605
334.681088
334.604920
334.604715
334.567939
334.570433
334.639322
334.715601
334.674959
334.636544
334.711574
334.601832
334.637337
334.602369
334.601838
334.711468
334.636359
334.640739
334.713955
334.715587
334.605604
334.605949
334.605501
334.604765
334.604661
334.677176
334.673440
334.608336
334.570700
334.638408
334.603968
334.568188
334.570715
334.644009
334.673231
334.792549
334.672733
334.716060
334.638763
334.603015
334.714555
334.710851
334.674387
334.638652
334.674796
334.601003
334.675152
334.600991
334.675547
334.640195
334.716983
334.711808
334.711346
334.717764
334.714565
334.750937
334.604075
334.638165
334.603335
334.603615
334.604456
334.570733
334.640571
334.535077
334.603322
334.572988
334.534263
334.640645
334.534514
334.568818
334.535307
334.643130
334.751373
334.606748
334.639948
334.677296
334.674503
334.643919
334.712868
334.677151
334.674773
334.673802
334.826716
334.790673
334.674282
334.675251
334.601385
334.602172
334.639283
334.566451
334.640764
334.640445
334.565663
334.677182
334.716301
334.717091
334.673669
334.640484
334.674252
334.569456
334.638432
334.601737
334.568485
334.714605
334.672514
334.639582
334.753685
334.751712
334.638514
334.567024
334.637722
334.715309
334.754467
334.751702
334.709835
334.746436
334.635528
334.760429
334.680561
334.680565
334.675081
334.639699
334.759903
334.675365
334.674681
334.637377
334.825525
334.635926
334.675497
334.676866
334.719141
334.604742
334.681948
334.602811
334.640485
334.604387
334.601999
334.604379
334.643565
334.639999
334.681415
334.681402
334.602622
334.603686
334.602298
334.603664
334.605588
334.643549
334.716158
334.674594
334.720608
334.674882
334.755101
334.715598
334.718346
334.682125
334.674022
334.638892
334.606020
334.682148
334.675367
334.714300
334.714606
334.715869
334.715517
334.751347
334.567954
334.601974
334.602795
334.641890
334.602785
334.603936
334.757845
334.639298
334.638645
334.638215
334.533231
334.678112
334.675445
334.676375
334.678668
334.677672
334.642326
334.677371
334.675584
334.759262
334.762024
334.750754
334.720411
334.722399
334.721230
334.711878
334.676542
334.674752
334.641160
334.787747
334.790808
334.714518
334.677297
334.712168
334.787751
334.789535
334.753264
334.714050
334.674769
334.675337
334.676106
334.673465
334.674833
334.748340
334.712987
334.795024
334.752346
334.760068
334.797025
334.792494
334.790033
334.756007
334.717155
334.676202
334.711937
334.717558
334.676838
334.675960
334.717086
334.793319
334.670893
334.671871
334.603713
334.637890
334.636299
334.602542
334.603411
334.636527
334.637710
334.639607
334.749539
334.792499
334.792984
334.681186
334.681657
334.755648
334.881928
334.797522
334.681946
334.685684
334.715615
334.715299
334.679173
334.715927
334.712624
334.682717
334.605525
334.754832
334.846662
334.799525
334.797189
334.758861
334.754540
334.636658
334.710228
334.675200
334.710064
334.712795
334.717888
334.754092
334.753297
334.748418
334.710995
334.678138
334.717099
334.639558
334.640206
334.676832
334.716111
334.605320
334.751581
334.640880
334.715628
334.604571
334.676447
334.641749
334.677410
334.675044
334.678004
334.709364
334.675525
334.639557
334.675724
334.639894
334.713316
334.718085
334.718570
334.678343
334.717782
334.640070
334.675433
334.604741
334.606816
334.675702
334.675966
334.713700
334.676882
334.717306
334.640757
334.754477
334.714020
334.711643
334.753210
334.834080
334.882430
334.756784
334.722115
334.756314
334.753657
334.722429
334.753710
334.756464
334.641730
334.642781
334.641011
334.642851
334.677325
334.639584
334.640868
334.639619
334.671682
334.678823
334.677469
334.638038
334.603525
334.603918
334.672220
334.672226
334.672893
334.636846
334.749272
334.758832
334.639444
334.640647
334.677651
334.675543
334.759600
334.676344
334.674903
334.715521
334.639768
334.640404
334.636670
334.641509
334.641975
334.640984
334.641908
334.711983
334.713204
334.711601
334.677673
334.674783
334.638169
334.639273
334.711403
334.639452
334.640264
334.711420
334.677022
334.677135
334.676892
334.754355
334.604881
334.605336
334.712693
334.675898
334.713027
334.711230
334.751205
334.754500
334.710299
334.717866
334.678440
334.717571
334.751215
334.753224
334.641570
334.675316
334.710972
334.680292
334.643444
334.640931
334.679554
334.605987
334.605482
334.606603
334.645047
334.638758
334.638760
334.720633
334.719439
334.641309
334.643651
334.572961
334.571919
334.533224
334.605354
334.499955
334.843186
334.680650
334.683165
334.647195
334.714366
334.683929
334.677634
334.603009
334.679867
334.681746
334.808626
334.643673
334.675814
334.569340
334.567251
334.604175
334.605727
334.603574
334.639845
334.606306
334.567977
334.568548
334.675149
334.640465
334.568324
334.758230
334.639426
334.641020
334.639884
334.678088
334.713658
334.602065
334.602106
334.637731
334.601580
334.605959
334.606114
334.605908
334.677161
334.678416
334.678226
334.681229
334.605512
334.673744
334.675121
334.715013
334.714532
334.841207
334.677866
334.675291
334.709652
334.676190
334.674200
334.709099
334.638293
334.638221
334.678697
334.605113
334.643402
334.604620
334.604965
334.679559
334.642986
334.676650
334.719875
334.716050
334.641881
334.677723
334.719862
334.715587
334.794450
334.534267
334.642174
334.758763
334.673213
334.570901
334.501005
334.638976
334.638314
334.602596
334.600439
334.720375
334.681685
334.675736
334.681994
334.644462
334.640221
334.682175
334.537002
334.534568
334.602268
334.640308
334.675666
334.602311
334.639860
334.570225
334.639012
334.570168
334.638247
334.672697
334.603742
334.566702
334.569900
334.639259
334.636476
334.638839
334.637334
334.638869
334.748746
334.637197
334.571589
334.533746
334.500466
334.640567
334.535014
334.641505
334.567219
334.640446
334.681940
334.644423
334.675266
334.681174
334.711285
334.677869
334.676040
334.676158
334.602363
334.601870
334.798593
334.790243
334.834070
334.758141
334.793603
334.755486
334.756767
334.791595
334.792825
334.716743
334.678095
334.711736
334.754012
334.677460
334.676120
334.752738
334.752791
334.715907
334.637586
334.710080
334.641702
334.716373
334.674696
334.716270
334.674327
334.637148
334.604574
334.675910
334.673335
334.674313
334.750219
334.717517
334.717050
334.673780
334.637415
334.604130
334.673962
334.640546
334.641324
334.717590
334.753652
334.675516
334.719488
334.719659
334.753841
334.753827
334.635587
334.602675
334.674119
334.675551
334.604535
334.719052
334.605764
334.675554
334.678792
334.674473
334.753389
334.750986
334.637969
334.717246
334.716473
334.675488
334.754643
334.750527
334.675793
334.745758
334.676469
334.711392
334.638126
334.753838
334.672461
334.713768
334.676399
334.676970
334.711890
334.637716
334.638706
334.745778
334.714299
334.675794
334.671658
334.638696
334.673328
334.639638
334.716790
334.678148
334.711257
334.639339
334.674066
334.752723
334.676672
334.639745
334.639242
334.751444
334.713023
334.711873
334.752850
334.674955
334.753327
334.675496
334.717097
334.716393
334.672788
334.674856
334.640135
334.638715
334.674893
334.717173
334.673822
334.638440
334.638953
334.794547
334.639838
334.793581
334.713478
334.759887
334.753969
334.753640
334.754426
334.713507
334.754738
334.720244
334.747622
334.672258
334.673265
334.604593
334.673771
334.637913
334.637276
334.675918
334.673271
334.717578
334.717884
334.755568
334.755090
334.674306
334.720926
334.677824
334.678047
334.675275
334.712888
334.708753
334.604506
334.641329
334.641633
334.757515
334.795360
334.758006
334.794097
334.753100
334.754368
334.716260
334.640262
334.719718
334.747117
334.681669
334.681970
334.673907
334.758289
334.758312
334.760217
334.713214
334.713031
334.751167
334.789249
334.639183
334.676684
334.641102
334.642618
334.709464
334.637655
334.602339
334.603157
334.602622
334.708907
334.748984
334.676492
334.602670
334.636640
334.639067
334.758844
334.749321
334.758389
334.640350
334.639684
334.676241
334.683933
334.677162
334.675376
334.677214
334.601936
334.749161
334.601854
334.635892
334.639568
334.638293
334.670894
334.605883
334.603684
334.679550
334.638128
334.639106
334.603480
334.673309
334.672907
334.749955
334.638528
334.636662
334.637742
334.639266
334.714053
334.601748
334.672664
334.598912
334.602934
334.640158
334.566961
334.637976
334.719038
334.680560
334.718745
334.683438
334.682961
334.719798
334.719047
334.643868
334.674745
334.603351
334.675183
334.606035
334.676068
334.639075
334.679500
334.602970
334.677580
334.709993
334.639116
334.750337
334.716310
334.643526
334.641011
334.640260
334.712400
334.673787
334.636297
334.640753
334.601997
334.672289
334.639601
334.605559
334.638478
334.600239
334.604154
334.603834
334.569394
334.672171
334.639657
334.754011
334.789173
334.719566
334.635573
334.636900
334.635296
334.672781
334.601076
334.637141
334.748540
334.637397
334.603746
334.637894
334.601501
334.605316
334.603954
334.639024
334.674501
334.640969
334.567790
334.567276
334.677394
334.677437
334.806534
334.714567
334.715038
334.677904
334.840756
334.673981
334.707859
334.750708
334.605037
334.602848
334.637392
334.673387
334.637536
334.707803
334.750032
334.636788
334.638891
334.637467
334.639904
334.604319
334.640545
334.760917
334.751755
334.795594
334.675340
334.642216
334.539556
334.718609
334.677608
334.719103
334.606187
334.717694
334.717021
334.718279
334.607298
334.676004
334.709086
334.570578
334.569837
334.602944
334.640940
334.602939
334.606397
334.605598
334.643235
334.606030
334.639857
334.568030
334.567233
334.606165
334.605148
334.568767
334.569399
334.676958
334.567249
334.642093
334.717729
334.604721
334.680668
334.808287
334.709424
334.638198
334.604431
334.603549
334.708771
334.751973
334.603252
334.602246
334.640546
334.644583
334.641249
334.674325
334.602531
334.602540
334.675168
334.638637
334.752237
334.752997
334.638978
334.638766
334.606097
334.677243
334.641177
334.641007
334.602601
334.601804
334.716176
334.608059
334.602027
334.641065
334.674729
334.601045
334.601577
334.675708
334.718442
334.711059
334.678552
334.714055
334.717948
334.639565
334.715682
334.605935
334.605676
334.674243
334.641624
334.675410
334.644824
334.603764
334.568320
334.535545
334.793978
334.682027
334.569143
334.678821
334.638817
334.603491
334.639597
334.715089
334.604553
334.675250
334.640858
334.754288
334.677509
334.714171
334.753782
334.711635
334.748281
334.718662
334.676022
334.605715
334.718169
334.677020
334.642981
334.712639
334.789791
334.756157
334.788892
334.676576
334.675541
334.637363
334.677464
334.716077
334.713322
334.678710
334.602804
334.603614
334.789289
334.756151
334.830229
334.675724
334.753006
334.674913
334.673970
334.676378
334.674624
334.755083
334.879276
334.846075
334.796501
334.873944
334.880112
334.752972
334.794876
334.717735
334.680406
334.532337
334.533131
334.640238
334.751689
334.716806
334.716686
334.842039
334.715183
334.681704
334.566695
334.642838
334.604435
334.606219
334.602839
334.605628
334.681231
334.570605
334.755083
334.800432
334.756157
334.759087
334.761057
334.566957
334.568271
334.639349
334.568573
334.605264
334.566300
334.756381
334.834161
334.790651
334.759894
334.758244
334.675643
334.602610
334.753069
334.755348
334.761390
334.673884
334.672349
334.674105
334.672268
334.751831
334.637639
334.752318
334.638477
334.786731
334.674121
334.677837
334.722081
334.676715
334.756574
334.678480
334.683232
334.716468
334.600591
334.795912
334.753888
334.750106
334.830421
334.638707
334.675903
334.712542
334.713784
334.792756
334.757682
334.566962
334.678127
334.605865
334.603215
334.604810
334.639237
334.600244
334.566474
334.674176
334.672885
334.673516
334.793305
334.567767
334.676497
334.675295
334.639932
334.640410
334.638492
334.714090
334.676602
334.709747
334.600229
334.638234
334.566973
334.636839
334.670313
334.601071
334.639242
334.637410
334.638174
334.604145
334.568014
334.569929
334.639125
334.638965
334.671664
334.639103
334.639522
334.568304
334.639914
334.674852
334.601545
334.711941
334.600535
334.712975
334.602779
334.603626
334.637573
334.565894
334.532948
334.677488
334.673490
334.637004
334.708909
334.601027
334.600534
334.636370
334.634744
334.742781
334.601012
334.637721
334.637400
334.637357
334.637030
334.637914
334.710804
334.672259
334.600249
334.710208
334.676203
334.673029
334.566986
334.673789
334.566709
334.672145
334.601431
334.671861
334.566707
334.533459
334.602030
334.601227
334.638384
334.676214
334.608687
334.604178
334.716338
334.716811
334.569560
334.680855
334.605188
334.600812
334.566672
334.641320
334.602401
334.680855
334.603447
334.569584
334.642903
334.672947
334.789365
334.673839
334.603306
334.606289
334.642960
334.568111
334.677266
334.570251
334.675705
334.605686
334.537062
334.641597
334.566385
334.566676
334.599935
334.601603
334.600992
334.675389
334.678635
334.567013
334.636636
334.718906
334.761575
334.604983
334.568090
334.604388
334.601244
334.672878
334.533746
334.534862
334.604123
334.636057
334.566740
334.603295
334.672051
334.604080
334.567430
334.533191
334.673376
334.713691
334.601568
334.635805
334.635828
334.601072
334.569794
334.604069
334.681483
334.608068
334.677408
334.677513
334.717305
334.714509
334.716395
334.679406
334.602520
334.644017
334.603510
334.604869
334.604580
334.605377
334.605077
334.716232
334.600947
334.531848
334.532645
334.640825
334.530746
334.564047
334.564861
334.674958
334.675713
334.677130
334.565603
334.603714
334.601339
334.637230
334.603413
334.637112
334.635770
334.600730
334.673167
334.707999
334.602760
334.638576
334.568529
334.750045
334.636553
334.565709
334.532135
334.566683
334.638935
334.602966
334.603336
334.565204
334.641164
334.564862
334.674649
334.564846
334.603500
334.532424
334.531815
334.531364
334.532150
334.639484
334.678271
334.674564
334.600981
334.601282
334.563239
334.713477
334.713262
334.600773
334.534546
334.533472
334.604457
334.711811
334.675287
334.678046
334.566935
334.602751
334.638679
334.534256
334.639451
334.568020
334.675287
334.676592
334.567464
334.600230
334.570125
334.602819
334.603092
334.569559
334.709720
334.601533
334.567784
334.567790
334.568285
334.604656
334.566648
334.638924
334.602120
334.569897
334.568242
334.602599
334.606848
334.675487
334.638177
334.677715
334.639353
334.607111
334.675502
334.637161
334.717469
334.531111
334.498355
334.498064
334.497774
334.602578
334.601716
334.568295
334.639490
334.602875
334.677442
334.637383
334.679622
334.608444
334.676491
334.601692
334.603328
334.566954
334.639570
334.599278
334.715163
334.639635
334.605662
334.642833
334.569931
334.569143
334.605075
334.681488
334.602407
334.674210
334.682261
334.760451
334.641580
334.680571
334.640953
334.673698
334.759903
334.758638
334.571112
334.605852
334.605242
334.605273
334.716540
334.715957
334.639268
334.569773
334.604537
334.638585
334.639620
334.640375
334.712803
334.716569
334.569844
334.567580
334.566051
334.637256
334.601010
334.714379
334.679103
334.680305
334.602844
334.602575
334.602553
334.602283
334.711891
334.602050
334.601768
334.568301
334.531251
334.639071
334.678800
334.715125
334.748506
334.714236
334.751818
334.716159
334.638926
334.640280
334.639233
334.642344
334.675158
334.571865
334.606293
334.641659
334.677788
334.676512
334.675232
334.677727
334.602661
334.711350
334.605126
334.645761
334.681225
334.681995
334.641664
334.677808
334.711012
334.674775
334.638903
334.751662
334.638241
334.673451
334.636215
334.674373
334.570135
334.637834
334.605157
334.534747
334.604860
334.604762
334.676385
334.600717
334.601832
334.676246
334.641998
334.568786
334.536156
334.607271
334.642638
334.643253
334.640129
334.640557
334.674024
334.641920
334.606966
334.939094
334.891522
334.847089
334.843059
334.572479
334.536870
334.638911
334.602557
334.599680
334.603057
334.677685
334.603535
334.565833
334.640509
334.532895
334.640865
334.534013
334.604446
334.606282
334.674669
334.674491
334.605792
334.643015
334.569588
334.677617
334.806639
334.714760
334.714757
334.569427
334.674806
334.716659
334.606297
334.570407
334.674909
334.604110
334.677623
334.806943
334.677426
334.807293
334.714559
334.712512
334.748247
334.676648
334.714323
334.676885
334.677621
334.641649
334.637435
334.638250
334.672196
334.640822
334.680199
334.675676
334.679281
334.536305
334.538307
334.607174
334.644144
334.608292
334.605236
334.682555
334.572186
334.607019
334.682083
334.639576
334.640084
334.719338
334.530215
334.568833
334.568832
334.569407
334.638082
334.572607
334.603995
334.716217
334.676118
334.569982
334.567770
334.710038
334.675332
334.602363
334.601886
334.714894
334.674112
334.750556
334.674395
334.675169
334.638656
334.604615
334.570092
334.752970
334.603480
334.637912
334.604212
334.637659
334.636733
334.638003
334.598921
334.676252
334.602232
334.603327
334.681421
334.635912
334.682662
334.643882
334.572330
334.677388
334.566708
334.676241
334.641983
334.673515
334.716455
334.606381
334.674913
334.601998
334.601812
334.530993
334.569129
334.569414
334.605825
334.604202
334.567789
334.681084
334.604700
334.678604
334.605178
334.565895
334.640151
334.712890
334.568036
334.534874
334.568221
334.532913
334.531320
334.640557
334.640525
334.640073
334.640094
334.570862
334.604739
334.604344
334.606328
334.608459
334.607697
334.606278
334.603647
334.603890
334.681361
334.640711
334.572837
334.606361
334.537404
334.603212
334.636819
334.637602
334.570412
334.636792
334.604443
334.635568
334.636804
334.634776
334.602548
334.602531
334.642380
334.675776
334.535110
334.605785
334.565692
334.566994
334.642088
334.638314
334.637671
334.757903
334.638014
334.603603
334.641246
334.605247
334.602008
334.678565
334.678603
334.638457
334.639814
334.640284
334.672952
334.672947
334.637852
334.672361
334.672891
334.719373
334.721306
334.718544
334.718246
334.711774
334.753568
334.675638
334.603398
334.717575
334.605017
334.605807
334.572381
334.571151
334.681703
334.607732
334.641227
334.607836
334.717419
334.759310
334.715809
334.638588
334.674656
334.570390
334.570187
334.603361
334.604587
334.672815
334.568758
334.710856
334.711364
334.639884
334.639017
334.569674
334.606355
334.568904
334.643603
334.675165
334.603648
334.640709
334.606904
334.809450
334.758513
334.642635
334.804517
334.835107
334.884959
334.802817
334.802283
334.800606
334.638741
334.715867
334.606515
334.716364
334.682799
334.640724
334.674885
334.682982
334.639903
334.718701
334.604560
334.640381
334.640397
334.762471
334.751755
334.755112
334.674274
334.724432
334.722419
334.719703
334.721015
334.720497
334.720220
334.842705
334.843464
334.884911
334.601257
334.568525
334.567741
334.679969
334.679229
334.604161
334.604718
334.601537
334.676252
334.640403
334.718273
334.605783
334.604997
334.641786
334.565684
334.676312
334.602260
334.604432
334.603924
334.533947
334.569906
334.678754
334.894876
334.843749
334.890836
334.887658
334.932286
334.882870
334.889746
334.943863
334.935338
334.898281
334.852699
334.638411
334.639265
334.721059
334.758742
334.722111
334.640513
334.569543
334.638459
334.534775
334.606169
334.638924
334.748124
334.565171
334.566485
334.641358
334.566875
334.531059
334.532153
334.531323
334.530503
334.606311
334.641504
334.602074
334.602573
334.569784
334.568939
334.568359
334.566517
334.567396
334.569228
334.498597
334.571439
334.569375
334.570142
334.572557
334.683823
334.639095
334.605626
334.638290
334.603476
334.604320
334.641645
334.606424
334.638993
334.680631
334.604862
334.568261
334.638220
334.567696
334.679011
334.640266
334.681129
334.675753
334.637726
334.567228
334.565457
334.674968
334.677509
334.566184
334.533458
334.533157
334.673773
334.673769
334.567420
334.566942
334.674848
334.599204
334.600522
334.566683
334.567468
334.600186
334.608332
334.604616
334.603745
334.499133
334.499132
334.601586
334.672113
334.635065
334.640260
334.674837
334.676630
334.675246
334.639466
334.638670
334.601049
334.600549
334.638647
334.602804
334.568275
334.533743
334.567489
334.677229
334.724820
334.567271
334.641341
334.640191
334.640315
334.640108
334.605053
334.604709
334.676726
334.716386
334.750113
334.680073
334.679510
334.721296
334.724220
334.644227
334.679791
334.678991
334.677101
334.640650
334.715029
334.716603
334.607155
334.679001
334.605810
334.566679
334.679388
334.534736
334.533940
334.640159
334.602080
334.602930
334.641145
334.567002
334.601223
334.601575
334.602927
334.638017
334.601765
334.638324
334.642708
334.566547
334.679475
334.641063
334.679333
334.680944
334.642102
334.640604
334.606872
334.604030
334.603193
335.069060
334.532405
334.640660
334.644361
334.714039
334.602041
334.635457
334.637608
334.637101
334.499926
334.604370
334.677290
334.567565
334.568082
334.676235
334.534822
334.676483
334.567395
334.569603
334.639233
334.602244
334.639258
334.602772
334.566486
334.673799
334.675176
334.599767
334.640344
334.566100
334.567960
334.638170
334.567459
334.565362
334.530824
334.567507
334.601268
334.677885
334.567236
334.603218
334.602740
334.532989
334.566538
334.672331
334.642102
334.569297
334.603660
334.606959
334.571743
334.604768
334.604811
334.602826
334.711574
334.674797
334.565185
334.674754
334.675874
334.640696
334.635282
334.635294
334.677780
334.676516
334.532426
334.566406
334.567027
334.566403
334.676786
334.603703
334.602367
334.644266
334.640962
334.636767
334.638164
334.564690
334.678929
334.607929
334.503155
334.765211
334.766903
334.763524
334.606044
334.719221
334.641642
334.677489
334.839886
334.798015
334.837675
334.848365
334.850840
334.799716
334.534252
334.639266
334.567216
334.712739
334.567995
334.640838
334.639805
334.641330
334.750998
334.878806
334.640724
334.641491
334.759682
334.640601
334.570297
334.568960
334.605366
334.687036
334.675815
334.645204
334.677110
334.567083
334.533842
334.534223
334.640038
334.675230
334.674883
334.567200
334.568011
334.601531
334.600211
334.710832
334.603273
334.638197
334.602688
334.604629
334.605020
334.601000
334.568969
334.567300
334.638760
334.603205
334.564869
334.638234
334.716175
334.676899
334.750945
334.601275
334.708168
334.566531
334.601061
334.601028
334.640955
334.642256
334.676238
334.567497
334.565889
334.534492
334.569300
334.569575
334.603269
334.638771
334.600833
334.601687
334.678841
334.715714
334.674626
334.641404
334.675126
334.602304
334.639645
334.569739
334.672673
334.639167
334.568046
334.601242
334.603614
334.672695
334.602049
334.638337
334.566198
334.603620
334.569033
334.567479
334.677181
334.638553
334.530726
334.604726
334.604376
334.673843
334.603612
334.566514
334.639852
334.640614
334.639574
334.641085
334.642241
334.534782
334.567208
334.713428
334.565911
334.533419
334.567268
334.534029
334.714278
334.567978
334.566701
334.637933
334.565334
334.672175
334.530196
334.636867
334.569583
334.602870
334.641910
334.602351
334.537946
334.570106
334.570089
334.602053
334.604932
334.611269
334.604355
334.570453
334.604908
334.573324
334.646045
334.641978
334.604595
334.534743
334.639156
334.535125
334.532728
334.675361
334.641936
334.606582
334.607726
334.604228
334.605861
334.604237
334.602366
334.675849
334.568229
334.601495
334.602786
334.709985
334.602272
334.569587
334.644836
334.842594
334.832505
334.679639
334.643658
334.716329
334.715716
334.748843
334.677238
334.713102
334.717706
334.718263
334.640825
334.603601
334.677249
334.715840
334.750797
334.750808
334.747961
334.565928
334.599977
334.714076
334.638557
334.603158
334.567624
334.714824
334.603397
334.602551
334.602659
334.642408
334.642625
334.676289
334.679828
334.717821
334.678219
334.678708
334.604618
334.605057
334.638962
334.641073
334.638460
334.639813
334.716155
334.760492
334.716235
334.604393
334.678178
334.710630
334.644202
334.603295
334.603578
334.642875
334.642752
334.675422
334.641044
334.642629
334.604077
334.681846
334.602086
334.639706
334.567743
334.568252
334.601748
334.603367
334.676309
334.675488
334.681846
334.570892
334.603092
334.603272
334.674495
334.640436
334.603187
334.604682
334.600495
334.807114
334.680245
334.642941
334.568874
334.601280
334.602065
334.640617
334.604752
334.678944
334.643340
334.638048
334.605125
334.605078
334.533730
334.568583
334.604490
334.568311
334.568800
334.569377
334.604507
334.926785
334.677980
334.714291
334.715044
334.714210
334.531924
334.641111
334.674335
334.569356
334.603139
334.603421
334.609624
334.533215
334.608577
334.603375
334.677885
334.606838
334.642029
334.498869
334.567545
334.567003
334.642840
334.569990
334.571317
334.568354
334.567315
334.569176
334.535367
334.683410
334.568811
334.677373
334.500458
334.607070
334.607061
334.568795
334.640231
334.568966
334.568766
334.643492
334.604477
334.678299
334.644823
334.605705
334.607432
334.603821
334.501536
334.645266
334.604984
334.497502
334.603843
334.605737
334.679558
334.641382
334.606572
334.673245
334.715280
334.676772
334.680116
334.680487
334.679871
334.681074
334.679405
334.676538
334.714945
334.601782
334.716797
334.678407
334.712703
334.531505
334.529929
334.530765
334.639864
334.530285
334.530754
334.530555
334.638147
334.638658
334.638147
334.602592
334.569071
334.567213
334.715138
334.748228
334.748270
334.749025
334.677856
334.678330
334.715257
334.642745
334.569667
334.641593
334.676529
334.645618
334.640681
334.640976
334.672329
334.601767
334.601223
334.673124
334.639549
334.569664
334.681705
334.677994
334.717184
334.719688
334.716493
334.636285
334.670076
334.637372
334.599371
334.636250
334.565661
334.601039
334.636898
334.601561
334.602055
334.716510
334.679304
334.714442
334.640648
334.639878
334.641001
334.677269
334.568003
334.605532
334.604636
334.533691
334.605201
334.679231
334.643687
334.680144
334.750506
334.601320
334.602627
334.602094
334.713473
334.531842
334.679322
334.644560
334.603682
334.603681
334.568849
334.569357
334.641837
334.601772
334.602824
334.606040
334.606116
334.603971
334.605328
334.571521
334.640397
334.571932
334.571309
334.605105
334.500745
334.605560
334.675932
334.609393
334.674585
334.607411
334.636438
334.637243
334.643074
334.467189
334.680158
334.601295
334.748487
334.603163
334.601826
334.676440
334.677773
334.640761
334.645068
334.641056
334.637884
334.863438
334.602484
334.713651
334.672161
334.638243
334.567578
334.672810
334.569241
334.603792
334.680434
334.638526
334.533853
334.535999
334.601331
334.602631
334.639373
334.637654
334.711584
334.637188
334.643034
334.712892
334.712924
334.603054
334.637388
334.637845
334.604914
334.640350
334.637086
334.717935
334.676796
334.718440
334.605371
334.717116
334.607272
334.677951
334.677634
334.640993
334.717613
334.752326
334.678605
334.677692
334.641051
334.639054
334.638122
334.637151
334.569051
334.567994
334.569164
334.640920
334.638982
334.717219
334.672753
334.675683
334.674649
334.638954
334.638423
334.718014
334.752940
334.795386
334.639726
334.794620
334.673954
334.676224
334.709273
334.677824
334.754818
334.677800
334.638622
334.679037
334.643180
334.754056
334.602901
334.717890
334.711500
334.710258
334.675985
334.710564
334.639334
334.751115
334.641583
334.601733
334.717552
334.637649
334.676100
334.676198
334.751156
334.674823
334.710984
334.711579
334.674942
334.601512
334.674499
334.716712
334.675867
334.716423
334.638362
334.718817
334.640272
334.675467
334.677130
334.608652
334.682944
334.674110
334.751603
334.786842
334.677723
334.677998
334.759573
334.798624
334.800851
334.602386
334.683447
334.683735
334.682734
334.675118
334.641959
334.683493
334.641099
334.718147
334.756107
334.753531
334.755362
334.752680
334.719377
334.756093
334.753049
334.756129
334.752202
334.792737
334.830280
334.600719
334.600743
334.676286
334.716548
334.717491
334.603991
334.569152
334.603068
334.605402
334.716322
334.569146
334.682193
334.607070
334.604280
334.568859
334.682193
334.605550
334.716312
334.674737
334.635029
334.638600
334.683080
334.682779
334.636571
334.603973
334.751681
334.638640
334.715313
334.603638
334.603358
334.604456
334.569940
334.602982
334.715305
334.532623
334.602192
334.499395
334.639271
334.531861
334.639228
334.568138
334.600986
334.565046
334.531826
334.635893
334.635669
334.636795
334.568362
334.602886
334.750193
334.636003
334.601807
334.673805
334.602774
334.600753
334.714421
334.603601
334.568874
334.638693
334.600196
334.566169
334.709958
334.642018
334.565186
334.566647
334.639285
334.640112
334.500173
334.533699
334.532660
334.675738
334.676525
334.600020
334.601039
334.673946
334.637459
334.638149
334.715286
334.532949
334.603643
334.566174
334.636814
334.600946
334.533420
334.601449
334.566181
334.567156
334.603318
334.599623
334.636848
334.601259
334.566945
334.638729
334.637325
334.709517
334.638323
334.602660
334.602841
334.603228
334.567029
334.604269
334.638628
334.713287
334.671213
334.638249
334.604723
334.636763
334.675511
334.600774
334.599144
334.712778
334.709683
334.602004
334.639893
334.604749
334.715209
334.604737
334.569957
334.638317
334.568185
334.602923
334.639582
334.601429
334.714544
334.604749
334.604472
334.715188
334.567486
334.716345
334.603172
334.601061
334.602032
334.533272
334.566543
334.671701
334.600692
334.599898
334.602605
334.566822
334.638224
334.637715
334.530831
334.531636
334.636827
334.636045
334.636368
334.672041
334.673500
334.568670
334.638241
334.603669
334.635426
334.750953
334.635736
334.749369
334.600409
334.674108
334.603101
334.599409
334.565681
334.597808
334.599399
334.675150
334.643120
334.641176
334.675848
334.641948
334.604771
334.602663
334.604214
334.639316
334.569454
334.639613
334.641287
334.571412
334.606194
334.717167
334.568073
334.711390
334.601315
334.676226
334.677036
334.600073
334.568592
334.602338
334.604768
334.568033
334.714586
334.638017
334.639631
334.604229
334.604542
334.714649
334.639325
334.604469
334.567491
334.638271
334.604745
334.637777
334.638292
334.676270
334.676742
334.679645
334.675917
334.531021
334.643327
334.673262
334.877357
334.604242
334.531603
334.568263
334.567427
334.719642
334.567532
334.608206
334.609008
334.501219
334.636569
334.674806
334.605121
334.678846
334.640956
334.638795
334.645281
334.641900
334.637638
334.532406
334.637365
334.603664
334.532900
334.603402
334.713888
334.749012
334.749855
334.748524
334.749032
334.678536
334.679321
334.603248
334.676634
334.639486
334.641430
334.684273
334.641654
334.637643
334.638463
334.638784
334.639842
334.602631
334.639096
334.605004
334.604733
334.569349
334.639049
334.640093
334.638517
334.604491
334.676462
334.603892
334.718250
334.674798
334.569906
334.677637
334.683733
334.640413
334.641174
334.533212
334.566441
334.532724
334.603812
334.679606
334.643658
334.678954
334.644223
334.716376
334.602341
334.533170
334.636385
334.533946
334.605478
334.677339
334.636598
334.744128
334.713172
334.635541
334.600515
334.636621
334.636124
334.710669
334.568840
334.568840
334.533516
334.567020
334.672844
334.603621
334.603909
334.600754
334.603286
334.532872
334.602810
334.602053
334.603165
334.533743
334.532933
334.601743
334.568783
334.566501
334.601248
334.602800
334.712011
334.677578
334.601842
334.566324
334.569944
334.710890
334.711222
334.567844
334.603827
334.675348
334.534342
334.534323
334.672777
334.603377
334.567547
334.567498
334.671882
334.638696
334.637643
334.567795
334.534247
334.602001
334.601233
334.636883
334.600542
334.568259
334.672667
334.672918
334.638468
334.602842
334.566379
334.637317
334.637105
334.532443
334.532880
334.567982
334.567706
334.566493
334.642818
334.640508
334.571861
334.499654
334.498865
334.570821
334.719669
334.755499
334.756034
334.756929
334.645760
334.605030
334.678887
334.787848
334.638535
334.604820
334.744913
334.603946
334.675002
334.711454
334.636060
334.637393
334.711612
334.637286
334.637333
334.718932
334.639743
334.674831
334.712125
334.637921
334.711460
334.603934
334.683297
334.677186
334.675209
334.569686
334.570516
334.567822
334.532361
334.566924
334.567269
334.532989
334.499741
334.566847
334.532875
334.531443
334.603195
334.602361
334.600245
334.601122
334.602972
334.568863
334.640181
334.645411
334.642867
334.602080
334.532093
334.602532
334.602264
334.603182
334.567220
334.709678
334.599403
334.676561
334.641331
334.601087
334.567510
334.600218
334.674196
334.565674
334.673956
334.604144
334.675431
334.672993
334.566745
334.565629
334.568281
334.566319
334.636833
334.635614
334.567070
334.565954
334.566430
334.566448
334.603741
334.637445
334.600722
334.565678
334.603148
334.602372
334.604562
334.723321
334.722850
334.712824
334.675019
334.600754
334.569642
334.674408
334.640930
334.642262
334.639048
334.642310
334.641536
334.610496
334.572230
334.640117
334.639922
334.567549
334.602452
334.710262
334.602788
334.602768
334.604851
334.603851
334.677900
334.606153
334.680572
334.607024
334.497487
334.674499
334.635708
334.604587
334.569560
334.710583
334.600705
334.636494
334.603121
334.637288
334.673594
334.601494
334.607482
334.535660
334.640434
334.717468
334.717469
334.639710
334.535678
334.642754
334.714828
334.717482
334.644909
334.640742
334.683553
334.604577
334.675492
334.567191
334.569025
334.641470
334.640711
334.639973
334.642741
334.569025
334.640183
334.566988
334.566979
334.674994
334.602955
334.710023
334.678101
334.679230
334.534225
334.642270
334.607166
334.787440
334.640328
334.638774
334.640839
334.606884
334.640305
334.606324
334.606084
334.896579
334.563869
334.641277
334.565492
334.566484
334.565391
334.565562
334.673784
334.677690
334.601946
334.602986
334.713570
334.716308
334.713484
334.603954
334.602095
334.602906
334.680186
334.680596
334.676110
334.642316
334.607108
334.643071
334.641380
334.640462
334.639202
334.639115
334.600923
334.601193
334.679994
334.715170
334.750237
334.751512
334.637902
334.637426
334.712029
334.715331
334.719693
334.680943
334.603900
334.603696
334.569408
334.717214
334.569262
334.531034
334.712736
334.678642
334.715666
334.639289
334.639820
334.714972
334.569971
334.604396
334.639676
334.638356
334.603624
334.601795
334.537278
334.568093
334.567324
334.604810
334.603690
334.602093
334.602552
334.602556
334.604180
334.605333
334.531852
334.569401
334.637358
334.531914
334.671157
334.637428
334.671644
334.599074
334.600533
334.567892
334.673366
334.675081
334.568553
334.607483
334.671644
334.637130
334.635773
334.603372
334.568593
334.673405
334.639774
334.673409
334.599705
334.566461
334.601289
334.639764
334.603104
334.751460
334.602589
334.675680
334.678981
334.645416
334.640391
334.639701
334.678211
334.644625
334.713533
334.600977
334.638713
334.715295
334.640464
334.637855
334.565161
334.600748
334.672229
334.638843
334.673228
334.603286
334.678224
334.567234
334.566725
334.566932
334.531342
334.531822
334.640080
334.635592
334.636071
334.749652
334.638676
334.601486
334.639255
334.752702
334.673265
334.714490
334.603635
334.675452
334.640707
334.674570
334.641421
334.674275
334.599687
334.640610
334.566931
334.709653
334.602695
334.602939
334.603271
334.602297
334.751203
334.709972
334.534574
334.637907
334.535159
334.570179
334.680337
334.605028
334.602953
334.710485
334.602636
334.602746
334.602828
334.570101
334.640214
334.565393
334.674500
334.564890
334.565739
334.532492
334.532763
334.638824
334.568286
334.603929
334.638159
334.568606
334.534223
334.641165
334.569078
334.600164
334.600200
334.711388
334.566934
334.564789
334.677039
334.603339
334.603873
334.533139
334.604693
334.608450
334.642904
334.645820
334.601036
334.601815
334.638915
334.639533
334.644038
334.677996
334.677379
334.712142
334.600460
334.600758
334.638736
334.714625
334.639780
334.679065
334.568050
334.567253
334.567769
334.532109
334.640902
334.641781
334.601698
334.645509
334.640448
334.641813
334.644184
334.643997
334.639746
334.534891
334.681275
334.568318
334.636058
334.712968
334.602835
334.602796
334.568511
334.674660
334.675038
334.567521
334.534263
334.718765
334.570724
334.677381
334.685814
334.570132
334.677600
334.716194
334.639420
334.605877
334.787239
334.637227
334.676593
334.677386
334.600253
334.602130
334.601840
334.637154
334.747644
334.744400
334.602299
334.637324
334.602647
334.600181
334.672737
334.603097
334.635991
334.601269
334.568961
334.601741
334.676412
334.607814
334.711941
334.601024
334.600736
334.712994
334.602053
334.674851
334.569980
334.532729
334.638698
334.604270
334.644211
334.602493
334.569508
334.569560
334.567205
334.674627
334.674193
334.673537
334.639524
334.786998
334.637706
334.710233
334.641131
334.606863
334.673433
334.752585
334.639202
334.673342
334.712816
334.672410
334.639050
334.671529
334.786966
334.709745
334.640643
334.606390
334.637140
334.637815
334.534831
334.606407
334.682227
334.605600
334.568580
334.679704
334.568086
334.568055
334.568272
334.604141
334.641059
334.676410
334.675494
334.569605
334.675133
334.642468
334.676063
334.680320
334.644010
334.682197
334.679296
334.531609
334.602910
334.531608
334.604272
334.710508
334.604857
334.602889
334.677508
334.603406
334.847789
334.715753
334.841970
334.679465
334.568851
334.713881
334.603646
334.709999
334.570289
334.572248
334.716255
334.604018
334.716768
334.603763
334.837332
334.568241
334.604155
334.637721
334.607870
334.603686
334.603743
334.639112
334.675616
334.750688
334.676187
334.636524
334.709466
334.640094
334.674185
334.677440
334.752137
334.642082
334.751639
334.639884
334.641027
334.750889
334.793837
334.795075
334.639707
334.640344
334.670848
334.710992
334.674848
334.751789
334.637640
334.751769
334.672892
334.672820
334.674355
334.639778
334.672864
334.677487
334.751396
334.793060
334.676214
334.716817
334.716533
334.674548
334.601074
334.603921
334.604703
334.605313
334.639060
334.566707
334.567930
334.607173
334.675091
334.569317
334.606868
334.568807
334.569304
334.844439
334.851119
334.640983
334.644286
334.567342
334.601135
334.599281
334.638493
334.638181
334.535007
334.534488
334.606301
334.641089
334.639081
334.534021
334.641106
334.606793
334.605770
334.569496
334.568657
334.717479
334.569550
334.534390
334.897116
334.718964
334.642355
334.606862
334.533171
334.641304
334.567794
334.567417
334.567667
334.604659
334.606815
334.644030
334.641397
334.567218
334.567250
334.684897
334.571028
334.569707
334.644516
334.604645
334.762529
334.719172
334.609707
334.719160
334.761749
334.719170
334.570823
334.676589
334.566384
334.681904
334.604856
334.681063
334.604071
334.569284
334.569018
334.603684
334.637651
334.604214
334.571246
334.642058
334.604696
334.604676
334.676466
334.636913
334.536145
334.679988
334.569096
334.646546
334.676633
334.639755
334.644422
334.532725
334.532123
334.569061
334.604229
334.678088
334.603428
