281.043065
280.933796
280.863890
280.967594
281.042828
280.899049
280.966661
280.865237
280.967326
280.934646
280.931468
280.963399
281.040930
281.000715
280.931605
281.041234
281.001249
281.043314
281.044078
281.001217
281.039026
281.000381
281.037488
281.000275
281.004986
280.931666
281.000155
280.966927
281.077766
281.077256
281.034734
281.000860
280.965754
280.963982
281.074963
281.164963
281.000885
281.038987
281.000788
281.165001
281.002293
281.000269
281.114842
281.079772
281.080958
281.157570
281.115066
281.114730
281.081371
280.965066
281.079912
281.124450
281.081438
281.081713
281.080058
281.081241
281.114372
281.158611
281.080683
281.157756
280.966494
280.965857
281.114213
281.037208
281.165442
281.003171
281.000807
280.964083
281.000430
281.044388
281.000301
280.966322
280.965154
281.006483
281.007581
281.006795
281.001655
280.930823
281.037340
280.966720
281.000935
281.000707
281.043676
281.002013
281.000768
281.000417
281.044001
280.929349
281.123586
281.081520
281.079736
281.080551
280.965419
281.115221
281.080272
281.082457
281.113479
281.119145
280.965704
280.932045
281.045924
280.967161
281.004004
280.968900
281.001211
281.007848
281.038148
281.038209
281.079876
281.046384
281.072521
281.032179
280.999870
281.111903
280.963460
281.112176
281.145778
280.998164
281.000955
281.000990
281.002883
281.079209
281.075868
281.085216
281.077467
281.034576
281.034096
281.003057
281.072438
280.999707
281.112104
281.076202
280.965299
281.152241
281.119492
281.000250
280.965470
281.002953
281.038742
281.001954
281.074062
281.038528
281.072380
281.038214
281.035287
281.118427
280.864246
280.968309
280.928787
280.964718
280.998148
280.999103
281.117353
281.071883
281.003393
281.040670
281.035573
281.117364
281.073844
281.038949
280.932714
280.967232
281.033089
281.000029
280.967255
280.965731
281.038206
281.111790
281.109463
281.155113
281.189389
281.153727
280.966360
281.041673
281.040355
281.075535
280.969133
280.965797
281.072533
280.999550
281.075230
281.041683
281.035710
281.112413
281.035204
281.078534
281.041491
281.038047
281.072755
281.038501
281.002021
281.002451
281.011033
281.044129
281.033838
281.043396
281.076327
281.076784
281.045172
281.078419
281.037232
281.038391
281.034110
281.157302
281.242098
280.999305
281.072528
280.998814
281.072403
281.035630
281.070463
281.034082
281.001206
281.033833
280.965141
280.931743
281.111195
280.999413
281.006230
281.078068
280.965622
281.041083
281.113624
281.079452
281.112930
280.965626
280.966594
281.040482
280.964753
280.965449
281.040769
281.076751
280.966117
281.046075
281.040958
280.898732
280.965698
280.966460
280.933791
281.078946
281.001648
281.037797
281.079184
281.002667
281.070490
281.152957
281.076601
281.074506
281.036071
281.113742
281.072770
281.038373
281.039184
281.001796
280.967933
281.042632
281.042849
281.000860
281.003294
281.077061
281.044656
281.000456
281.150436
281.263437
281.116117
281.118933
281.115976
281.154332
281.151738
281.117738
281.071125
281.108090
281.074119
281.147722
281.114859
281.001130
281.040275
280.966582
281.071819
281.045864
281.079269
281.079005
281.000710
281.037464
281.075790
281.070269
281.074481
281.040766
281.002719
281.080595
281.000816
281.073669
281.075696
281.037379
281.036442
281.113860
281.039974
281.080123
281.036524
281.036278
281.037050
280.967637
281.045880
281.036208
281.078828
281.037598
281.118065
281.078911
281.082342
281.079808
281.147816
281.110222
281.115873
281.112378
281.000239
280.966823
281.004513
280.965059
281.131555
280.967610
281.000184
281.040088
281.166070
281.113108
281.036162
281.075463
281.004530
280.967927
280.968081
281.034774
281.043916
281.000751
281.000622
280.965415
280.930699
280.972174
280.934341
281.004136
281.081490
281.082504
281.081453
281.080828
281.003124
281.005111
280.965887
280.966683
281.001043
280.928979
281.036692
281.005859
280.969466
281.202960
281.113891
281.040149
281.077894
281.046518
281.079053
281.082318
281.045577
281.078062
281.077565
281.001484
280.930304
281.000816
280.896853
280.897748
280.931226
281.006381
280.934088
281.002567
281.081662
280.966045
281.044644
281.002680
281.041852
280.931665
281.042673
281.000446
280.964855
281.083516
281.005542
281.037857
281.001777
281.040252
281.168354
281.161645
280.999700
281.042700
281.042393
281.000356
281.000227
281.003185
281.073435
281.002487
280.966418
280.966387
281.038779
281.037338
281.000800
281.001010
281.000656
280.932689
280.998808
281.037292
281.073218
281.041414
281.084633
281.004739
281.040649
281.003176
281.004388
280.931824
280.966782
280.929229
281.038430
280.965456
280.966637
280.964686
280.964785
280.968935
281.044389
281.039559
281.037608
281.000857
281.002294
280.969163
281.041662
281.009619
281.009148
280.967073
281.085401
281.002100
280.932143
281.042921
281.043840
281.001387
280.930038
281.074955
280.962923
281.002688
281.004232
280.966527
281.001110
280.933269
280.898006
281.036820
281.001905
280.968846
281.007123
280.932752
280.894699
280.896429
280.933464
280.965689
280.966260
281.040080
281.002020
280.933609
281.002757
280.926935
281.002017
281.034344
280.999785
281.004256
280.999676
280.968652
280.932002
280.965644
281.042549
280.964987
281.007373
280.932872
281.044495
281.041272
280.932164
281.073034
281.001905
280.967927
281.081511
281.083989
281.116010
281.005063
281.167709
280.998514
281.002228
281.077748
281.002033
281.077494
281.000343
281.037148
281.036141
281.074488
281.002660
280.966390
281.001338
281.001134
281.084685
281.038797
281.077382
280.999846
281.037976
281.076657
280.933503
281.043213
281.086941
280.866471
281.043685
280.966957
281.042936
281.153277
281.164197
281.155915
280.895843
281.004730
281.004169
281.003115
281.041285
281.076811
280.963905
280.964742
281.075589
281.076785
280.965768
280.964942
281.077726
281.078238
280.896538
280.898432
281.076767
280.967145
281.084271
281.085671
281.087379
281.120904
281.169210
281.171600
281.202038
281.113394
281.150682
281.119679
281.197468
281.120165
281.118758
281.157170
281.161143
281.001693
281.002423
281.081585
281.037551
281.044811
281.001484
281.004355
281.040615
281.036569
281.038744
280.964323
280.929615
281.072672
281.035890
281.044276
281.112343
281.075063
281.036364
281.071625
281.151236
281.111356
281.112642
281.113403
280.998648
281.039970
281.002432
281.111634
281.079246
280.999636
281.000379
281.075608
280.967407
280.999033
281.000893
281.001166
281.002191
281.116664
281.078660
281.078218
281.116597
281.120568
281.123529
281.123599
281.125811
281.206329
281.155064
281.155045
281.190062
281.143084
281.078402
281.112650
281.081866
281.276094
281.155160
281.038287
281.076701
281.109484
281.076230
281.077093
280.966929
280.967645
281.116374
281.077358
281.079292
280.932418
281.238533
281.202088
281.246853
281.263492
281.263965
281.263493
281.246833
281.264739
281.168009
281.214090
281.243215
281.205056
281.250663
281.260471
281.121634
281.149998
281.146429
281.113576
281.075335
281.145392
281.201896
281.075905
281.042480
281.077067
280.933172
280.932237
280.931741
281.007034
281.041169
281.003242
281.006982
280.931639
281.044651
281.043905
280.932903
280.899009
281.040448
281.037917
281.036025
281.001065
281.002096
281.002737
280.973207
280.966957
281.037346
281.001653
280.931982
280.930269
280.999393
280.967276
280.999028
280.932768
281.001812
280.965940
281.004353
280.965989
280.964836
281.001351
280.966951
281.079058
281.118106
281.121294
280.897412
281.038125
281.000284
280.964377
280.930646
281.074701
280.965218
280.968120
280.899921
280.967078
280.967327
281.004090
280.967153
281.039257
281.036858
281.035959
281.000276
280.963918
281.078589
281.119141
280.962871
280.928464
280.999819
281.036996
280.929626
281.036246
281.001948
281.002952
281.077429
280.965006
280.931165
281.079149
281.002196
280.967024
280.966306
281.043433
281.001227
281.002676
280.967827
281.045456
280.963821
280.963880
280.963586
281.003842
281.002983
281.003689
281.000682
281.002873
281.203696
281.253987
281.001319
281.257080
281.164297
281.210007
281.202834
281.160254
281.368330
281.038316
280.928478
280.929633
281.003019
281.038703
280.966120
280.966166
281.076752
280.932466
281.001848
280.998205
281.033845
281.034673
280.964482
281.110356
281.186379
281.000395
281.037279
280.999336
281.036171
281.036282
281.034569
281.004565
281.007988
281.002638
281.038923
281.040287
281.006503
281.074051
281.037203
280.928028
281.003648
281.120771
281.086772
281.000623
280.965819
280.966978
281.077042
280.964853
281.078930
281.048296
281.044938
281.002898
281.007292
280.967728
280.962256
281.076502
281.112210
281.042252
281.071388
281.110625
281.139918
281.041507
281.035863
281.038637
281.038825
281.038477
280.927774
280.927182
281.073851
281.039374
281.039478
281.042977
281.010541
281.041456
281.042471
280.966328
280.963988
280.965414
281.004826
281.038166
280.964000
281.035492
281.076151
281.036987
281.037615
280.926903
281.074022
281.075037
281.002802
281.000247
281.005154
280.931001
281.040436
281.003406
281.005820
280.929521
280.930647
280.933532
281.001496
281.001477
281.004677
281.001521
281.153735
281.113796
281.038510
281.038085
281.038868
281.038497
281.072942
281.114290
281.038955
281.036605
281.119402
281.165467
280.964592
281.078972
280.966812
280.964339
281.002420
281.003550
280.967267
281.007899
280.966607
281.003529
280.964708
281.001303
281.003971
280.966479
280.964436
281.001153
281.006706
280.932963
280.970393
280.931250
280.929964
280.969300
281.003858
280.930255
280.930931
280.963022
281.000792
280.965620
280.962506
281.003980
281.001103
280.928864
281.002993
281.002656
280.929737
280.898099
280.930885
281.003445
281.003916
280.966147
281.118509
281.075304
280.964920
280.963957
281.117795
280.964902
280.967174
281.043201
281.075293
281.040371
281.039579
281.011319
281.495760
281.175144
281.212580
281.160950
281.208532
280.968027
281.005258
281.079904
281.002710
281.035152
281.077135
281.167921
281.038181
281.040657
281.086940
280.894674
280.931226
281.041780
280.967858
280.971180
281.011397
281.037666
281.037767
281.001746
280.967503
280.963238
280.964335
280.929781
280.966929
280.965851
280.929157
280.931848
281.524090
281.039658
280.965353
280.931729
280.930794
280.929825
