8129.753443
8127.584583
8168.776679
8204.869515
8141.119390
8162.899154
8143.188537
8127.348099
8139.130885
8158.526361
8117.343959
8155.471261
8160.888564
8141.910589
8141.309277
8126.267993
8155.924852
8146.700046
8130.774896
8155.976901
8167.105995
8155.267669
8128.543318
8166.519759
8154.390513
8116.775688
8128.443782
8154.695273
8171.758034
8181.228186
8157.049363
8140.409311
8154.588618
8150.440049
8140.416883
8164.939226
8171.531583
8157.322043
8166.928751
8167.205064
8167.610425
8153.494531
8167.498572
8150.523796
8141.087912
8125.520696
8166.278124
8191.975074
8181.595637
8150.199898
8126.337836
8154.627556
8153.210842
8156.138759
8139.743396
8115.762652
8127.177934
8149.043521
8165.786925
8156.827290
8166.339290
8232.001465
8210.179103
8191.164750
8169.664269
8138.910260
8140.215847
8166.111359
8152.395847
8138.787360
8164.428742
8155.633894
8155.427514
8151.992176
8142.902035
8138.159388
8152.667830
8181.495513
8187.525825
8218.221003
8127.422002
8181.749022
8175.775003
8194.141113
8178.863238
8169.532693
8174.691492
8169.476201
8172.095515
8154.992439
8151.124384
8212.508357
8188.486036
8141.552227
8209.493564
8213.825239
8131.659796
8128.680256
8217.133105
8206.634398
8232.002059
8226.051070
8187.158308
8194.398819
8152.269099
8168.622535
8156.167727
8155.399238
8143.197149
8141.577279
8126.765329
8129.399014
8132.813369
8117.678196
8128.662380
8164.912982
8169.083106
8127.208849
8128.896942
8158.582716
8150.932834
8169.422679
8126.446499
8170.376499
8180.703011
8154.190809
8115.007148
8158.115408
8156.072108
8139.730426
8139.230342
8278.544879
8138.069458
8116.840199
8138.786289
8141.194122
8188.440102
8185.008241
8128.538826
8127.394920
8170.843072
8154.000029
8172.536778
8170.826520
8164.871247
8205.819929
8197.569194
8158.468557
8159.893221
8162.257893
8155.974739
8169.895903
8164.520944
8116.902835
8127.107813
8129.587241
8107.782614
8134.867395
8144.132188
8137.387081
8137.401253
8138.832931
8149.553359
8126.870975
8145.446161
8106.964020
8138.506651
8142.815965
8142.493523
8127.101764
8201.095527
8164.275291
8179.730491
8140.081324
8182.428273
8219.384154
8139.570237
8107.059016
8128.681281
8131.621664
8117.675832
8127.966877
8141.009482
8128.737674
8170.812092
8143.580765
8128.189031
8143.607370
8139.202432
8137.237732
8151.246216
8139.839730
8151.492862
8139.994793
8119.376416
8118.855359
8141.292167
8141.916110
8096.447954
8173.898996
8148.924487
8153.822535
8138.951837
8170.087194
8126.798939
8154.875141
8136.378411
8115.769865
8155.814566
8127.811341
8147.503337
8106.106542
8156.599306
8156.474896
8158.958638
8147.751817
8139.562307
8133.283214
8128.585230
8175.553304
8217.272493
8217.165307
8150.403472
8139.601779
8151.958589
8128.761707
8182.234227
8149.021586
8152.615942
8151.755930
8149.706939
8142.179531
8128.555375
8138.323382
8150.678630
8162.589171
8141.446343
8164.910216
8138.835640
8191.939819
8154.667126
8137.319585
8145.770626
8185.387094
8141.366698
8189.890695
8193.904522
8128.841557
8168.116843
8349.536257
8127.542580
8156.663878
8105.310479
8104.444960
8208.026263
8142.606824
8128.944968
8135.103775
8128.609826
8129.305641
8144.484261
8144.677386
8139.637563
8138.104931
8141.908147
8172.665512
8129.453687
8141.161698
8127.479039
8171.328136
8415.241900
