1583.806033
1438.371978
1036.915465
949.794186
1469.325473
937.165207
1152.762570
918.631413
1067.226992
923.220812
1063.415059
928.875519
932.628788
1065.665204
1368.347493
1362.315666
1349.467056
1275.414292
1021.293818
1749.662771
1636.938677
1115.446899
1214.941467
1206.359814
1016.738435
1009.714352
1349.882742
1355.437435
1260.389402
2084.862463
2134.916191
2006.563134
1133.647462
1089.548428
1120.146113
1232.426620
1302.901090
1009.301462
1137.044345
1437.140526
1276.073665
917.506158
1369.937750
1026.286047
1364.067719
862.840176
1019.169338
1192.325006
1257.620759
932.982687
1139.347786
1567.172485
1164.512653
1309.123607
1192.075592
1372.706321
720.627515
661.874715
1010.065196
974.712082
1045.179569
1071.521347
1801.883918
1111.772652
1009.615494
1124.328777
585.932543
816.533591
1051.833742
1199.803511
1311.228203
1185.650837
1370.307502
978.342980
1507.127846
1357.975952
1491.767550
1241.224564
1141.528313
1115.120175
1111.553822
1098.947756
1160.992805
1857.723934
1310.041192
1624.370394
1803.221424
1226.092430
1543.660613
1227.444477
1612.027395
1158.479779
1327.581632
781.932424
1095.464059
908.911388
844.854165
1119.563772
1113.131324
1406.894712
1409.860011
1112.134762
1321.012760
1287.796606
1251.541891
1376.643824
1365.976725
1534.137552
1771.637804
1000.824483
1278.927802
1258.337920
1143.624536
810.990150
765.985738
1147.189931
768.647233
1069.391694
1067.746473
1052.377699
1570.883948
1632.041600
1535.490522
1531.067297
1655.171846
1775.861911
1529.369257
1325.291897
1344.336074
1821.933084
1399.508915
1517.727966
1237.381327
1174.213947
1826.332000
1218.966910
997.333647
637.521229
785.384393
1305.528277
1265.386954
860.398098
1093.698539
1745.751980
2008.286132
1741.535615
1956.536954
1121.740558
971.599778
975.582984
994.395994
901.626094
1202.115670
1029.120773
920.067348
1200.713439
1552.396486
999.114860
1204.334514
949.258871
1240.263296
1123.219468
1362.961467
1385.928813
1260.102558
1261.446766
1240.987825
1337.972586
1213.144563
1145.601077
1206.922799
1162.253020
1421.475944
1457.737978
1234.801961
1591.395234
1600.641550
1506.448026
1644.558868
1563.754238
1570.477452
1231.384756
1162.038773
1105.813490
1774.703709
1227.669428
900.814238
1261.563538
1289.067808
1281.511268
1038.407706
1659.999653
1576.435114
1667.116434
1867.614576
1946.324546
1418.986694
1729.673170
1935.989037
2016.536996
1732.392940
1731.464833
1214.571603
1467.339143
930.079579
1386.834738
1191.900679
1160.877685
1309.940823
1335.592428
1847.588180
1210.840413
1243.636544
1861.903768
1255.302796
1358.316094
1514.064790
1481.979858
1391.514905
1390.644556
1457.943940
1100.684822
1152.281966
976.626872
1357.623217
987.260476
1238.129332
1245.814155
1139.613652
1259.153488
1093.944631
1406.981554
1243.030743
1007.808176
1613.166413
1255.755586
1364.509877
899.931356
995.146341
1223.405709
1119.279898
850.939405
884.857504
1053.912012
1229.983720
779.890767
1055.961231
1113.848737
807.854799
1028.213190
1165.092162
975.228205
1031.177335
1233.969576
1369.634972
1429.493520
1318.323530
1565.598000
1058.611781
1557.384769
1170.068513
1048.411636
924.853782
1588.238797
1257.122943
1779.205150
902.400279
1570.846152
889.071366
934.369587
1041.913113
951.556515
1221.381329
1255.423014
921.397697
1000.772933
1022.705059
883.010060
913.725211
1153.827515
761.842898
1220.411790
811.604298
1220.712434
768.266716
782.934733
890.518844
1337.818129
934.583286
1383.771032
1241.323879
1409.602352
1156.439895
1678.159551
1673.917385
1227.801222
1488.245302
1414.594605
1145.587146
1396.252336
1252.343694
1160.586987
1336.785634
902.680771
1506.783110
962.849984
2168.639204
1818.032759
2207.146685
1839.586510
1828.643018
1777.146607
1685.939911
1696.963609
1886.685356
1846.597945
1675.654547
1573.751149
1303.284215
1396.322362
1658.638370
1632.151147
1827.247759
2059.715291
2232.153053
1760.700097
2517.520863
2035.126446
1679.431443
1136.016823
1593.471323
1551.019877
1120.601879
1016.512179
975.214732
1647.564889
922.028639
1006.718287
1166.822452
940.608886
927.275305
1385.258048
1107.285821
1461.484141
1146.149806
1507.551196
1149.661942
1178.275786
1290.391662
1557.189915
1392.976558
1479.051671
1105.857069
1618.021401
1552.715344
971.809186
1528.739197
1375.050080
1610.452308
1624.728331
1629.402908
1846.741911
1956.832751
1093.653691
1013.741698
1280.187322
1188.514085
969.135936
1024.822202
1677.749802
1690.882828
1562.671674
1409.752165
1499.261672
1757.365043
1232.354465
923.270501
1042.633456
1191.085883
1011.404999
1021.429410
1136.267589
1135.839040
1461.128259
978.040307
1593.403851
1011.870466
1102.312469
1402.361933
1411.927438
1551.367387
1149.148770
1183.327286
1347.619561
1395.898821
1216.324125
1390.185279
1235.938187
1333.006101
1036.209434
1312.801667
1244.243090
1266.710041
1201.800681
818.602928
819.443073
770.940383
1029.772405
1301.743399
1378.837822
1201.643990
971.915530
1457.533801
1040.739175
1898.128646
1901.941356
1820.098350
1695.620706
1411.598382
976.472988
1126.990779
1026.249787
1441.712609
1138.599237
1074.444872
1028.903989
876.323708
1414.010110
1097.453261
1044.190074
968.631507
929.705946
975.185076
906.797137
988.295976
1800.218786
1418.991782
1679.798989
1162.088547
1342.645308
1211.187375
747.324952
1096.465718
1053.747362
1138.641318
1369.795609
1092.009261
1203.717829
1010.322122
1327.776131
1030.426590
1018.123341
1034.345661
1052.117920
1057.356847
1551.499534
1480.827502
1148.615306
1491.864032
1664.118393
1862.696119
1348.016745
1757.519926
1520.721524
1604.422243
1133.656483
853.585721
1160.583729
1117.873104
1639.280702
1419.970175
1102.413093
923.581175
952.079825
1130.291353
1043.714895
1341.797182
930.635812
1059.207316
886.001471
1925.616271
1387.536998
1513.965621
1748.134925
1207.942241
1069.406460
1248.314078
930.926330
928.439915
1372.715947
1334.732754
1190.760748
1339.162275
992.318918
1141.948371
918.354703
1089.815586
1629.116131
990.331800
1123.031937
1420.875384
1192.858549
1210.193600
1235.479220
1189.333023
1382.857447
982.801187
982.423574
922.825685
964.156165
966.760668
793.890851
1528.082010
1000.389995
1257.143988
699.219519
817.095724
1033.370799
1044.285734
1059.533287
1655.909062
1761.465640
1268.226200
1097.144313
1135.134286
1120.381945
1637.317659
1639.398037
1711.897357
1309.367925
1004.013152
965.466621
1019.008262
1126.568654
1362.621831
918.513697
928.821961
1083.241350
1428.645131
1041.555709
1506.834047
1388.076313
1611.848098
1600.619655
1032.582715
1632.479470
773.199482
1079.053673
1139.768447
1408.843763
1189.423111
1218.635625
2229.895155
1371.991304
1392.803609
1191.885459
1504.706749
1406.717397
1276.347762
1245.648965
1108.706319
1636.371050
1009.613896
1485.177792
1478.614747
2277.200842
1397.217409
1410.048883
1246.354105
1245.435158
1118.188635
1347.531050
2114.401909
1611.886355
1360.687208
1433.038393
1264.540362
1119.977592
1608.793108
1221.883175
1399.975902
1221.268545
1378.319377
1473.123225
1231.149520
1547.055557
980.325380
1578.015058
1220.686898
1100.882750
1224.043561
1508.910235
1039.289932
971.654264
1277.323515
1276.821227
1384.656493
1392.537186
1739.194616
1550.058356
1819.387236
1536.186559
1818.852847
1516.065414
1690.882852
1801.001267
1575.482953
1799.952474
1587.326135
1676.005602
1697.805336
1768.068893
1748.442609
1805.231427
1431.635989
1859.432738
1165.727392
1478.755710
1143.206002
1782.567145
1977.825404
1596.847208
1295.468205
1251.191612
1223.545674
1441.896538
1307.833704
1203.464890
1429.797201
1367.508411
1520.053956
1182.667262
1114.378759
1632.564402
1595.624983
1749.825643
1970.899035
1874.376447
1649.715617
1512.073878
1548.860397
1477.125084
1703.642061
1299.455819
1400.256499
1464.793699
1258.799585
1298.434844
1347.307294
1568.926018
1584.357159
1744.000550
1406.388954
1558.858412
1699.454355
1562.825133
1842.986138
1981.675913
1598.880689
1802.680200
1467.008341
1688.533141
1625.569647
1623.350260
2026.227218
1121.357854
1111.722676
1166.037803
1108.428329
1098.612555
1458.599162
1341.934358
1245.004813
1518.820508
1599.887939
1255.516347
1527.754199
1198.872243
1254.808246
1358.574508
1453.351694
1434.228423
1392.880640
1273.760906
1514.046334
1132.683489
1595.725962
1393.078912
1330.824206
1511.210051
1244.529655
1470.139450
1370.665843
1255.683060
1357.918759
1253.591301
1157.320090
1139.887405
1345.954894
1748.629788
1067.274926
1693.022999
1436.014964
1084.252092
1115.834476
941.426884
1002.656717
912.319990
1294.474795
962.812044
1962.134152
1584.579304
1530.357189
1066.924933
1030.935184
1207.782961
1715.119531
1608.477734
1140.763233
931.106334
1270.749562
1524.430399
1007.833522
960.023773
1007.267839
1163.307240
1459.676633
1243.133410
975.242743
1062.729716
1011.086732
1232.461891
1265.316962
1291.713988
1505.489992
1065.809259
1135.414717
1600.739182
1913.051346
1357.445994
1285.476784
1675.945606
1318.456582
1132.653925
1224.537889
1209.822261
1284.238159
1151.456621
1259.579804
1599.852600
1008.179603
1022.631900
967.284738
1492.124990
817.625168
906.171590
1566.522883
1062.367273
1487.429880
1452.277179
1501.926975
954.333716
1201.136271
1550.709579
1092.658421
893.562370
1087.223700
1148.333892
875.896770
999.884915
998.478103
1021.317419
1538.557811
1422.027461
1303.260096
1171.955568
1528.271683
1801.869791
1835.832577
1691.250800
1718.825768
2119.972094
1632.401708
1569.624104
1247.672107
1557.265242
1234.311359
1395.899868
1228.463744
1328.027250
1662.286981
1637.936328
1083.306900
1445.604319
1350.128963
1331.039579
1374.899724
1214.247538
1481.432072
1443.025410
1480.337378
1093.613620
1432.013122
1596.140524
1459.168039
1424.727426
1593.687534
1290.039473
1556.318564
1609.648668
1246.148421
1438.354341
1533.896646
1444.098297
1320.344991
1657.342834
1687.597082
1556.474597
1140.366290
1459.262790
1705.134047
1649.155000
1139.238894
1061.353584
1353.306276
1143.149876
1523.434450
1443.117201
1148.250494
1181.497236
1150.703407
1338.045522
984.957100
926.863986
1050.550986
1216.763535
1016.600616
1717.466785
1669.085631
1201.408090
1439.639556
1306.188421
1576.492689
1140.222374
1357.626048
1039.790066
815.317528
919.948481
1378.975584
1217.878392
1093.019042
1013.068285
1636.749452
1134.655827
1368.512624
1242.143301
1109.707893
1601.806731
1548.159102
1833.353919
1210.220411
1181.463238
1186.796846
1627.035182
1860.027382
1162.194948
1349.174337
1562.890922
1546.280141
1759.936793
1421.748058
1786.626132
1089.336541
1143.039319
990.470488
947.245317
1095.409415
844.628449
890.197769
1042.026032
1050.328014
1380.957233
1596.682745
1136.939587
1803.292705
1231.722559
1246.315749
1524.685064
1121.290372
816.444755
1231.876353
1112.118883
1105.400084
1051.711270
880.284287
882.285688
1143.230874
1150.624727
1427.181194
1214.227404
1126.626379
1215.584436
1447.132684
1185.358236
1227.896945
1283.087251
1267.270765
1342.617651
1790.089836
1135.622246
1169.573552
1700.876387
1044.762760
1172.513353
1191.462465
1550.838689
1206.907985
1086.139068
975.678173
1363.354913
1194.005256
1596.396940
1522.098715
1626.136303
1429.991183
1550.139107
1561.880553
1826.280208
1932.064113
1053.824777
1590.616837
1242.893148
1803.046578
1833.251508
1227.962414
1187.702894
1358.867170
1388.331119
1771.001057
1175.782237
1195.512783
1648.631389
2138.176349
2086.130888
1743.924709
2120.455075
2508.958929
1814.310665
1684.946213
1207.187765
912.150306
949.618736
884.985618
1471.772826
1252.989927
1233.580924
1910.999748
1702.720241
1239.822020
1074.247403
1254.800871
1498.872933
1619.823174
727.134700
1002.175511
724.341529
923.880383
924.516791
1725.640127
1846.936747
1606.991139
1245.613045
1545.561697
1395.136525
1543.007352
1252.976787
1860.896993
1349.561578
1604.573525
1788.943500
1839.800727
1072.944913
1176.970423
1350.875709
1043.352278
1635.951769
1151.102530
1647.113594
1328.476769
1129.176930
1022.817589
972.702929
1038.264890
1296.647914
1111.897067
1256.689120
853.353346
1146.124840
1250.272284
925.628848
1085.331030
1120.319982
966.819453
1031.572525
797.068036
1304.900077
1293.978491
1255.518755
1108.786260
1044.019303
1258.021608
812.525680
1022.927566
1705.699581
1609.933266
1070.866903
1034.781454
1030.704639
853.825619
1015.236544
1175.777197
1013.411466
1100.656108
1221.041564
1338.427818
1596.754559
896.724727
1008.616180
900.177319
775.245538
1002.939223
1345.007999
1206.685517
867.753769
839.839325
1568.571710
1603.008924
1947.018417
1745.996744
1130.154041
1344.170905
1322.626345
1096.743108
869.787120
980.419901
851.856954
947.410657
1043.339452
990.088775
785.236808
940.907027
1038.513073
881.424665
941.858027
1124.931157
1006.171834
768.728338
828.929280
1006.236011
1323.404012
834.254294
938.991231
1397.935169
978.466411
862.117223
1313.431721
842.511432
839.204047
958.181416
1210.728366
877.959486
1137.816250
811.398000
1157.698460
965.476045
1075.962519
1247.062562
1254.792866
897.912644
766.650847
741.172795
1154.978410
1118.342093
1192.330018
1116.106940
1445.202179
1344.656838
1334.647955
1241.466675
1238.356518
1106.796012
1047.568111
1854.927701
1195.628379
1019.631155
1071.740443
1609.778945
1532.919605
1458.617049
1083.582643
966.512530
1397.491795
1178.157476
1232.341223
1512.895763
974.951894
1040.536602
969.160678
962.346593
1104.456778
918.331326
915.789848
1109.070091
876.495690
835.897175
1438.115763
1419.447759
895.849717
1323.457514
1439.148260
1523.551968
1541.197999
1605.078189
1422.858954
1053.567840
857.652021
876.680812
887.900930
1042.463347
1292.488298
1247.167149
1186.544573
1401.371350
1384.128381
1425.251197
1509.839656
1300.015295
1015.804230
1196.160848
960.552074
1184.347785
1133.782133
1090.902162
986.262334
927.280423
929.295794
1186.374540
1193.032717
1272.312069
1396.414055
1102.864522
2463.474021
2500.840928
2500.213199
914.381372
1033.162584
874.523130
1303.765577
1358.878042
1111.891439
1076.117571
1336.190086
1191.171828
1177.933294
1205.385220
1033.756617
945.831952
1082.058904
1134.567467
1105.793712
1043.619920
692.883535
1704.836034
1579.257023
1110.745314
1100.944372
1718.084859
755.058473
1748.712390
1591.361692
1411.512342
1463.342445
1456.487794
1563.692345
1360.902270
1085.587911
1225.901768
1332.384398
1356.315121
1639.669047
1023.091828
1349.433914
768.041059
813.203937
773.050760
1198.868953
1262.830768
776.166908
940.725618
1391.110781
958.688908
900.937467
1132.312157
1025.369638
1477.643205
1230.541464
1472.712367
1122.622473
1245.503893
2243.659119
1397.828329
1211.985234
1253.263178
1404.301247
1327.721051
725.300131
796.299322
913.226053
1068.218853
690.663670
988.293939
993.414975
1082.723669
1074.063106
736.524731
1032.422637
746.856879
1114.468374
1425.247613
1325.036096
1946.483756
1272.275465
1280.558289
1008.855739
1327.341099
1167.555767
783.702079
891.900604
1179.480317
1197.619101
908.424721
979.148683
1276.773684
1112.950853
1040.928028
1352.402673
946.951825
933.961799
897.982075
814.372390
1175.437291
1306.140035
1050.720096
973.352888
1565.300481
926.325512
1024.231435
1505.405736
976.740839
1121.647724
1262.116155
1158.564202
1275.869579
1305.680048
1235.697593
1248.210085
1378.368596
1499.410941
1430.323229
1677.015919
1432.363754
1356.866440
1613.005532
1255.395885
1074.310234
1346.050395
974.505184
912.102724
1153.423014
1584.464882
1703.372628
1545.776674
1266.678975
1035.399981
1071.464951
834.540245
1040.480871
1578.714831
961.240135
1066.896932
1159.252595
891.735870
877.540754
764.187741
2204.397741
1926.706492
1851.658846
1850.901829
952.318011
1526.718215
1048.067213
1595.268278
2036.807764
2060.140215
2191.949143
2052.946588
2074.724344
2190.464251
1386.865654
1405.639117
1099.267498
1127.681216
1415.485048
1145.228867
1619.400200
1820.085769
1607.905225
1800.882731
1884.851598
1783.206489
1540.212969
1686.299207
1148.243171
1394.302233
1370.740163
1460.031442
1406.890892
1702.713083
1885.208480
1709.891006
2346.941666
2001.545588
1853.054549
1929.833738
1243.246066
1067.854919
798.757090
1302.125111
1416.983102
1178.106926
1348.051541
926.951480
1232.732994
1423.769529
1078.696299
1052.293832
1337.251241
783.732133
1344.861859
2550.908114
2418.317325
2610.503908
2419.377239
2300.079539
2335.101844
2108.372667
2431.807138
2725.001425
2659.524897
2650.223768
2617.669003
2667.054547
1123.783193
1070.016518
1309.760559
1231.168045
1397.867793
1573.267645
1546.907213
1646.115898
782.108017
1069.938666
890.047751
946.281949
1305.817544
668.182852
1009.122673
853.708908
757.421900
1249.098890
780.094372
712.333946
1188.152471
1104.615303
763.915891
1010.879375
1379.636953
1121.252939
860.656714
855.059424
763.660004
955.519006
919.166304
851.053901
915.034492
975.846799
1189.493824
974.206691
802.850235
1031.084366
1048.062958
944.114023
885.171832
1082.505656
1180.473720
955.000548
832.403829
958.962241
959.234568
1088.224752
879.535747
866.724165
812.182643
1008.507184
1356.176791
1193.960149
1318.368275
987.449211
1245.773882
1121.979179
743.377685
1031.893817
656.428821
1680.813064
1104.795906
962.267546
1267.356162
1405.495397
1158.714586
792.302225
1609.311287
1490.854329
1431.172992
1141.036289
1453.222252
1497.817391
1121.789392
1392.599699
1410.544501
1042.256979
823.769098
1355.217488
1144.175645
1269.933847
959.832707
934.895417
1079.044761
1067.581073
1036.980773
1007.034720
1097.215382
893.396788
912.811154
890.013180
1165.779149
1373.570801
1206.688684
1145.208974
1231.027250
804.655591
774.443073
1130.513465
1010.476346
1319.354306
1027.060041
3507.459663
897.494558
893.300008
1312.618298
1359.056006
1334.455530
772.527645
1031.506782
1043.247381
1118.789102
1008.384372
1032.078465
862.853514
780.276042
862.557723
1207.977989
1016.360732
1117.198309
901.296742
947.759222
934.837577
1156.559239
1016.218302
1034.709443
1372.311084
1020.486861
908.124202
895.082974
1162.760397
1244.230809
999.975160
1156.527342
962.321029
979.164897
912.389745
918.131328
810.348096
1179.783705
853.674764
906.037756
1428.228275
778.587200
2002.587788
2018.256632
1526.439397
1358.854567
2211.600452
1986.193065
2403.392029
2047.682120
1434.618802
1510.365899
1265.812342
1439.498724
1202.677141
647.891462
1206.464946
646.197676
2138.104183
2088.570795
918.214909
903.263557
1173.378138
1277.027852
1309.812725
2063.645194
1295.685355
1440.084687
1471.203381
1004.862241
1002.096961
1167.587223
931.420436
1438.144339
1365.046814
1065.530652
1035.135159
1051.598298
945.848702
1037.225478
1139.662946
924.319513
1055.350856
955.869431
1001.666588
1399.914617
999.474371
1108.628734
1048.440639
1008.509347
1024.073857
806.290403
1192.479572
975.449384
1246.509183
1149.001288
758.344733
1292.281193
729.354458
1206.135043
1019.938835
1032.809337
1014.940229
980.930754
1184.309074
934.466753
872.273291
1270.052841
1097.564800
957.659327
1233.063484
1013.045579
1165.761328
926.671124
730.436506
775.634474
1080.417014
817.166605
739.289963
1005.562356
689.833692
857.545163
1136.693465
923.468593
924.776403
781.814727
738.936241
839.715558
960.742142
900.845613
1368.063086
2095.515496
1801.904166
2071.321049
1792.725766
746.694570
1255.293485
998.148726
811.525264
853.816679
1124.897178
1180.914287
1068.843302
1211.353450
1026.314596
1029.406372
926.772626
969.405620
1195.737372
839.955584
946.069171
1132.277066
1276.358203
1141.026053
1294.251209
1094.286897
1119.454745
702.838674
2170.804870
1600.276091
1459.524571
1685.203666
1744.314151
1391.731134
1675.437748
1556.631062
1674.632066
984.347469
1011.414716
1220.886813
1285.260525
1159.331678
1135.815298
1182.087815
1519.114601
1403.262352
1186.293957
1579.418311
1294.569423
1123.870079
1001.010510
1066.161865
1422.262615
1539.753640
1560.089139
1583.020026
1193.911840
1023.670387
815.364050
1104.506117
1107.221367
1179.283584
1018.800386
1256.379469
1175.063857
1258.163970
811.967955
835.459769
1138.536082
1388.212346
1142.916946
1230.494502
1783.287542
1598.653495
1069.730652
1048.783820
1073.889500
1296.673169
853.537985
2799.140499
787.509594
787.827862
1121.188225
1180.112253
844.693355
1216.336951
950.789454
780.769411
920.858627
740.945151
705.294980
922.568274
1100.558425
708.149015
1259.767110
792.826918
1050.349424
1138.202276
1155.119681
1467.636969
1062.568480
711.933252
819.985960
818.040146
991.641683
875.839908
1031.665709
1008.600473
1097.453753
1262.767532
1266.137271
1001.032529
1216.364061
651.956473
1607.339162
972.737400
1098.501120
1135.577904
1048.901259
1209.926225
826.549170
933.086617
876.412556
1109.201745
737.568974
817.905773
1093.629240
875.589005
895.432240
1121.983518
1384.219031
1073.679469
994.960993
1270.835346
1074.644664
1211.361942
1080.419564
1149.785682
1223.127267
1312.197833
1353.248464
1252.344777
1429.375518
1221.243463
833.834104
835.810798
800.703764
930.220028
1583.275558
886.535590
926.299671
927.816452
1315.431606
1271.993161
1120.600345
1305.699167
1070.555510
1071.385111
1291.157220
1008.067957
1039.407440
1102.735513
978.852804
932.466290
1050.492948
1233.976789
1386.451954
1471.677226
1233.587489
1278.590577
1484.777196
1389.802736
1010.651679
977.071263
1355.922487
1220.383295
1254.312605
870.870632
1133.037579
1371.190217
1196.074783
1037.425584
1349.263524
945.226314
951.537342
1110.974012
1200.003752
1324.702578
1191.358970
865.798992
1113.001984
813.490665
1337.899285
968.320179
971.283984
1174.456747
1189.472025
1049.541175
1378.650491
1162.546803
1052.523563
907.089963
765.586224
1080.560457
1113.031718
876.215218
888.119093
1104.985437
994.257315
820.253006
793.644420
1046.450061
1250.688941
1138.719038
765.393246
1161.697307
1328.445500
1529.542375
972.602357
1082.581734
1226.700068
1529.392343
1010.125464
940.666984
1006.989878
1213.794746
922.394893
1028.932869
1101.485656
1204.181959
874.459432
1196.544853
1291.873956
1504.710759
1292.856036
1320.889674
1529.211248
1325.321923
1333.182648
1470.918248
1975.707600
1952.363762
1079.434013
1311.475531
1613.552420
1505.786000
1302.265442
1551.580730
1274.741389
1381.453467
1400.502220
1275.276103
1419.823922
1183.295231
1617.932990
2297.963900
2177.914320
1221.855292
1444.608792
1169.378223
1097.108111
1487.111022
1114.621225
1416.031133
1372.538975
1634.530397
1503.959698
1508.665942
1556.459732
1770.587551
1128.972618
887.203502
1337.530343
894.231112
1074.308174
1413.823120
1139.166335
1124.159816
991.862959
882.332933
1344.541324
989.678441
1347.249723
842.593703
871.927273
957.906461
1000.256768
852.436112
1137.135729
1053.969806
1089.518060
1017.272423
794.176493
835.566968
891.893058
1161.154800
1038.594527
859.063554
973.207795
1103.396992
1012.341083
1476.998505
1125.161415
1187.998082
925.263845
1451.322443
930.371713
1049.042424
1332.621327
1023.423018
1177.597791
1000.899905
829.156659
1130.848973
1053.137778
1072.903409
1219.679554
1111.445302
1177.308617
1153.052442
1001.946496
1171.545166
1341.425608
1184.870142
1205.913207
1056.782940
1161.964628
1087.336752
1491.601983
1175.116222
1513.131521
699.922158
782.541027
1088.490170
704.203324
1759.291554
1291.018839
2080.772356
924.521480
927.325346
1596.562932
1234.678890
1091.959119
914.058265
1397.416720
1185.873148
1034.172528
813.872217
1229.926869
889.852737
924.458340
1257.444776
1317.010255
885.491106
1230.256614
1162.306006
1099.519109
1404.965261
1258.004133
1121.010653
960.070280
1107.536081
1390.826185
1191.082147
912.692960
898.746434
655.879486
935.006359
1087.378136
1454.228142
1495.170429
771.912701
890.665968
1126.615446
1296.334268
776.412588
775.400150
1003.946812
1080.324750
886.495067
892.705025
985.193295
1106.545246
973.997386
1159.926817
770.786008
770.745795
1097.989874
1017.106795
999.362945
1034.776437
858.532986
731.623111
892.296663
660.386128
1039.656093
859.555111
834.051060
747.641832
971.392386
1512.258323
1585.006503
1668.508715
1118.781114
1072.260863
1240.804491
1326.803901
1327.316025
1463.561120
1344.113941
1090.453292
1178.527219
1094.465897
774.136164
666.923997
891.222593
806.140834
908.927431
711.258020
1279.300559
1201.580193
875.963096
971.839112
724.663469
1177.211418
753.869810
718.728660
811.187096
891.763805
1123.157490
1139.620116
967.410873
965.916982
782.827673
964.946175
846.345600
961.044002
854.047089
1159.916638
989.204324
987.185407
1028.674562
832.417761
884.715712
1097.249924
772.803971
1173.874330
655.139125
687.385778
1027.043853
894.677865
1186.723417
988.029778
856.810250
983.229374
773.696578
771.962590
1964.555677
1511.949679
1441.140348
1703.226752
1962.830995
1433.523719
976.258849
1059.620736
982.634068
1373.172990
980.233062
1115.799675
1035.154468
1195.464120
1034.652157
1778.778044
2203.274653
1449.896304
1511.610352
1439.924898
1030.509209
1036.710385
1299.617289
849.781684
934.334958
724.940526
664.640546
594.893722
1118.855906
1502.999800
1180.701208
2306.340733
1020.248908
1573.122337
1024.270373
1434.184410
1584.067837
1501.825548
2072.982780
1442.717025
1077.160042
931.284371
1295.738202
1098.635493
929.281879
925.031615
1011.006513
1093.686286
1180.851156
1241.429127
1579.460010
990.444744
1594.963107
955.083939
1001.083789
970.565334
1135.388961
1025.287086
1138.968148
877.122348
2661.156962
806.483347
837.003524
1012.605719
828.991073
1002.957839
967.789678
1311.633650
1363.567351
1346.680838
1365.426831
1395.083458
1149.012947
1275.990496
913.741309
1121.305076
1050.225011
1407.370209
1466.757850
1592.182306
1320.608079
1464.449881
1431.092289
983.470368
946.637433
1310.798596
1609.354830
931.272218
1118.100137
1106.883439
1193.383680
1323.276906
1745.629493
1353.661052
1602.487140
1323.257786
1077.762427
1125.093986
1062.918297
1301.082139
1374.790138
800.821013
1158.368288
1073.247335
1198.755621
874.353434
775.178144
928.426205
900.757476
669.341560
729.640925
776.334703
1015.189188
1074.109011
1013.317413
887.986567
1047.623654
1326.653359
1164.230062
1212.043500
1029.749971
843.222209
841.058366
1199.774964
998.270970
1303.664393
1093.269563
1477.993172
1061.730439
1395.770204
1078.296848
1202.160423
1094.344856
875.377020
1430.722376
1382.431351
1199.218752
1037.021112
1048.379551
1253.787894
1041.331632
798.752474
997.263392
1073.530357
1125.124895
903.987721
939.158579
1127.169956
1268.916100
1260.536209
1291.430352
987.152198
905.895284
796.545591
903.827343
980.803235
870.559749
1641.452815
1082.010521
1127.292245
933.652867
983.987136
756.783068
822.594520
1105.129249
1172.255176
989.215391
1163.081578
1167.090536
1254.679864
1100.196691
1441.444474
1379.143464
1224.962246
1100.324208
881.035122
939.840243
1319.496500
1315.732706
1422.035426
974.954376
930.138040
1378.242814
1056.593325
1451.962902
812.453715
1307.385193
1226.142839
1199.470043
1535.987366
1311.731268
952.647777
1471.892067
1166.557437
1274.657944
979.587921
855.602659
1009.443970
660.057016
1197.785673
1259.967587
1270.040328
779.051550
919.215218
1070.750111
1167.418296
1088.782199
1117.448051
1460.191103
1086.077729
1380.312138
965.775730
936.536926
1317.717891
1228.394895
1153.641079
1361.309214
1274.583902
1339.244747
1376.849608
1261.228479
1112.386337
1082.593190
1190.611300
1180.828552
859.301918
944.369730
1349.042166
937.202158
992.291361
1475.324793
2437.051074
2304.551755
2091.527244
1499.220029
1162.650692
1155.255872
1909.892408
1316.748466
1243.893751
972.285718
828.958082
1011.340507
694.960007
817.891572
1419.174159
2011.500297
2268.079644
1119.367300
1359.489622
1211.231183
1271.941976
1588.188318
1591.988788
1600.503598
1414.401389
1556.437397
1243.977164
1178.755755
1022.692352
858.504274
896.754462
979.777790
1079.760744
1145.003551
1270.904799
1047.984256
2353.263649
1049.001813
1205.688819
906.973755
908.998426
1278.218002
1293.591570
4187.106214
985.492769
821.296260
898.156099
1187.478838
1024.995817
998.415201
1185.578345
878.065517
1020.874521
1504.899791
1972.416534
1579.334510
988.205152
1023.368909
2953.186354
1565.472549
1277.312518
764.145211
1152.369532
927.410468
991.488920
1109.273236
1142.919498
1477.012479
1164.886309
1094.173001
1612.301704
921.017597
1608.082914
1523.019696
1247.687587
964.933458
997.323280
972.848570
1154.130109
927.650405
992.181012
878.347823
1504.289445
1123.480547
1135.630307
1436.185540
1003.782021
1330.357431
782.608686
743.053324
1053.294138
851.602990
992.982405
1272.995502
996.605975
1237.550126
902.931430
1236.954398
1193.412056
818.951257
844.759004
1675.349347
