11456.995279
11456.015614
11424.198441
11428.360783
11437.203056
11385.115292
11398.574173
11397.043191
11409.393162
11409.550233
11398.700261
11448.568194
11411.127047
11397.935938
11397.545656
11397.784646
11399.393454
11420.531959
11409.906464
11383.537235
11383.861099
11395.178205
11397.848321
11398.320356
11399.421034
11421.076998
11384.436951
11385.137957
11420.490969
11397.680470
11420.489743
11408.005329
11409.897047
11384.978820
11384.453593
11416.537741
11408.078500
11462.708781
11408.434514
11426.522353
11410.267206
11477.508756
11420.949652
11401.419412
11420.001762
11411.300028
11433.102685
11425.462696
11412.941089
11423.673418
11425.520534
11407.146954
11395.137024
11407.614106
11411.596705
11408.685471
11418.832961
11408.737708
11411.478217
11425.258417
11469.999346
11468.264639
11479.107660
11502.743942
11409.287721
11419.104302
11384.958152
11384.244919
11395.750751
11411.334677
11374.842916
11386.311862
11397.243927
11396.559139
11420.702527
11408.982427
11420.637382
11396.098362
11385.749279
11396.797178
11397.830875
11397.068490
11386.287752
11399.524934
11396.509262
11401.129743
11412.064775
11426.558022
11414.793396
11439.827276
11412.175414
11427.114645
11384.757641
11386.933073
11399.738695
11400.465262
11450.298533
11414.074337
11412.212152
11410.149102
11400.181916
11431.333564
11430.822223
11400.754480
11401.909060
11398.721092
11377.082507
11386.115331
11422.137995
11444.804202
11425.125348
11440.153340
11400.211946
11431.400907
11413.789183
11400.595320
11385.590344
11430.886037
11388.982800
11401.460917
11374.287336
11387.236755
11384.214352
11429.369840
11484.424860
11387.657877
11386.867266
11422.422155
11421.838198
11386.272479
11399.373842
11415.284008
11441.434849
11428.777426
11398.769142
11397.871946
11443.050295
11424.683076
11435.239524
11429.374984
11429.911576
11421.586791
11424.363450
11458.126229
11458.124403
11412.094902
11443.354912
11442.009209
11443.164485
11410.964960
11425.785092
11410.019051
11460.523530
11409.010062
11422.976189
11401.214083
11435.643316
11424.065721
11414.321913
11399.901557
11437.998933
11495.268605
11444.572989
11473.320082
11485.179173
11399.805370
11411.059174
11453.798414
11452.759160
11444.548088
11412.924488
11399.154036
11415.290228
11398.187337
11386.975756
11431.166626
11430.145641
11397.029969
11429.519921
11429.590393
11410.098225
11441.106907
11412.098982
11409.874228
11408.996461
11396.860714
11438.217750
11409.758748
11399.010746
11409.872107
11411.799178
11441.549313
11398.900219
11433.360239
11416.658688
11433.368358
11441.684622
11427.714824
11374.886415
11408.258147
11398.933112
11426.022749
11426.675776
11413.643504
11425.899195
11397.303545
11411.121698
11395.854640
11384.219231
11394.218715
11384.197572
11384.295805
11408.326200
11460.971597
11480.404730
11463.830258
11462.745031
11447.655524
11461.507209
11463.838771
11463.255018
11426.112933
11412.872049
11425.491136
11424.218335
11431.445816
11446.730834
11400.379751
11445.932647
11462.042181
11401.898978
11409.446661
11427.580550
11398.828800
11399.008976
11442.197566
11434.120975
11424.891650
11397.605299
11407.356410
11422.320670
11402.400775
11399.999523
11398.914362
11428.802273
11414.639561
11412.878012
11354.142309
11355.622450
11396.336459
11387.064630
11396.818888
11389.525005
11433.869645
11386.293072
11426.241251
11365.071784
11416.682546
11387.415520
11384.974889
11400.536227
11413.692416
11396.641007
11398.072857
11444.628884
11467.332985
11497.718692
11444.613200
11467.297905
11497.154499
11418.117532
11413.387609
11401.763727
11412.167788
11376.020332
11407.398552
11374.097877
11398.311983
11426.250790
11408.502780
11399.860343
11397.583432
11424.858809
11396.462799
11398.563035
11410.667236
11400.882180
11384.220454
11398.400750
11425.085843
11425.250721
11421.790190
11411.252959
11401.353435
11409.990511
11384.379511
11393.570243
11384.238217
11374.341136
11408.133676
11399.053526
11410.081229
11383.788918
11396.247598
11407.649253
11397.032213
11424.783676
11403.212768
11397.439790
11396.720746
11411.574833
11422.900233
11423.754155
11437.103171
11427.657668
11435.224219
11403.943327
11411.756064
11411.681208
11423.662048
11412.502899
11411.319596
11402.712184
11413.999298
11428.276008
11410.466284
11409.928183
11411.172053
11406.649810
11411.127964
11410.827895
11408.050878
11407.316562
11394.530609
11419.876385
11421.398778
11422.079478
11419.293294
11406.133889
11419.138643
11421.390739
11395.127522
11418.550154
11408.541142
11406.106327
11395.756338
11445.640091
11438.225937
11433.296161
11412.086531
11396.527819
11416.525852
11425.172803
11443.317897
11423.754407
11448.017836
11434.758456
11436.201079
11440.326029
11439.657975
11435.583874
11424.444425
11426.441637
11417.189999
11438.102646
11427.828220
11423.409559
11410.232935
11395.627824
11435.268339
11402.655142
11405.963083
11453.732152
11413.432243
11453.807541
11438.693117
11459.279672
11434.733718
11459.774341
11425.354580
11422.451038
11433.159835
11423.585219
11410.399814
11433.914094
11453.306723
11449.217005
11412.586988
11432.944597
11435.189789
11459.195406
11424.229515
11483.833534
11484.335223
11465.537645
11459.823036
11424.910001
11485.039382
11422.888554
11441.349846
11397.853702
11424.426656
11421.376631
11453.778907
11450.861826
11453.734669
11460.418806
11414.012981
11435.810236
11496.027514
11450.724412
11462.921129
11466.347588
11449.859427
11446.085122
11445.328448
11475.875776
11413.211228
11434.179360
11435.827379
11396.480904
11407.281027
11421.579907
11406.084906
11422.224316
11437.999729
11397.066176
11434.670267
11434.939288
11398.705237
11397.845680
11398.535988
11444.539099
11401.593943
11401.528453
11411.984481
11424.625896
11409.617581
11422.381791
11420.593740
11421.631942
11421.070899
11440.320777
11457.317240
11470.278686
11454.323178
11397.208978
11426.970888
11412.051521
11438.941843
11435.464473
11423.819453
11415.338496
11409.534024
11411.624093
11423.308691
11435.195686
11446.790462
11439.083134
11409.289236
11407.336316
11408.107354
11419.151083
11410.916976
11408.057711
11408.805236
11409.340201
11397.575694
11426.343603
11376.134657
11398.382967
11412.806600
11421.918176
11408.898445
11425.210963
11426.713786
11410.552536
11408.163489
11395.972232
11386.285092
11435.196529
11435.852889
11445.778320
11409.392120
11399.257912
11410.468588
11436.823814
11426.149923
11417.649944
11407.646668
11383.903437
11436.344918
11410.146043
11410.177373
11434.113224
11436.539990
11422.055709
11439.890234
11413.092835
11396.900756
11384.220211
11398.953751
11398.376961
11400.702613
11436.214342
11435.817767
11372.661470
11384.803831
11407.313340
11385.746877
11397.615269
11397.003729
11385.040515
11397.404362
11414.439106
11427.604249
11400.782248
11363.297472
11363.943642
11397.399291
11395.953077
11398.618095
11398.364425
11409.200946
11397.861361
11432.277080
11433.349481
11387.378934
11425.217741
11397.853095
11398.733975
11409.749147
11376.454046
11389.615876
11398.532139
11427.124402
11412.014642
11407.644077
11408.233478
11434.866617
11423.266208
11424.622679
11419.531490
11441.221822
11411.257685
11399.517249
11440.676953
11449.582667
11386.135154
11409.708614
11384.924739
11437.023420
11396.560171
11408.594802
11445.681089
11400.639963
11395.719336
11395.231710
11395.198641
11420.507492
11385.097991
11384.476844
11399.070244
11409.677029
11423.307023
11459.251848
11412.772585
11395.967867
11396.936710
11458.673223
11375.219980
11374.201434
11396.807523
11409.223161
11409.078918
11419.882876
11422.059273
11408.547931
11373.533957
11406.637399
11408.943944
11374.363314
11398.999166
11418.579808
11409.286276
11385.147562
11408.170416
11435.094161
11436.028302
11446.499030
11406.677746
11409.454736
11397.240138
11382.634025
11384.763899
11395.495050
11400.175302
11402.110717
11398.198197
11398.284520
11401.300599
11386.544914
11407.767658
11408.418682
11408.184100
11410.758520
11422.121053
11374.306172
11372.867067
11412.042014
11371.939809
11421.830858
11376.111293
11397.603352
11376.909791
11375.318630
11375.695751
11397.238588
11397.581658
11407.743159
11406.027386
11437.030063
11425.844418
11407.528900
11397.542795
11445.774434
11400.977436
11396.619609
11412.066470
11425.246178
11437.718766
11408.818215
11451.638301
11432.568513
11396.808590
11402.720289
11387.786292
11458.277551
11458.811793
11458.796454
11458.262379
11386.372243
11411.685613
11430.743159
11464.014473
11449.572190
11449.068925
11408.343860
11452.778778
11421.356749
11452.293842
11419.567214
11409.105322
11421.422809
11396.580819
11395.157056
11422.293752
11409.635065
11393.598309
11398.631972
11443.360670
11425.910685
11396.596524
11437.607345
11426.634655
11462.551717
11375.142256
11398.031041
11441.540728
11444.553765
11399.194504
11408.270629
11501.267635
11513.198600
11472.328940
11501.438829
11471.772731
11448.219775
11446.752535
11447.250339
11449.207862
11456.597745
11456.313279
11481.521887
11501.287161
11512.451290
11441.359907
11450.674067
11460.898042
11411.670369
11413.117526
11411.783559
11398.322278
11409.734432
11409.124003
11444.936382
11434.589897
11419.941491
11409.647466
11396.771029
11426.013865
11397.367365
11407.239287
11418.290428
11385.523849
11395.879437
11436.862890
11409.284218
11395.754647
11425.134968
11423.670800
11397.731803
11425.661464
11425.582255
11400.109026
11401.009595
11385.891946
11461.474764
11398.092995
11384.133809
11424.525882
11397.117133
11384.166821
11384.786993
11397.037922
11409.943857
11409.018924
11460.553215
11450.335070
11412.468660
11413.179772
11463.302260
11461.152608
11461.658346
11396.491029
11462.793201
11423.006342
11431.304217
11422.315915
11461.170420
11460.677796
11463.967982
11445.055006
11445.073898
11495.917462
11497.215942
11415.831023
11402.050895
11388.517447
11408.517355
11416.447795
11475.578575
11454.450170
11448.444215
11449.550314
11448.964888
11449.575046
11476.291043
11409.618001
11422.187960
11401.190550
11398.971988
11413.805918
11425.105193
11412.452882
11410.654330
11411.869897
11412.052859
11409.307801
11401.439316
11412.550035
11422.571030
11452.548677
11439.331539
11476.885664
11409.846449
11409.561035
11374.345417
11420.829070
11396.780323
11384.389297
11409.489781
11418.946674
11435.203067
11409.859300
11422.822704
11412.753676
11411.866301
11406.914673
11407.926355
11419.685632
11435.280241
11411.167266
11399.409063
11412.803945
11412.408162
11417.186267
11438.811537
11410.240805
11452.825011
11430.213327
11441.347371
11426.701686
11440.168346
11436.629032
11384.250589
11383.809478
11424.465449
11400.582851
11427.887788
11399.744210
11397.978685
11396.606870
11386.441571
11425.585766
11411.903814
11435.825056
11400.815152
11396.464894
11395.886903
11423.422792
11410.810771
11386.294640
11397.422331
11383.083147
11386.950218
11424.373060
11412.696072
11397.316097
11399.026900
11398.921093
11428.338763
11424.423516
11422.491776
11431.310235
11407.594271
11417.519336
11496.592870
11496.675112
11476.752196
11448.983572
11397.462886
11428.933307
11420.674522
11412.723248
11412.518562
11399.969006
11428.917984
11387.638657
11421.431538
11388.293230
11425.007291
11414.044680
11420.506574
11407.759559
11449.017703
11407.832238
11421.997648
11393.326009
11422.032346
11393.297108
11430.788437
11433.825805
11396.047701
11434.386076
11385.496669
11395.565263
11385.521716
11395.928322
11386.026556
11419.998596
11398.807712
11398.333042
11383.578781
11408.473573
11407.138197
11407.908398
11408.615219
11393.804301
11384.387981
11434.221177
11384.361512
11422.333223
11383.262452
11408.570212
11397.717862
11398.823367
11409.773383
11436.659678
11395.428508
11385.327999
11383.970625
11418.598596
11408.004243
11396.016003
11411.725868
11397.092769
11408.596613
11385.380334
11409.067752
11397.082066
11448.916254
11448.923508
11475.515236
11416.001807
11386.680861
11385.689595
11409.252008
11410.311775
11410.350223
11438.445824
11408.728347
11425.435652
11412.963909
11438.667896
11413.028546
11412.112090
11455.145785
11454.145697
11420.311580
11410.563923
11387.576727
11421.059069
11424.673457
11409.100836
11420.786512
11435.217611
11423.751026
11413.263457
11434.738969
11459.153015
11483.764264
11423.767684
11397.411029
11446.000679
11445.261827
11448.129974
11457.456654
11433.718576
11447.372207
11408.505560
11409.345002
11411.891022
11400.611063
11411.614545
11411.335930
11410.639823
11420.767688
11411.347603
11422.102145
11441.169708
11408.386077
11385.972903
11408.832347
11409.155840
11408.830215
11438.617450
11396.820926
11418.902889
11418.428212
11387.016310
11386.950290
11407.947009
11407.510143
11397.773227
11395.989741
11439.087227
11397.610707
11441.123557
11398.057308
11387.112687
11399.445334
11396.774213
11399.674704
11385.083784
11397.902119
11480.125201
11440.690390
11422.290797
11439.578172
11440.105643
11480.063124
11388.840202
11429.866774
11400.985444
11396.698221
11413.047659
11396.764975
11429.843924
11399.437648
11398.403443
11385.891455
11388.253283
11410.420023
11441.205113
11422.102087
11407.320026
11435.230903
11395.748335
11407.959737
11396.446229
11395.743932
11434.149817
11406.660697
11411.764203
11437.622423
11441.156005
11400.674356
11400.953986
11399.045236
11398.664894
11398.290863
11423.903697
11420.558225
11402.667263
11388.159025
11408.035093
11398.006066
11385.774293
11388.286468
11415.002409
11420.422937
11470.563929
11420.149119
11439.096536
11409.505061
11397.523131
11439.668875
11434.208685
11420.729653
11409.179628
11421.864983
11394.944497
11421.223025
11394.910485
11422.852678
11410.789819
11439.754799
11435.810384
11435.402455
11440.355551
11439.695253
11449.234291
11398.621057
11408.180731
11397.200511
11397.211566
11398.546089
11388.368309
11410.630985
11375.873257
11397.588866
11390.513667
11375.102817
11410.963447
11375.022319
11386.386037
11376.162092
11414.633290
11453.567069
11402.244267
11411.627221
11424.987107
11421.149834
11415.496702
11435.568993
11423.935108
11423.130796
11421.964565
11478.663372
11468.142116
11422.467738
11423.640815
11396.012601
11397.141952
11409.437174
11384.420074
11411.753631
11411.051272
11383.315558
11425.279833
11439.486003
11440.107068
11421.842530
11412.516978
11421.644073
11387.183809
11408.116769
11395.833067
11386.341220
11437.255961
11418.894619
11409.826313
11453.164988
11452.845019
11408.850330
11384.517356
11407.772769
11437.554776
11453.773576
11452.818388
11432.677526
11445.787853
11405.788206
11463.364082
11431.281044
11431.295736
11422.955014
11410.252455
11461.768519
11421.482673
11421.889852
11408.449750
11476.398214
11406.983843
11422.626042
11424.080589
11443.918372
11399.376076
11430.925592
11397.285339
11411.907930
11399.345883
11396.555851
11399.304064
11414.833197
11410.542991
11430.739391
11430.703576
11396.862831
11398.545623
11396.672587
11398.460068
11400.456554
11414.343822
11439.311668
11421.326595
11446.349815
11422.590939
11456.911031
11442.734116
11443.280969
11431.166449
11420.960826
11409.565922
11400.936310
11431.227587
11422.392372
11438.457505
11438.715895
11439.796247
11439.384670
11451.717667
11385.885184
11396.480261
11397.608514
11412.831854
11397.574697
11398.975015
11459.520557
11410.391613
11409.647189
11408.318331
11374.119889
11425.504792
11422.675973
11423.294250
11425.743859
11424.887831
11412.828075
11423.620334
11423.552931
11461.489291
11464.405462
11453.627188
11447.840870
11450.169418
11448.556864
11436.153346
11424.521019
11422.444524
11412.417798
11465.295382
11466.535148
11438.480376
11424.642429
11436.253896
11465.318491
11465.417064
11452.730969
11438.256483
11422.499825
11423.082851
11424.407587
11421.243145
11422.654846
11448.040289
11435.967605
11474.418389
11455.309141
11462.164707
11475.545855
11470.947456
11468.391202
11458.291135
11444.635791
11423.940239
11436.586803
11440.838977
11423.683116
11422.766619
11440.376685
11471.668089
11417.539473
11418.333138
11398.014620
11408.622582
11406.955553
11396.627736
11397.482451
11406.745424
11408.397380
11411.201802
11451.495952
11467.805090
11468.327393
11427.999525
11428.473854
11458.636727
11511.294992
11477.066542
11431.181494
11434.091385
11439.340072
11439.035867
11426.431063
11439.511152
11435.738921
11431.756479
11400.390790
11457.941416
11500.146203
11479.444437
11476.881482
11461.976956
11457.478133
11407.378263
11433.000260
11422.570721
11432.775795
11436.534139
11443.903114
11453.080333
11452.418156
11448.606039
11433.892279
11427.298058
11443.272504
11410.889664
11410.854436
11424.036100
11441.811409
11400.673589
11450.328002
11412.534863
11441.299673
11399.191340
11422.944910
11412.970822
11425.164433
11421.863528
11425.433875
11432.620506
11422.898004
11410.513180
11423.232624
11410.903675
11437.183682
11444.216143
11444.716849
11427.629479
11444.088299
11411.502051
11422.097897
11398.843478
11401.043042
11422.657546
11422.762262
11437.735365
11424.350735
11443.611663
11412.157650
11453.636636
11438.108209
11434.592641
11452.514608
11489.918498
11511.649966
11459.398967
11446.783934
11458.940507
11453.501405
11446.926135
11456.738479
11459.618585
11411.636887
11413.431130
11411.271140
11413.620053
11424.279922
11410.395456
11412.318328
11410.683259
11418.606791
11426.198403
11424.826748
11408.655235
11397.793406
11398.059784
11418.874718
11418.881937
11419.724016
11407.575215
11450.475759
11461.369126
11411.020238
11411.577126
11425.442532
11422.453474
11461.928842
11424.563239
11423.186275
11438.342504
11410.470321
11410.591472
11407.187938
11412.395804
11412.833747
11411.460090
11412.055498
11434.851438
11437.140758
11434.425392
11424.206592
11421.947671
11409.016797
11410.010217
11435.109956
11410.504761
11411.987778
11435.176570
11424.761711
11425.139256
11424.778254
11454.893392
11399.388689
11399.444257
11435.976675
11422.682406
11436.208251
11434.698177
11452.259789
11453.894243
11433.163561
11440.678634
11426.373673
11440.595185
11452.282942
11452.760602
11413.235045
11423.534760
11435.008134
11428.894956
11415.836641
11413.008233
11427.365775
11400.770731
11400.171546
11401.446032
11415.845027
11409.055840
11409.063376
11444.328377
11445.055609
11411.348399
11414.285638
11390.409235
11389.345140
11374.080208
11399.504641
11364.040670
11497.736634
11430.522106
11432.943716
11420.708887
11439.434832
11433.510683
11425.020537
11397.529543
11429.922387
11432.672540
11487.215512
11414.365545
11422.854843
11386.742372
11385.072708
11397.739375
11400.530138
11398.238165
11410.870018
11399.729004
11385.300785
11385.650608
11422.747370
11411.662122
11385.777130
11460.027485
11410.903886
11412.251691
11410.989318
11426.254586
11437.991837
11396.045371
11396.185973
11407.821318
11395.765238
11399.949768
11401.070755
11400.253073
11424.658007
11425.692793
11425.472627
11430.481193
11401.407594
11420.941986
11422.418347
11440.659254
11440.161517
11495.427835
11427.516490
11422.447576
11432.826713
11423.142584
11420.996803
11432.033983
11409.021324
11408.724705
11426.549112
11399.871328
11414.362140
11399.323023
11399.993097
11427.962438
11414.892450
11424.378486
11443.345594
11441.227434
11412.122249
11424.697691
11443.282631
11440.764820
11471.993533
11375.158545
11413.478739
11460.669820
11420.867566
11387.714691
11365.118304
11410.290363
11409.499995
11396.746600
11394.645008
11446.800549
11431.178758
11424.135554
11431.302025
11417.832178
11410.587182
11428.071473
11378.089841
11375.965531
11396.500854
11411.147875
11423.226762
11396.675037
11410.586772
11387.768014
11408.972058
11387.487997
11408.488862
11419.124735
11397.651876
11384.388024
11387.563500
11409.434746
11407.478228
11409.783500
11408.423486
11410.504962
11448.019824
11408.240468
11388.919758
11374.754971
11364.692489
11411.187917
11375.662638
11411.784404
11385.007414
11410.441722
11431.150231
11417.730856
11423.663416
11430.592395
11434.654749
11425.025474
11422.242561
11423.485731
11396.815239
11396.263801
11476.671113
11466.765794
11488.108116
11461.832206
11473.218716
11456.410976
11457.551243
11469.952970
11472.622651
11443.259627
11427.442702
11435.791431
11454.149198
11425.589606
11423.695126
11452.999507
11453.145751
11439.143619
11408.488073
11433.715326
11412.841133
11439.594467
11422.951971
11442.797151
11421.334422
11407.787773
11398.945986
11423.551014
11420.106108
11420.893994
11449.350924
11443.846889
11443.391814
11421.104193
11408.329609
11398.915309
11421.191392
11412.038320
11413.588947
11441.210416
11454.540490
11423.421811
11444.314714
11444.528381
11454.813416
11454.774168
11406.479394
11397.009682
11422.576267
11423.908960
11398.757818
11443.690393
11400.305763
11423.745828
11427.400428
11422.519992
11453.282902
11452.420716
11408.948624
11441.035225
11440.474668
11424.080769
11454.345017
11451.981147
11423.804478
11445.996357
11424.967591
11435.713725
11408.653838
11454.239163
11419.731037
11439.576413
11424.208160
11425.543566
11436.277597
11408.682405
11409.562409
11446.081051
11440.269740
11423.811821
11419.062360
11409.804989
11420.091283
11411.298395
11443.402287
11427.589275
11435.275646
11410.771023
11421.951268
11452.927677
11424.940368
11410.833358
11410.496868
11451.778549
11438.572618
11436.077564
11452.040346
11422.848957
11452.549915
11423.634905
11443.523522
11439.667205
11420.158834
11421.635791
11411.654423
11409.366072
11422.143976
11440.275673
11420.760274
11409.035985
11409.674508
11470.851472
11411.783969
11469.835200
11439.547163
11460.082519
11457.120556
11454.773787
11455.388236
11439.618875
11455.917642
11445.111192
11448.072424
11419.506023
11419.971368
11399.001359
11420.711709
11408.709227
11408.161442
11423.593338
11419.971302
11444.032412
11444.150674
11456.921599
11456.435464
11422.346360
11446.209227
11426.647372
11426.742590
11422.970277
11436.972443
11432.054081
11398.746858
11412.664973
11413.717954
11459.084779
11473.347713
11459.632797
11472.263802
11454.095652
11455.211280
11442.559715
11411.489901
11444.474331
11447.466775
11428.938540
11429.049087
11420.972160
11459.664872
11459.751735
11462.064047
11439.115622
11438.868046
11450.066431
11464.525026
11410.296697
11424.188933
11411.553725
11414.044921
11432.355066
11408.313939
11396.760095
11397.486905
11396.791593
11431.634007
11449.067019
11423.479727
11397.019125
11407.398385
11410.288359
11461.368160
11450.603162
11460.958679
11412.017354
11411.208489
11423.649243
11431.213213
11424.906553
11422.929351
11424.791432
11396.483494
11448.188731
11396.241199
11406.591051
11411.039698
11409.155608
11417.956294
11399.681870
11397.458530
11425.725517
11408.056737
11409.360028
11398.102271
11420.004053
11419.769129
11448.838372
11409.201233
11407.140453
11407.906628
11410.111734
11436.547636
11395.914064
11418.986724
11393.042868
11397.414877
11410.350427
11384.324304
11409.017738
11445.734941
11430.291485
11445.666887
11430.009245
11429.508510
11446.274173
11445.766941
11416.561078
11421.728115
11397.341475
11421.849777
11400.392143
11423.717574
11410.082260
11428.202962
11397.791525
11425.154722
11432.769629
11410.641151
11449.335238
11438.729569
11414.473317
11411.785416
11411.304940
11436.873723
11420.514951
11406.877068
11411.349197
11395.799665
11419.031316
11409.815374
11399.713265
11408.822950
11394.321179
11397.928203
11397.557208
11386.961750
11418.385993
11410.858776
11456.526995
11464.388299
11442.863367
11406.012609
11407.658795
11405.973066
11419.391151
11395.162685
11407.706650
11447.303512
11408.049249
11398.118112
11408.593181
11395.261241
11400.127563
11398.727330
11410.338870
11421.613355
11411.616229
11385.078454
11384.482595
11427.041822
11427.155731
11484.638942
11440.240902
11440.713865
11427.616663
11495.021717
11421.160293
11430.998815
11450.054083
11399.459857
11397.240964
11408.244851
11420.270638
11408.506434
11430.767096
11449.191097
11407.612376
11410.571498
11408.219627
11411.612695
11400.166966
11412.684491
11463.992395
11453.385150
11474.775437
11422.973830
11412.209467
11380.247745
11441.212252
11423.991305
11441.739923
11400.589133
11442.568107
11443.096402
11444.174437
11401.515951
11422.888585
11432.164206
11388.695437
11387.735650
11397.491472
11411.831042
11397.467195
11401.383576
11400.707721
11413.700430
11400.640110
11410.700055
11385.768206
11385.112792
11400.182814
11399.227465
11386.685782
11387.178149
11423.909906
11385.145016
11413.077448
11443.644146
11399.631636
11431.268487
11486.324310
11432.829519
11409.307076
11399.051743
11398.041062
11432.084344
11451.647836
11397.642547
11396.714445
11412.971204
11416.106261
11412.176703
11420.921057
11396.450694
11396.493157
11421.694388
11409.602447
11451.663089
11452.112550
11410.499538
11409.669432
11401.289435
11424.231135
11412.443363
11412.059829
11396.816253
11396.165895
11442.019683
11402.639439
11395.908229
11411.963658
11422.272011
11395.114644
11395.790412
11423.475670
11441.517713
11433.682636
11426.753370
11438.240252
11440.955891
11411.255133
11441.474501
11400.895475
11400.947448
11421.908358
11412.626616
11423.276638
11415.736493
11398.447263
11385.823079
11376.345153
11472.170830
11428.486274
11387.261660
11426.735466
11409.271826
11398.185358
11410.321294
11437.771788
11398.378571
11423.255113
11412.833007
11453.747487
11425.789736
11438.655656
11453.140689
11434.546181
11447.804163
11442.126946
11422.968284
11399.644649
11441.561196
11423.766350
11414.885212
11435.369030
11467.733085
11456.210474
11464.245750
11424.631261
11423.374441
11407.464887
11425.134248
11440.407768
11436.274855
11426.373488
11397.800955
11398.517504
11467.147066
11456.135951
11484.466165
11422.506980
11452.398284
11422.220937
11421.223938
11423.258686
11421.973721
11457.595061
11510.246750
11501.140480
11475.617037
11505.728217
11511.028831
11455.279044
11473.809171
11440.566014
11427.060355
11373.562735
11374.244387
11412.842483
11451.618229
11440.557370
11440.736351
11496.637548
11442.137646
11430.767680
11384.313663
11413.515504
11398.657286
11400.364232
11397.307211
11400.673657
11430.279150
11388.773288
11458.887910
11478.580062
11457.759021
11462.815185
11465.076390
11384.822623
11386.145169
11410.085525
11386.243874
11400.088325
11384.384083
11460.094413
11488.614592
11468.320562
11463.493568
11460.003365
11424.206442
11396.918855
11456.715304
11459.097906
11462.370152
11421.266785
11419.581526
11422.557003
11419.496025
11451.548304
11408.334539
11452.077395
11409.170118
11462.612727
11421.556597
11426.686863
11448.277367
11425.444681
11458.839069
11427.404353
11434.636914
11439.965906
11395.026931
11473.016113
11457.429016
11453.572230
11483.629696
11409.560502
11422.906482
11436.504365
11439.630111
11470.630854
11461.318129
11384.311946
11425.459431
11400.615360
11397.698507
11400.018183
11409.759677
11394.432639
11383.789057
11420.899444
11420.526775
11421.188423
11471.631429
11385.056131
11424.139623
11421.809714
11411.307756
11411.802102
11409.982931
11438.286046
11423.904508
11432.338377
11394.361353
11408.369755
11384.350584
11406.785350
11416.629992
11395.108318
11409.294095
11407.703314
11408.188204
11398.401885
11385.394808
11387.640982
11409.398031
11410.199032
11418.673133
11409.247626
11409.585288
11385.641254
11410.235548
11421.356950
11395.650868
11434.981455
11394.452403
11436.042544
11396.857561
11396.959688
11407.270110
11383.664430
11373.808581
11425.362241
11420.669218
11407.731853
11431.575462
11395.033850
11394.494495
11407.181898
11405.241725
11441.379286
11394.988300
11408.552309
11408.218242
11408.048979
11407.835167
11408.229304
11434.117485
11418.747007
11394.398311
11433.182302
11422.263527
11419.247196
11384.374717
11419.750993
11384.359364
11418.276664
11395.473390
11418.275279
11384.377579
11374.392984
11395.857103
11395.235129
11408.416280
11422.370563
11402.359331
11397.709092
11441.293087
11441.777192
11387.718759
11429.495213
11399.351435
11395.177775
11384.227912
11411.991718
11396.490148
11429.498413
11398.028617
11386.607544
11413.789251
11420.413211
11464.905702
11420.692434
11397.522341
11400.623643
11413.964349
11385.988275
11424.005320
11387.992000
11421.775896
11399.750220
11377.684142
11412.506610
11384.177558
11384.234699
11394.243214
11395.819305
11395.409251
11421.596739
11426.070770
11384.764925
11407.916571
11445.825840
11464.901586
11398.434176
11385.673280
11398.841414
11395.330326
11419.740315
11374.480988
11376.048935
11397.532717
11406.271932
11384.493474
11398.110593
11418.960284
11398.723705
11385.272862
11374.425821
11420.272444
11437.640865
11395.762608
11407.122201
11407.218734
11395.221063
11388.053599
11398.558974
11427.504242
11402.506500
11426.707783
11426.479630
11444.107305
11439.608334
11442.103289
11428.608853
11396.992428
11416.186256
11397.884705
11399.784223
11399.719671
11400.167687
11400.063852
11438.759553
11395.169796
11373.281020
11373.937667
11410.575926
11372.488624
11381.902753
11382.639760
11421.877894
11422.429639
11424.050412
11383.597585
11397.479500
11395.584804
11407.884179
11397.988878
11408.147249
11406.241437
11394.709466
11420.519482
11431.078530
11397.413924
11409.520372
11386.606243
11449.304050
11407.354410
11383.498402
11373.338287
11384.314874
11409.733683
11397.862082
11398.181855
11382.899812
11411.932795
11382.644986
11421.756699
11382.600372
11397.721520
11373.842420
11373.616474
11372.755265
11373.376777
11409.158440
11426.725880
11422.619927
11395.313413
11395.449429
11381.222280
11437.463343
11437.162215
11395.104865
11375.306041
11374.625897
11397.998747
11436.042052
11422.604873
11426.118237
11384.729006
11396.820269
11408.496815
11375.087192
11409.066585
11385.437551
11421.722274
11423.854936
11384.883807
11394.367358
11387.119166
11397.100209
11397.081740
11387.138002
11432.237472
11395.403210
11385.096806
11385.111812
11385.673324
11399.145782
11384.183589
11409.629159
11396.148291
11387.438130
11385.944628
11396.863281
11401.845290
11423.334549
11408.675931
11426.345277
11410.064818
11402.315338
11423.384063
11407.887567
11440.872709
11372.074917
11362.673659
11362.584526
11362.498728
11396.568997
11395.728982
11385.675146
11409.920871
11397.072919
11424.695219
11407.922609
11427.672203
11403.942492
11423.065608
11396.386406
11397.897364
11384.286546
11409.634701
11393.624412
11438.025301
11411.478337
11401.526465
11414.779512
11387.697214
11387.051520
11399.489521
11428.570452
11396.751255
11421.060402
11429.155408
11463.439307
11413.295583
11431.307063
11412.626644
11421.786321
11461.770175
11460.652193
11388.862248
11399.539357
11400.220620
11400.348526
11441.930545
11438.632864
11409.655563
11387.564684
11399.054026
11408.908484
11409.993419
11411.299083
11436.544823
11442.024062
11387.703976
11385.412232
11383.665480
11407.527414
11395.365745
11436.881774
11426.927601
11428.130631
11396.616517
11396.630405
11396.543890
11396.555361
11435.633878
11395.949043
11395.932156
11386.164244
11373.058961
11410.290561
11427.607159
11438.786650
11448.508232
11438.330459
11452.189023
11440.644404
11410.067955
11411.447393
11410.118202
11413.029484
11421.309964
11389.650380
11399.733238
11412.506900
11425.157277
11422.607518
11421.584261
11424.896413
11397.185260
11434.925869
11399.344740
11418.327337
11430.615129
11431.190051
11412.532799
11425.227189
11433.590229
11422.489154
11409.725781
11450.753706
11409.072544
11420.505291
11406.589567
11421.122294
11387.988258
11408.559233
11399.447456
11375.643803
11398.990559
11398.616855
11423.579567
11394.888853
11396.399378
11423.144921
11412.734786
11386.664528
11377.707856
11401.229740
11413.333840
11412.686572
11410.602148
11411.197915
11420.524170
11412.682404
11400.923594
11547.372301
11526.942399
11508.318998
11505.482648
11388.971307
11377.411221
11409.829396
11396.948314
11394.375580
11398.079941
11425.588481
11398.568679
11383.421080
11410.967720
11373.630338
11411.274557
11375.157104
11399.126392
11401.316376
11422.071589
11421.796938
11401.433143
11414.093139
11386.632884
11427.138770
11484.422883
11440.263611
11440.252184
11387.053134
11421.555653
11439.389176
11401.356772
11388.002602
11421.894456
11398.132917
11427.150071
11484.551021
11426.857726
11484.921317
11439.954068
11435.823227
11447.629356
11423.173793
11437.447950
11424.989025
11425.622367
11413.739038
11408.510241
11409.228513
11419.421520
11412.191827
11428.436792
11423.601594
11426.641587
11376.927628
11379.163236
11400.707750
11414.830846
11402.215971
11400.236676
11431.552875
11390.091196
11402.140877
11431.064285
11409.771278
11410.284575
11444.765491
11371.780208
11386.439776
11386.429515
11386.949660
11408.898142
11390.720067
11398.350395
11438.379335
11423.313538
11387.898513
11385.507435
11433.483824
11422.725426
11396.818011
11396.319961
11438.365263
11421.235654
11449.096016
11422.598942
11423.179325
11409.623961
11398.701787
11387.839714
11451.938550
11397.630378
11408.826678
11398.653539
11408.293831
11407.668572
11409.081282
11393.061007
11423.419730
11396.950803
11397.697229
11430.551708
11406.906995
11431.600563
11415.741759
11390.695988
11424.462053
11384.380949
11423.086229
11412.720684
11420.748508
11439.556871
11401.589884
11421.904947
11395.805592
11395.379242
11372.365948
11386.975389
11387.012356
11400.845406
11398.988769
11385.555147
11431.864830
11399.526126
11426.611999
11400.011668
11383.886913
11410.986021
11436.889682
11385.690466
11376.077054
11385.972454
11374.460588
11372.616155
11411.209811
11410.581501
11410.717789
11410.482770
11388.421242
11399.604895
11399.764095
11400.923817
11401.909521
11401.843592
11399.732262
11397.809111
11397.675616
11427.390809
11410.310879
11390.000916
11399.994763
11378.144150
11396.950152
11406.752017
11407.381198
11387.370204
11407.817639
11399.335827
11405.984685
11407.863471
11405.356653
11396.595160
11396.528054
11413.142525
11422.694068
11375.921532
11400.020963
11383.157992
11384.446815
11413.052823
11409.534498
11408.820158
11459.675133
11408.654237
11398.955471
11413.223197
11400.401856
11395.897673
11426.474162
11426.605153
11409.803845
11411.175503
11412.273147
11420.585978
11420.565028
11408.622153
11419.415364
11420.115189
11446.559735
11448.715129
11445.820253
11441.975845
11435.949805
11454.262221
11424.187193
11397.890961
11441.160577
11399.360645
11399.374025
11390.021830
11389.058725
11430.282989
11401.839145
11411.698742
11402.163052
11443.850473
11462.344321
11442.115403
11409.521166
11422.113630
11388.025812
11387.775398
11397.777826
11398.558049
11419.500067
11385.925198
11435.404916
11436.028697
11410.677450
11410.313288
11387.622453
11399.905043
11386.435954
11415.328623
11422.921123
11397.765041
11411.521552
11401.049096
11487.123405
11460.518497
11413.741977
11486.299700
11492.831863
11516.412568
11484.543198
11483.680050
11481.986035
11409.961121
11441.477814
11401.999589
11442.036477
11430.140422
11412.996758
11422.588841
11430.569981
11411.269408
11444.985860
11398.498746
11411.514024
11411.558146
11465.037167
11453.294712
11454.861146
11421.773224
11450.342535
11448.727118
11443.974102
11447.030554
11444.611966
11446.389851
11496.718176
11497.634765
11515.638970
11395.598634
11386.703743
11386.097826
11427.842780
11428.234054
11398.398815
11398.400029
11395.543186
11424.036535
11411.408958
11444.299233
11400.925103
11400.304286
11412.369847
11383.387087
11423.381372
11396.885393
11399.512647
11398.884542
11375.503880
11387.960659
11427.745197
11529.036570
11506.263485
11526.175534
11519.493767
11538.751859
11515.586895
11529.498568
11553.814572
11547.816853
11535.526690
11517.234869
11409.421287
11410.252682
11447.041873
11460.101296
11448.618468
11410.887570
11386.547159
11408.225364
11375.715559
11400.205597
11408.675191
11447.745199
11382.751912
11384.076060
11412.145398
11384.416752
11372.620959
11373.372935
11372.566327
11371.818597
11401.712748
11412.970085
11396.148563
11396.715880
11387.569026
11386.786438
11386.114634
11384.210317
11385.089614
11386.963712
11363.305820
11389.556710
11386.890008
11387.438170
11390.809989
11433.933661
11409.279938
11399.566750
11408.610578
11397.722508
11398.508870
11412.672555
11400.680488
11408.957168
11426.893782
11399.446542
11386.101771
11408.379602
11385.263882
11425.542685
11410.993108
11428.001596
11422.562040
11407.719673
11384.955501
11383.494249
11421.962269
11424.017979
11383.731991
11374.422425
11374.324762
11419.670450
11419.672165
11384.708344
11384.220794
11420.836286
11393.100606
11394.439988
11384.295905
11384.909883
11394.195846
11402.526153
11398.477242
11397.627998
11363.283204
11363.273281
11395.524292
11418.189056
11405.436690
11411.978395
11422.509534
11424.534074
11423.239673
11411.295557
11409.883175
11395.129118
11394.551544
11409.713275
11396.547385
11385.653971
11374.739376
11384.985792
11424.464383
11451.379405
11385.172339
11412.937988
11412.339435
11411.256913
11411.928661
11399.942926
11399.735500
11424.187671
11440.428887
11450.199353
11428.222746
11427.353234
11447.920607
11449.455645
11415.856478
11427.574944
11427.893201
11424.942893
11412.588117
11438.845807
11440.179620
11401.913345
11427.918491
11400.550761
11384.286862
11426.094849
11375.621038
11374.970683
11412.077003
11396.901255
11397.713302
11412.777823
11385.134500
11395.969883
11396.118341
11397.647262
11408.596965
11396.369325
11409.175669
11414.384867
11384.996002
11427.281829
11411.669561
11426.825992
11428.274794
11413.512667
11411.631167
11402.253107
11398.455108
11397.710739
11627.151564
11373.333779
11410.829337
11416.258122
11437.777139
11396.224461
11406.093474
11408.132129
11407.516457
11364.419099
11397.441389
11424.141407
11385.221622
11385.874356
11422.411377
11375.890898
11423.401463
11385.115833
11387.429714
11409.244415
11396.446501
11409.631422
11396.954307
11384.000724
11419.797729
11421.243168
11394.088843
11410.060902
11384.151676
11385.506035
11409.227388
11385.356316
11382.982859
11372.042182
11385.093137
11395.647065
11425.939853
11385.002021
11397.772339
11397.294893
11374.131633
11384.204364
11419.133645
11413.488707
11387.168807
11398.899050
11401.607337
11389.880929
11399.706765
11400.193361
11397.114609
11435.232105
11421.867172
11382.820066
11421.549060
11423.922402
11412.712264
11405.971314
11406.009001
11425.478426
11424.389924
11373.399832
11384.258744
11384.724280
11384.247099
11424.656066
11398.263830
11396.943099
11415.479327
11411.676580
11407.101205
11408.665242
11382.247872
11426.503726
11401.548767
11367.195960
11471.484567
11473.222235
11469.763339
11400.943814
11445.426626
11412.494696
11425.091439
11496.724089
11480.581914
11494.169715
11504.723645
11507.075434
11482.343409
11375.049837
11409.420904
11385.018428
11436.373990
11385.605990
11411.594691
11411.458335
11412.124418
11450.308932
11508.544597
11411.548258
11412.334345
11461.217172
11411.323853
11388.189454
11386.863753
11399.072612
11436.493756
11423.400013
11417.052953
11423.978841
11384.937904
11375.024324
11375.004032
11409.918230
11421.551741
11420.992657
11384.935225
11385.657213
11395.656116
11394.303003
11434.289918
11398.112409
11408.664921
11397.176723
11399.162108
11399.900261
11395.328879
11386.815516
11385.291758
11409.419138
11397.397575
11382.668072
11409.521663
11438.253357
11423.937319
11449.178018
11395.594779
11430.560391
11384.172284
11395.561222
11395.428597
11411.044942
11413.578318
11422.965525
11385.043184
11383.657161
11375.493070
11386.602751
11386.598245
11397.908244
11409.135201
11395.372415
11396.180217
11426.237089
11439.255924
11421.716890
11412.031853
11421.715759
11395.989899
11410.063421
11387.448473
11418.972015
11409.540033
11385.476881
11395.250420
11397.666716
11419.063548
11396.028263
11408.798988
11383.792439
11397.972735
11387.307764
11385.603644
11424.642919
11409.294449
11372.395539
11399.740075
11399.506706
11421.080046
11398.260773
11384.107865
11410.666556
11411.364644
11410.670507
11410.531337
11412.618082
11376.895588
11384.932429
11436.369574
11383.709220
11374.269937
11385.130108
11375.234792
11437.222717
11385.506330
11384.357507
11408.023888
11383.589170
11418.390730
11371.687358
11406.943448
11386.980738
11397.057190
11413.281521
11396.415008
11378.060641
11387.361959
11387.295174
11396.052461
11399.390247
11405.222524
11397.435302
11387.540431
11399.290947
11391.385493
11417.008134
11412.670261
11398.507527
11375.631819
11409.572097
11376.024596
11373.537776
11422.552227
11412.546931
11400.223075
11403.241069
11399.238272
11400.658135
11398.478187
11396.456183
11422.548319
11385.956780
11395.967078
11397.163242
11433.067922
11396.543933
11386.968332
11415.458535
11499.835798
11491.398154
11427.778839
11415.882136
11441.073309
11438.994379
11448.508016
11424.035308
11436.685229
11442.552737
11442.239262
11412.702085
11397.978526
11424.514664
11440.106960
11451.414949
11451.016179
11448.259068
11383.825532
11394.231756
11436.642394
11408.984597
11397.920711
11385.456919
11437.094013
11397.801044
11397.138775
11396.967219
11414.989205
11414.692844
11424.717150
11428.448890
11444.410290
11426.087494
11426.596965
11399.355257
11398.963587
11408.901961
11412.879091
11409.816372
11411.175241
11441.419593
11463.499741
11442.738144
11399.104338
11425.685174
11433.465607
11415.331013
11396.790595
11396.830966
11413.687463
11413.236321
11422.569318
11411.336774
11414.084605
11398.591656
11430.392729
11396.103130
11410.230237
11384.924457
11385.550692
11395.838963
11397.281637
11423.340700
11421.984531
11430.391433
11388.882303
11396.509276
11398.010842
11421.902130
11411.472623
11397.462941
11399.001732
11395.098624
11485.192609
11430.659496
11413.859241
11386.455351
11395.470202
11396.083842
11411.220507
11399.455766
11426.196794
11414.393098
11409.270131
11400.178283
11399.988865
11374.439799
11386.228187
11397.870366
11385.709582
11386.041414
11386.828655
11397.959748
11541.733288
11424.654976
11437.218010
11437.760712
11436.953473
11372.794741
11412.263452
11421.419880
11386.813699
11397.489133
11397.518450
11403.703802
11374.040879
11402.641493
11397.252467
11425.487053
11402.322770
11413.569099
11363.321617
11385.132655
11384.711721
11413.570060
11387.859614
11389.158289
11385.881198
11384.890547
11386.862457
11376.103387
11433.348078
11386.350346
11424.423652
11364.398915
11401.160496
11401.112027
11386.298412
11410.816609
11386.866043
11387.064584
11414.886950
11399.213610
11425.480532
11416.996658
11400.975315
11403.154351
11398.610275
11365.805240
11416.389739
11399.585844
11362.548269
11398.717576
11400.566251
11427.438178
11412.231450
11402.155666
11420.190792
11438.386024
11423.507686
11427.438093
11427.859397
11427.456301
11428.682204
11427.041936
11423.597951
11438.715190
11396.268351
11440.748096
11425.788494
11436.319528
11372.979272
11371.722488
11372.526936
11410.920009
11372.029905
11372.505277
11372.043334
11408.910468
11409.510991
11408.904129
11396.460467
11386.727362
11384.947632
11438.859437
11447.278340
11447.450190
11447.890075
11425.128064
11425.623962
11438.849742
11414.091247
11387.806023
11413.377172
11424.140174
11417.662885
11411.860749
11411.715145
11419.205200
11396.010892
11395.249745
11419.854606
11409.677348
11387.623724
11429.487500
11425.255254
11441.854560
11443.997315
11440.637503
11406.902494
11416.818290
11407.492526
11393.465688
11406.676750
11383.055082
11394.984215
11407.026409
11395.736435
11396.275734
11439.928030
11426.697267
11438.145685
11411.511644
11410.973710
11411.430326
11424.637560
11385.620971
11400.230089
11399.813972
11375.067239
11400.008883
11426.840953
11415.206210
11427.497290
11450.362372
11395.768548
11397.037548
11396.351639
11436.999687
11373.225077
11427.272419
11416.243548
11397.413750
11397.414166
11386.433964
11387.012057
11413.056115
11396.537789
11397.794814
11400.660844
11400.053860
11398.305983
11399.700748
11388.954398
11410.583852
11389.402881
11388.434279
11398.861784
11364.711930
11399.259555
11421.730455
11403.366390
11420.385029
11402.895312
11407.358211
11408.045783
11414.646740
11354.641219
11427.538929
11395.752346
11448.313498
11397.731081
11396.327372
11423.542290
11424.873647
11412.343197
11417.173491
11412.938188
11409.048864
11490.084115
11396.621265
11436.344882
11418.405124
11408.450853
11385.333008
11419.434631
11386.869623
11398.234111
11426.660428
11408.654884
11375.077257
11377.134152
11395.660999
11397.313668
11409.719183
11408.843435
11434.441685
11407.334563
11414.173664
11435.625881
11435.773148
11396.867512
11407.547316
11408.576226
11400.332743
11412.219962
11408.075309
11440.950091
11423.264863
11441.548736
11399.842138
11442.536481
11402.538417
11425.293080
11424.670825
11411.443274
11443.098589
11450.881945
11426.043366
11424.896006
11411.667122
11409.576030
11408.029122
11407.259280
11386.669073
11385.654394
11386.615132
11412.285363
11409.385928
11440.387179
11420.030818
11422.352792
11421.479455
11409.684447
11408.971807
11441.039803
11455.415728
11470.830522
11411.037247
11470.307923
11422.036542
11424.549977
11433.565054
11427.184474
11455.601785
11426.537159
11409.590014
11427.630662
11415.417258
11455.094241
11396.921556
11441.843031
11435.541473
11434.378990
11423.135705
11433.776798
11410.494336
11453.278506
11413.423767
11395.915657
11441.050094
11408.282909
11424.608641
11423.667604
11450.906241
11421.999964
11434.747093
11435.265494
11422.044303
11395.990044
11422.953057
11440.318645
11423.841329
11440.270061
11408.769355
11442.245390
11410.643150
11422.270723
11423.784379
11403.513461
11429.965686
11420.819036
11453.818496
11461.738006
11426.616388
11426.633590
11466.776845
11480.473831
11483.083581
11396.921177
11430.820608
11430.863919
11430.198191
11422.493173
11414.057789
11430.716343
11413.062862
11441.513463
11455.940949
11455.225861
11455.521891
11454.405293
11442.506998
11455.896171
11454.715811
11456.029637
11453.896832
11470.642849
11484.479729
11395.296667
11395.402569
11424.321711
11439.416930
11440.369695
11398.077104
11387.056131
11396.950047
11400.470998
11441.863093
11387.055090
11428.942968
11401.673251
11398.795965
11387.004983
11428.943489
11400.772422
11441.838161
11422.122461
11406.014399
11409.457717
11429.612050
11429.504023
11406.839977
11398.021988
11450.157440
11409.657829
11440.646185
11397.292958
11397.280959
11398.546302
11387.713829
11397.854823
11440.609226
11373.622380
11396.061370
11363.735991
11409.426917
11373.065364
11409.249258
11386.005704
11395.788356
11382.797102
11372.937416
11406.578573
11406.794587
11407.847969
11386.384915
11397.257161
11449.234272
11406.796092
11396.071333
11421.588685
11397.294105
11394.948824
11436.975892
11398.230252
11386.876092
11409.196771
11394.219283
11383.661069
11433.313299
11412.833379
11382.820722
11384.798162
11409.506236
11410.286301
11364.343795
11374.328211
11373.747615
11423.400550
11424.026569
11393.840181
11395.036670
11420.360805
11407.836063
11408.603657
11437.936773
11373.801823
11397.022154
11383.660597
11406.739298
11395.203822
11374.255401
11395.567461
11383.700008
11384.543742
11397.565553
11393.907046
11406.836033
11395.367192
11384.235299
11408.696709
11407.321686
11432.962563
11408.725934
11396.846163
11397.048740
11397.746263
11384.553840
11398.788522
11409.280423
11435.969633
11417.667494
11409.546320
11399.557680
11407.691290
11422.582904
11395.124507
11393.669479
11436.443313
11432.206885
11395.824264
11410.790035
11398.613161
11440.641380
11398.486670
11387.747365
11408.711265
11386.244848
11397.635526
11410.247361
11395.708088
11437.043915
11399.680394
11399.672855
11440.581251
11385.424066
11438.584378
11397.499825
11395.071054
11395.911603
11374.146792
11384.212802
11418.132834
11394.546653
11393.905382
11396.728649
11384.216394
11408.300070
11407.746978
11372.041124
11372.759425
11406.799875
11406.199670
11407.084533
11418.877304
11420.154650
11386.515244
11408.941007
11397.886968
11405.954071
11449.759827
11406.089078
11448.475265
11394.533494
11421.684645
11397.480277
11393.594737
11383.134475
11392.279181
11393.578455
11422.105012
11414.622188
11412.194952
11422.621917
11413.462383
11399.383898
11397.195220
11398.882661
11409.866123
11387.405957
11409.936336
11411.708205
11389.196611
11400.746573
11439.965300
11385.890612
11435.037852
11395.803975
11423.933193
11424.622687
11394.204072
11386.459908
11396.797161
11399.359145
11385.748194
11437.229683
11408.624320
11410.016165
11398.917820
11399.070102
11437.478321
11409.895390
11398.513956
11385.037343
11409.632457
11399.649414
11408.746912
11409.349455
11423.689379
11424.667126
11428.237086
11424.044193
11372.469804
11414.942153
11420.907047
11506.998109
11398.706819
11372.645909
11386.014811
11385.183526
11446.999120
11385.403693
11402.194581
11402.873350
11364.955796
11407.145487
11422.366297
11400.840834
11427.558685
11413.152503
11409.305147
11416.470851
11412.443270
11407.541335
11373.296123
11407.532905
11397.307046
11373.863982
11397.355613
11437.454991
11447.852235
11448.639092
11447.292404
11447.911146
11425.392347
11426.041535
11397.635698
11424.412863
11411.365013
11413.925658
11431.800714
11413.637837
11408.897492
11409.580153
11409.180869
11410.188351
11396.882675
11409.326975
11398.528905
11398.520784
11386.777959
11409.151152
11410.086158
11408.469038
11398.568319
11423.888441
11398.049234
11442.181494
11421.923861
11387.556816
11425.135866
11431.339873
11410.916223
11411.441322
11374.018787
11384.354557
11373.478900
11397.912471
11428.412375
11416.661403
11428.093596
11417.198088
11442.015610
11396.024946
11374.330996
11406.410794
11374.916204
11398.951974
11424.828285
11407.961848
11443.358492
11436.997164
11405.859918
11394.410308
11407.839410
11407.283112
11433.502855
11386.148122
11386.146728
11374.651245
11384.550502
11419.598264
11398.278140
11398.375324
11394.804109
11398.028435
11374.239933
11396.484906
11395.997286
11396.764641
11374.740015
11374.000658
11396.423442
11386.539092
11383.892033
11395.327771
11397.018324
11435.287257
11424.783525
11395.773213
11383.728268
11386.912065
11433.292707
11434.650841
11385.253663
11398.003749
11421.971239
11375.365568
11375.305428
11419.341292
11397.822943
11385.169777
11385.008382
11418.353560
11408.561639
11407.491282
11385.071752
11375.011525
11395.789828
11395.255812
11406.992720
11394.402383
11385.603064
11419.036536
11418.918138
11408.254944
11396.644148
11384.183911
11407.350888
11406.798015
11373.447621
11374.250845
11385.975743
11385.229829
11384.094417
11413.480854
11410.644565
11389.607362
11363.937579
11363.274947
11388.579804
11443.055975
11457.469699
11458.125401
11457.197411
11417.730055
11400.370446
11426.915260
11463.075726
11409.812326
11399.571656
11443.929962
11398.697176
11422.241563
11434.121604
11406.522975
11407.914913
11435.383269
11407.734209
11407.950144
11445.129109
11411.071541
11422.012352
11434.717659
11408.605014
11435.210990
11398.503369
11431.177480
11424.904814
11422.527957
11387.751545
11388.488377
11385.881754
11374.303588
11384.885902
11385.087427
11374.115513
11364.174544
11385.125304
11374.256769
11373.762719
11397.674136
11396.923338
11394.434870
11395.355459
11397.295917
11386.412579
11411.078599
11416.576396
11413.303319
11396.061212
11373.633569
11396.433080
11396.456807
11396.869705
11384.995422
11432.099655
11393.594456
11423.799664
11411.414930
11395.217481
11385.046613
11394.324310
11420.822993
11383.339845
11420.998926
11398.290269
11422.324056
11419.118011
11384.499019
11383.669669
11386.071895
11384.433586
11406.769301
11406.122941
11384.873303
11384.046580
11384.306387
11384.374556
11397.593758
11407.775916
11394.905102
11383.379318
11396.768206
11396.178407
11398.377070
11449.552915
11449.077922
11437.541522
11422.253549
11394.813597
11387.440175
11421.344698
11411.571961
11412.847767
11410.444157
11414.012828
11413.431799
11405.371064
11390.203595
11410.841046
11410.796568
11385.195207
11396.726119
11433.659138
11397.014993
11396.914771
11399.259267
11398.341126
11426.861835
11400.175965
11429.691628
11400.805100
11362.472162
11421.201120
11405.979631
11398.591565
11387.107857
11433.765890
11394.612051
11406.626076
11397.256813
11407.781575
11420.622343
11395.241414
11401.813305
11376.747997
11410.656762
11444.062472
11444.065147
11410.282058
11376.804950
11413.386397
11440.095359
11444.106650
11415.633600
11412.210731
11429.332322
11399.200464
11422.720885
11384.875411
11387.187360
11412.194061
11411.674897
11411.250601
11413.842414
11387.191364
11411.001622
11384.427676
11384.378473
11422.161016
11397.739200
11432.883346
11425.787154
11427.013617
11374.974172
11412.862038
11401.640329
11464.654591
11411.141524
11410.001662
11412.186329
11402.851770
11411.054622
11401.949871
11399.930243
11536.144247
11381.487959
11411.895194
11382.913421
11384.041539
11383.057067
11383.415490
11419.709418
11425.307663
11396.206621
11397.504372
11437.153118
11440.234073
11436.914399
11398.362056
11396.407521
11397.027482
11427.608901
11428.178856
11423.264035
11413.910940
11402.787010
11414.634500
11411.352644
11410.777628
11409.187765
11409.411157
11395.151034
11395.122942
11427.890022
11439.482968
11450.133278
11451.769713
11408.530937
11408.059751
11435.700130
11439.490335
11444.018358
11428.951343
11397.927148
11397.451060
11387.175960
11441.973614
11387.569384
11372.537511
11436.530947
11426.519114
11440.091640
11410.061997
11410.734058
11438.790947
11387.768967
11398.368445
11410.148530
11408.887959
11397.741964
11396.089995
11378.637126
11385.901277
11385.343075
11399.856161
11398.592578
11396.106788
11396.524533
11396.569157
11398.863199
11399.144526
11373.279666
11386.967657
11407.466036
11373.427645
11417.454345
11407.736156
11417.729258
11393.038547
11394.427960
11385.492446
11420.314680
11422.318680
11386.095709
11402.060937
11417.984294
11407.653634
11406.151499
11397.063327
11386.212431
11420.292844
11410.369441
11420.317064
11393.675334
11383.722612
11395.487680
11410.313655
11397.327209
11451.124137
11396.698448
11422.806241
11426.591961
11415.868180
11410.848592
11410.948382
11426.022614
11415.204344
11436.740719
11395.571940
11408.867438
11439.780521
11412.050922
11408.422771
11382.731015
11394.923946
11418.828806
11409.367180
11419.792037
11398.060770
11426.054042
11385.056459
11384.434649
11384.929619
11372.664677
11373.160997
11410.694164
11406.066728
11406.552536
11449.301081
11408.505897
11395.951725
11409.362750
11452.268676
11420.269557
11437.773045
11397.265047
11422.429401
11411.522708
11421.430410
11411.997924
11421.359757
11393.605381
11411.302415
11384.196871
11432.050605
11397.050702
11397.439728
11397.835168
11396.643628
11449.711191
11432.637741
11375.939899
11408.218372
11376.780920
11388.075092
11426.800926
11399.274913
11397.679112
11433.288793
11397.334736
11397.227502
11396.639675
11387.344123
11411.149322
11383.315971
11421.653230
11382.737454
11383.504919
11373.558963
11373.545806
11409.221329
11386.080431
11397.788538
11408.115571
11386.458071
11374.938765
11411.520472
11386.766383
11394.091255
11394.225721
11434.915189
11384.208383
11382.853957
11424.167036
11396.914062
11397.583074
11374.716450
11398.303930
11403.952374
11414.082518
11417.690646
11395.566995
11396.159505
11410.327505
11411.009090
11414.379654
11425.963594
11424.995811
11435.194740
11394.936739
11395.023896
11408.956482
11438.980967
11411.179916
11426.820944
11385.747992
11385.069609
11385.696984
11373.191802
11411.470080
11412.360088
11396.138203
11417.559543
11412.193647
11413.472889
11417.377146
11417.110225
11410.375513
11376.113848
11427.043449
11386.282881
11406.512369
11437.128517
11396.663442
11396.900357
11385.978657
11421.379721
11421.828152
11385.093581
11375.111064
11444.678116
11388.037307
11424.920549
11432.943385
11387.439259
11425.377529
11440.737150
11410.696997
11400.667390
11462.101544
11407.976122
11424.401789
11425.029914
11394.419605
11396.227426
11396.167660
11407.711159
11447.611809
11443.273192
11396.454354
11407.895269
11396.864139
11394.704860
11419.188375
11397.063035
11406.762516
11395.402288
11386.837948
11396.342311
11423.967658
11402.913616
11435.020636
11394.991232
11394.952328
11436.122756
11396.258516
11421.391207
11387.066101
11373.496804
11408.845973
11398.059786
11415.560572
11397.342239
11388.028497
11387.727340
11384.950657
11421.747119
11421.631370
11421.287896
11411.032356
11463.096622
11408.513663
11434.312886
11412.845284
11401.914251
11420.854397
11452.542651
11409.990377
11420.508139
11437.969288
11419.829855
11410.538392
11418.633636
11462.959924
11433.774171
11412.305739
11401.421892
11407.793807
11408.470714
11375.940181
11400.598168
11428.283438
11399.874360
11386.274044
11427.868818
11385.871120
11385.736524
11386.281870
11397.983243
11411.738407
11423.347757
11423.139166
11387.049708
11422.322459
11414.221501
11423.210054
11427.993205
11415.806102
11430.268749
11426.703509
11372.621250
11396.824690
11372.618461
11398.231883
11434.032237
11398.955603
11397.120868
11424.827040
11397.748801
11509.126053
11438.469697
11495.096880
11427.067350
11386.499765
11437.648046
11398.061256
11432.706185
11387.874511
11389.121637
11438.554658
11398.436637
11439.137735
11398.459836
11495.427835
11386.037136
11398.418183
11408.646684
11402.888327
11397.936751
11398.173607
11409.774619
11424.085494
11450.448412
11423.633310
11407.256999
11433.735703
11411.523397
11421.647919
11426.564927
11454.499201
11413.989512
11453.933924
11411.249427
11412.856968
11452.924780
11469.219281
11470.203577
11410.986243
11411.736056
11417.803664
11434.812071
11423.036165
11451.417029
11408.741275
11451.347094
11419.664468
11420.062660
11421.747301
11410.937371
11420.481412
11426.225500
11453.512207
11468.684337
11425.074000
11440.681665
11440.650548
11423.093123
11395.209184
11397.792694
11398.388151
11399.362975
11409.087038
11384.440318
11385.805675
11401.923210
11422.344490
11387.326395
11401.405533
11386.334799
11386.895517
11507.044772
11511.155946
11412.170265
11415.958419
11384.891475
11395.585485
11393.649989
11408.272324
11408.143050
11375.578280
11374.956886
11400.624365
11411.681212
11409.261921
11374.677326
11411.747846
11401.158304
11401.058858
11387.519416
11386.759478
11444.095134
11387.098153
11375.823747
11536.475015
11444.777375
11413.948468
11402.594623
11374.331661
11412.420993
11385.132186
11385.244524
11385.142621
11398.237298
11400.322597
11415.855622
11412.859021
11385.024353
11385.148340
11435.323718
11389.102771
11387.827901
11415.898586
11399.396623
11465.962872
11446.525209
11403.989388
11446.489713
11465.366089
11446.514360
11388.689396
11423.805434
11384.187148
11428.037158
11399.420517
11427.273168
11398.789740
11386.596568
11386.578693
11397.390074
11407.552169
11398.091450
11388.194371
11413.655385
11398.751446
11398.673901
11424.269799
11407.450052
11377.197171
11426.916327
11387.026212
11418.377534
11424.144468
11410.343233
11416.425927
11374.133397
11373.944322
11386.752640
11399.697671
11425.969140
11399.031535
