7359.138385
7331.331580
7346.014288
7342.666766
7341.847874
7332.920388
7344.319339
7343.572882
7344.327670
7343.821663
7340.649951
7353.156321
7342.998031
7342.402539
7355.955869
7386.249155
7361.508657
7360.085420
7318.061952
7358.445482
7327.757541
7341.091106
7341.567192
7371.800897
7369.124490
7359.017197
7345.800236
7393.308294
7377.826486
7403.787748
7363.389779
7396.547272
7381.729565
7385.067462
7307.183453
7330.348250
7344.974291
7331.888190
7317.293601
7320.811213
7355.503389
7346.536347
7369.327068
7329.056671
7348.196831
7344.277488
7327.959729
7335.485595
7365.023204
7331.571455
7442.207586
7329.469845
7358.586526
7360.038949
7329.848481
7352.369687
7357.708062
7391.535712
7347.437498
7348.755177
7316.890699
7321.624247
7330.891333
7327.150209
7309.403295
7317.046002
7307.025404
7315.860809
7330.219966
7317.356944
7329.913597
7372.004874
7390.559554
7316.931636
7315.807164
7319.348844
7330.827944
7331.918030
7333.609111
7327.068850
7335.840160
7328.057487
7306.101818
7343.279858
7315.985880
7378.018281
7319.141855
7344.749822
7319.227894
7355.673391
7382.277211
7343.461382
7341.685089
7327.105486
7330.824689
7339.291798
7361.588454
7354.723006
7317.518468
7317.719511
7367.014297
7331.707021
7307.757628
7318.091002
7364.695783
7344.333955
7318.169152
7385.487092
7330.437063
7331.137914
7342.183500
7305.635298
7331.385945
7332.834763
7330.693796
7305.832368
