9378.731630
9340.564335
9318.193444
9350.951731
9378.144441
9329.863535
9350.290536
9319.354001
9350.977329
9341.378623
9339.019082
9347.718614
9378.948632
9361.964772
9339.392290
9379.061041
9361.722955
9380.855790
9381.405566
9361.998885
9376.403571
9361.124767
9374.515264
9361.525724
9367.277314
9339.344683
9360.779077
9351.144088
9390.510231
9389.899666
9371.362427
9362.082352
9350.654377
9348.851589
9388.936458
9430.727781
9362.400670
9375.909510
9361.277664
9430.821301
9364.470637
9362.152940
9406.293492
9395.118585
9394.313022
9423.585341
9404.377038
9406.021326
9396.430629
9349.658731
9394.820921
9413.940250
9396.581894
9394.804948
9395.167329
9394.333943
9405.814147
9424.202406
9395.409539
9423.421636
9351.005530
9350.312015
9405.414735
9375.882641
9431.452799
9365.519539
9362.010310
9348.437061
9361.155169
9381.543565
9360.831251
9351.122892
9349.978569
9368.568828
9369.335475
9368.713806
9362.439779
9339.131188
9373.737019
9351.239781
9361.148740
9361.278583
9380.496148
9362.031287
9361.070860
9361.138724
9380.777938
9337.299873
9413.563460
9394.771333
9395.022272
9395.714678
9350.278835
9406.547807
9393.333544
9397.767291
9402.731185
9410.943664
9350.340577
9339.835485
9384.890890
9350.885101
9364.275236
9352.893883
9362.103813
9370.763448
9375.403964
9376.935612
9393.708016
9384.252396
9386.072921
9369.551407
9361.384706
9400.619208
9347.849520
9400.613739
9410.523804
9358.956069
9361.732928
9361.339616
9362.727196
9394.641560
9391.002498
9397.825781
9390.879548
9371.655540
9370.671202
9364.907131
9387.441163
9360.779645
9400.226282
9391.187920
9349.528025
9416.846166
9407.889804
9361.298337
9349.275021
9364.843688
9377.007620
9363.869513
9387.197390
9376.084719
9385.252714
9375.942756
9371.892033
9408.775816
9318.482932
9352.076349
9336.595728
9348.749167
9358.886465
9359.738960
9407.945118
9384.968157
9363.707511
9378.892458
9373.233532
9408.392469
9386.932092
9376.461827
9340.358174
9351.017983
9369.429701
9360.236166
9351.524562
9349.933931
9376.030252
9402.965731
9399.276917
9419.789633
9430.058158
9418.646876
9350.842443
9380.105793
9377.251059
9390.029564
9354.118930
9350.123548
9385.960957
9360.393283
9389.919512
9380.130251
9373.594168
9401.920491
9372.566279
9391.720291
9378.954521
9375.574030
9385.613371
9375.437236
9363.010836
9362.694901
9371.123386
9380.691355
9371.105680
9380.186895
9389.435045
9389.824171
9382.345562
9391.845226
9374.251500
9377.041598
9371.817388
9425.336280
9464.400544
9360.001399
9385.861264
9360.093819
9386.224605
9372.944420
9382.811003
9370.590565
9361.696451
9370.652592
9349.586214
9339.531919
9399.764040
9360.507329
9368.732272
9393.450861
9349.286945
9376.948007
9402.476401
9394.886980
9402.326621
9349.991161
9350.811288
9378.586631
9348.431133
9349.215302
9376.611339
9392.170316
9350.749235
9385.258405
9379.072011
9329.666726
9349.138120
9350.161089
9340.541756
9390.976802
9361.631898
9374.680531
9390.900810
9363.257671
9385.028156
9420.347776
9391.109045
9389.199756
9372.945840
9403.036755
9387.343568
9377.015814
9377.735087
9362.414563
9351.442886
9378.584755
9379.082152
9361.008595
9363.481197
9389.911270
9381.307967
9361.363748
9416.334959
9454.880402
9406.399483
9409.388273
9406.254135
9420.636445
9417.591791
9407.788736
9383.789164
9397.536669
9388.041467
9412.317343
9403.285380
9362.349893
9379.536984
9350.726284
9385.515042
9385.368115
9395.054088
9391.176294
9360.924408
9374.552858
9390.392459
9382.948348
9389.110456
9380.064879
9363.661947
9394.601329
9362.203536
9387.487540
9390.377083
9375.084431
9374.533206
9403.929128
9379.002507
9393.873053
9374.108515
9373.933359
9374.232498
9351.824046
9383.032938
9373.969571
9392.437263
9374.725924
9408.097934
9393.444638
9395.127586
9394.311799
9413.426595
9399.760689
9404.882997
9403.053202
9361.266946
9351.331195
9366.787847
9349.538109
9420.997038
9352.969409
9360.701451
9377.080333
9431.871585
9401.618523
9374.212515
9389.528459
9366.844903
9352.513516
9352.040880
9371.641692
9381.078963
9361.333553
9361.008585
9350.387362
9339.027814
9357.105941
9343.551045
9364.570832
9396.105240
9395.448623
9396.632413
9395.743862
9363.652853
9366.364726
9350.322635
9351.361376
9361.822173
9336.919393
9373.947100
9366.842545
9354.225004
9445.100495
9404.336992
9377.463420
9391.921454
9384.260662
9393.138036
9394.997645
9381.615218
9392.335109
9391.784302
9362.045824
9338.033460
9361.328697
9327.884849
9328.834373
9339.100331
9367.479213
9342.185602
9363.447793
9396.237745
9349.984376
9383.641786
9364.586503
9380.691627
9340.339200
9381.413209
9361.761165
9349.693418
9398.034190
9366.717257
9375.943007
9363.232931
9378.277376
9436.749969
9432.557018
9360.051168
9378.964443
9378.818392
9361.017175
9361.687467
9365.000417
9387.457556
9364.144435
9351.617432
9351.040764
9376.220227
9374.615999
9361.939827
9362.476938
9361.132751
9340.446780
9359.851057
9374.423442
9386.934435
9380.048217
9399.681005
9366.823691
9379.125974
9364.985627
9366.448028
9340.064200
9351.383167
9337.414714
9375.964641
9350.290603
9351.700645
9349.247532
9349.719679
9352.380987
9380.499941
9376.910434
9373.812241
9361.035099
9362.584265
9353.814768
9379.772843
9369.178634
9368.717652
9350.597411
9397.404736
9363.382394
9340.436060
9381.556670
9380.819618
9362.031110
9338.040216
9389.208577
9347.489910
9363.885399
9365.029870
9351.402154
9360.974704
9340.641097
9328.830608
9373.653263
9361.983722
9353.653360
9368.833934
9341.068330
9326.087910
9327.740442
9341.784185
9349.156251
9349.880182
9377.436955
9362.945524
9341.878392
9363.380189
9335.469393
9362.884444
9370.796820
9360.798845
9365.351080
9360.242032
9352.656746
9338.992561
9350.319093
9380.916597
9349.387119
9366.555217
9339.858363
9383.072285
9379.764581
9340.080928
9387.204144
9363.376846
9352.720665
9398.186060
9400.539741
9409.022339
9367.607580
9434.426728
9359.578767
9363.303187
9390.440278
9362.621107
9390.497877
9362.023055
9373.663028
9373.557539
9388.108386
9364.758346
9351.559183
9363.472257
9363.160212
9399.282272
9375.869403
9389.325796
9360.087306
9375.158774
9388.891374
9341.192964
9381.644032
9398.544623
9320.215154
9382.127121
9351.408955
9381.610309
9421.999652
9431.117900
9422.526448
9326.941075
9365.399831
9364.646633
9363.942738
9377.991146
9391.301371
9348.307439
9349.030539
9389.721896
9391.206966
9350.051534
9349.342047
9390.242169
9392.428045
9327.725021
9329.559700
9391.132368
9352.106968
9400.283742
9401.934915
9403.715402
9411.092773
9435.417658
9437.557905
9444.157006
9403.759924
9415.111940
9412.239338
9440.276218
9410.582614
9411.098114
9423.605943
9427.813344
9363.068056
9363.998492
9395.695581
9375.309555
9383.783893
9362.618383
9365.251379
9378.105097
9373.551924
9376.175191
9348.433663
9337.311735
9386.194160
9372.106341
9383.155472
9401.864567
9388.349985
9373.671957
9384.382051
9415.850616
9401.437602
9401.785864
9402.304321
9360.076116
9377.801204
9364.343219
9401.455508
9392.093605
9360.195516
9361.070357
9388.243473
9351.220123
9359.313792
9362.178274
9362.625293
9363.650093
9407.633751
9393.048904
9393.029563
9405.335177
9411.881416
9414.752519
9415.149702
9417.481534
9447.719870
9422.239314
9422.658414
9432.503568
9408.086794
9392.857089
9403.053332
9394.647017
9468.855062
9422.486100
9375.304667
9390.378652
9398.533429
9389.937971
9390.031263
9351.801479
9352.436448
9405.223809
9391.805135
9393.938169
9340.674666
9456.087434
9443.792534
9469.019886
9480.351614
9480.838471
9480.351527
9468.970744
9481.436440
9439.897461
9458.743701
9461.116187
9452.157662
9470.512717
9477.685434
9412.215963
9414.621812
9412.330723
9402.871638
9388.677386
9411.015908
9442.917688
9389.862102
9380.139046
9391.222370
9340.848969
9340.049713
9339.504501
9367.761501
9378.117387
9363.511790
9367.613233
9339.661186
9381.993552
9380.852165
9340.165157
9329.778851
9378.492705
9374.785843
9372.162864
9361.291010
9363.995303
9363.645024
9357.711520
9351.400080
9374.450243
9362.942213
9339.659385
9338.041328
9359.282396
9351.104659
9359.305829
9340.693946
9362.199638
9350.239546
9366.674306
9350.278493
9349.454616
9362.846986
9351.329993
9396.198827
9409.875777
9413.471171
9328.591922
9375.803938
9360.196509
9348.544847
9338.302866
9389.083097
9349.780273
9351.619598
9330.913233
9352.094618
9352.286846
9366.329091
9351.931854
9376.736117
9374.011765
9373.139490
9361.355010
9348.683996
9394.008576
9407.475064
9347.084284
9336.373875
9360.344934
9374.011828
9337.294115
9373.032584
9361.643885
9364.621659
9392.499446
9349.436696
9338.916413
9391.247322
9362.684434
9351.134604
9350.051383
9380.915171
9362.043024
9364.563988
9352.197757
9384.974526
9348.697298
9348.579476
9348.044058
9365.006008
9364.167909
9364.370817
9361.132224
9363.694384
9446.220209
9470.079621
9362.831723
9473.449911
9433.842769
9453.609358
9444.320541
9430.973717
9534.140323
9376.033004
9336.469721
9337.392771
9363.653384
9375.145175
9350.415829
9351.015076
9389.326793
9340.401813
9362.332910
9359.016907
9371.549946
9372.324099
9348.802811
9398.349638
9426.539029
9360.476514
9374.088340
9359.481291
9372.918448
9373.202187
9370.845923
9364.805668
9368.125497
9362.662959
9375.670157
9377.198715
9367.135507
9387.122901
9373.644886
9336.171554
9364.297065
9411.406979
9400.921412
9361.157492
9350.312200
9351.206015
9389.803184
9349.526106
9391.170548
9384.906993
9382.998836
9363.790089
9369.266289
9352.634024
9346.803621
9389.224210
9401.447572
9379.407142
9383.647904
9399.483089
9404.113081
9378.933801
9372.573571
9375.642043
9375.415190
9375.241783
9335.609144
9335.405151
9386.510654
9376.209418
9376.134290
9379.879497
9371.290332
9378.816605
9379.993746
9350.480114
9348.471827
9350.385156
9366.241616
9375.153138
9348.529183
9372.107386
9389.443572
9373.499652
9374.397473
9335.359096
9387.056427
9388.256922
9363.777881
9360.960174
9366.450195
9339.150903
9377.173230
9364.101856
9366.748666
9337.526379
9338.352449
9341.494616
9361.958845
9362.121299
9365.515541
9362.672644
9420.291016
9403.197397
9377.538477
9376.955387
9377.575503
9377.481504
9386.905864
9403.741486
9375.200796
9373.605196
9410.292511
9435.120606
9349.486700
9394.277191
9351.450477
9348.860033
9364.574236
9364.431651
9351.679837
9370.099763
9351.261277
9365.188298
9349.348794
9362.258309
9365.293803
9351.316476
9349.322593
9362.600744
9368.222815
9340.746072
9354.962041
9339.112912
9338.131196
9353.607847
9364.774901
9338.205789
9338.943728
9347.331075
9361.429501
9350.266794
9346.780691
9364.863340
9360.846644
9336.898216
9363.305570
9363.442696
9337.352664
9328.763406
9338.246149
9364.224664
9364.331800
9350.281621
9408.770856
9389.128976
9349.291996
9348.400906
9407.941108
9349.215912
9351.534008
9380.469008
9387.552875
9377.287177
9376.674265
9371.898807
9597.968904
9446.478574
9455.083548
9431.759474
9452.215019
9352.504580
9367.679178
9393.596059
9364.668209
9371.967024
9390.685501
9433.124781
9376.851758
9379.674451
9400.705029
9325.990900
9339.094034
9379.153330
9351.864669
9355.585072
9372.030003
9375.102111
9375.059172
9361.809601
9351.605362
9347.672161
9348.391860
9337.497656
9351.783684
9350.692473
9337.161053
9340.122520
9617.448689
9377.858670
9349.433694
9339.047211
9338.347698
9337.526397
