10629.017848
10613.059967
10583.846175
10573.292364
10620.234630
10575.225329
10587.528867
10572.454127
10585.092793
10572.463029
10585.214316
10571.529831
10571.618592
10585.111089
10602.612428
10602.452051
10608.050131
10598.825439
10586.418062
10630.548597
10637.377813
10585.407663
10597.022724
10599.364063
10581.844162
10581.761098
10609.570778
10609.598714
10597.522813
10638.440060
10652.133832
10654.767917
10585.395695
10584.565734
10585.403285
10597.433886
10597.948239
10574.175220
10585.243981
10613.352738
10599.264051
10574.309262
10606.266971
10576.829320
10606.239992
10564.474594
10576.856097
10605.436920
10606.074203
10573.595270
10587.981081
10618.310294
10587.343007
10605.625641
10587.000784
10606.110528
10552.255761
10550.870534
10585.113771
10585.169243
10575.983197
10576.734423
10635.271781
10585.492870
10575.384949
10585.304463
10540.483505
10562.313004
10588.956293
10596.168820
10600.385304
10587.757477
10632.282762
10574.815343
10633.359818
10601.013940
10616.492852
10599.786015
10597.591823
10596.363484
10587.042701
10584.662961
10585.974431
10646.072945
10619.175794
10629.294934
10640.580421
10586.680733
10627.453853
10618.698919
10629.217863
10587.816210
10602.654383
10561.670604
10589.505084
10573.979838
10572.616522
10588.468323
10587.364706
10614.008071
10615.642586
10585.379031
10615.117981
10606.831575
10593.959914
10607.346518
10601.279833
10614.082877
10638.454873
10574.359278
10598.813293
10600.849982
10597.436053
10560.636193
10559.782909
10599.026794
10559.916200
10584.713275
10584.885043
10582.982859
10636.399362
10637.779824
10605.754663
10605.735702
10636.917294
10638.894103
10637.227316
10599.261354
10599.812734
10630.170564
10603.880744
10619.183238
10598.769216
10587.093793
10630.191784
10601.905587
10577.710194
10542.123373
10561.107313
10605.990304
10597.971876
10563.307033
10586.852305
10629.641403
10649.696464
10629.621322
10649.115794
10591.263512
10574.653444
10573.460550
10574.663634
10565.600752
10596.601148
10576.568947
10572.688980
10597.416182
10626.711634
10582.830108
10596.789144
10576.005148
10600.374690
10588.405350
10600.612958
10603.628620
10587.315428
10588.980603
10600.828201
10602.153324
10586.668385
10587.676350
10595.457540
10594.705608
10605.321022
10617.621482
10598.962032
10615.644014
10611.704705
10601.581135
10621.326296
10612.583322
10613.570753
10597.381948
10588.688094
10577.688550
10631.343134
10587.600558
10576.611825
10599.746887
10596.606879
10597.569732
10580.305819
10617.812688
10611.041695
10622.593650
10642.367760
10643.027037
10599.038559
10618.415654
10652.165042
10667.674968
10637.328756
10623.210884
10596.521758
10609.762014
10572.793479
10616.719408
10598.318061
10594.656456
10598.327471
10597.808711
10642.089670
10586.930195
10587.459032
10643.008331
10597.850297
10610.120707
10612.860242
10614.388928
10598.525157
10600.335520
10611.394054
10584.185523
10585.046796
10573.615257
10611.568199
10575.133427
10598.178800
10586.261057
10584.053237
10607.671703
10584.638610
10611.042962
10597.058627
10583.016475
10636.504989
10607.900286
10612.400905
10571.001210
10573.093150
10598.554698
10597.575304
10571.230008
10571.781884
10585.358379
10600.746275
10560.844077
10587.275483
10596.452302
10561.539322
10586.261803
10597.032820
10575.408408
10578.682327
10597.982321
10610.692397
10612.100659
10598.417346
10622.668255
10583.658579
10618.371384
10597.737072
10587.058224
10572.841959
10617.304504
10597.022815
10641.774653
10572.254479
10622.946185
10572.114077
10573.972639
10584.262973
10573.624888
10606.780027
10607.451119
10572.575736
10582.811301
10589.529126
10572.271419
10571.935379
10598.899616
10560.814205
10600.349719
10561.608872
10599.008105
10562.060732
10561.666177
10572.211446
10608.630575
10573.030706
10617.279422
10598.945065
10609.307137
10587.784693
10632.731354
10632.711996
10588.453369
10622.144734
10609.428982
10595.367464
10614.906570
10598.175096
10598.619400
10607.914129
10572.015612
10616.709581
10572.084034
10686.005768
10653.799762
10665.187495
10645.431809
10635.752779
10635.213952
10634.666395
10634.633968
10674.469165
10653.451452
10644.321674
10632.102430
10620.805943
10621.217292
10632.632400
10629.267102
10653.063387
10656.485196
10684.976070
10652.700590
10697.071164
10663.840124
10626.391609
10587.957354
10618.017082
10617.463516
10588.289949
10574.708478
10573.370365
10623.646422
10572.646259
10583.012705
10596.833443
10572.829584
10572.758751
10600.951519
10585.677026
10616.818136
10586.504078
10617.381693
10585.427293
10596.243666
10613.894133
10617.073219
10600.635999
10616.477673
10584.690784
10619.849631
10635.658846
10575.935991
10619.337024
10634.690613
10619.822619
10619.913052
10619.930956
10647.250898
10648.576455
10589.630996
10575.179299
10601.616523
10586.814663
10574.607635
10590.802795
10632.094857
10632.103911
10627.904208
10623.079047
10623.557305
10632.812532
10599.663925
10572.581345
10586.512029
10598.252596
10576.282673
10575.220911
10599.504091
10599.574310
10625.684989
10575.579637
10637.329818
10583.271360
10585.612256
10609.801994
10609.861113
10621.188583
10585.426347
10602.276213
10614.529458
10613.199745
10598.747409
10613.530660
10612.916890
10608.972491
10585.521674
10605.028938
10598.783000
10607.832138
10597.152837
10562.484356
10570.802798
10560.998170
10585.474149
10613.026479
10605.601285
10588.965502
10575.583641
10622.217695
10582.890016
10647.926978
10648.050657
10633.304107
10632.169073
10622.956309
10573.904395
10586.774600
10586.912796
10623.041260
10594.471593
10595.562709
10584.644058
10572.078223
10622.557772
10594.714673
10583.639429
10583.322195
10572.984948
10583.940559
10573.494074
10585.197441
10633.230339
10622.969278
10632.058625
10587.730515
10602.251477
10598.842077
10561.042837
10589.792567
10583.910183
10585.004810
10610.356862
10584.426394
10596.395895
10582.871298
10611.696369
10584.954297
10586.821082
10584.425449
10584.737739
10584.164980
10621.346118
10626.689030
10586.746442
10610.280194
10617.771288
10642.286845
10598.360153
10630.407740
10620.314291
10616.208931
10598.812282
10570.279007
10599.208344
10585.257689
10625.999013
10615.158781
10585.232960
10572.050765
10576.179519
10593.586187
10584.545343
10614.659095
10572.710073
10583.736791
10571.855962
10655.416852
10597.969464
10626.745327
10653.714094
10603.941315
10586.844885
10604.549797
10572.622722
10572.664375
10615.836750
10607.828912
10598.111730
10615.326523
10573.417716
10587.423641
10572.587491
10587.183352
10625.941735
10575.557463
10585.686577
10614.350272
10595.874084
10595.011152
10596.624850
10597.583219
10613.889295
10573.333987
10573.221726
10575.434602
10574.565231
10574.416465
10562.691258
10619.179627
10574.394819
10598.630039
10551.518889
10562.458365
10586.500204
10586.554713
10587.381506
10629.704383
10633.188536
10600.737825
10587.562340
10597.412920
10596.143221
10635.112054
10639.585692
10635.688194
10612.326791
10584.081679
10584.000851
10583.316994
10597.342018
10610.947306
10572.666947
10572.690682
10584.422371
10626.336080
10583.645665
10626.898217
10618.312888
10619.911289
10619.959619
10576.608417
10636.369535
10554.939849
10586.659111
10594.163858
10623.026950
10594.980722
10595.644839
10670.202949
10601.657805
10601.040286
10586.196904
10624.401624
10604.954084
10600.705785
10599.477883
10586.904050
10620.659407
10575.259118
10614.131179
10614.110017
10670.511329
10601.052966
10600.781408
10599.340272
10598.444699
10585.859855
10597.169788
10670.245219
10615.158616
10601.522064
10605.723671
10587.252992
10585.674372
10625.776783
10587.868188
10605.283975
10587.899263
10612.197081
10613.273695
10586.754457
10625.998628
10574.445376
10615.431186
10598.444486
10584.997380
10597.578967
10614.938066
10575.473612
10572.850368
10597.918783
10598.740556
10599.694781
10598.815766
10630.329808
10637.164465
10633.836894
10622.934719
10633.519807
10608.655687
10624.300119
10640.096219
10610.826002
10640.164094
10611.217580
10623.895632
10621.992559
10631.028903
10647.166872
10627.153673
10598.780501
10656.116452
10593.889980
10625.504231
10585.731641
10643.043518
10662.613026
10633.712067
10605.087800
10592.336142
10587.700971
10613.258283
10610.659259
10598.534948
10613.421079
10605.781840
10611.714130
10587.132736
10585.355338
10633.628853
10651.562247
10637.205009
10647.053189
10641.921710
10633.527931
10609.975430
10618.872071
10610.305518
10628.462197
10597.297489
10616.065474
10616.593360
10598.838858
10597.600836
10598.808167
10610.672890
10619.713525
10629.345309
10599.314429
10611.851419
10628.842896
10610.942637
10645.863046
10662.485371
10631.385569
10643.169349
10630.429948
10633.301678
10635.881327
10631.808904
10650.297700
10586.990132
10586.915000
10586.478719
10585.978359
10586.724975
10611.851362
10598.518353
10595.446774
10617.944326
10618.439792
10589.440610
10617.882454
10586.249492
10588.483573
10601.149841
10609.282326
10608.356241
10611.469304
10597.958601
10617.826837
10585.662150
10612.566843
10601.327462
10608.597099
10627.012251
10598.445239
10626.396059
10611.167504
10602.592303
10601.784035
10599.533745
10587.394562
10583.970757
10617.159719
10631.706558
10575.842319
10619.964724
10599.296387
10586.926210
10586.534006
10565.585972
10573.546276
10563.930599
10602.228506
10573.503871
10648.573646
10617.497722
10617.027175
10576.800884
10575.073012
10597.198998
10638.591044
10617.625092
10586.581231
10572.464043
10599.147501
10615.931098
10576.319901
10575.626803
10574.383240
10586.620029
10615.491331
10598.336100
10581.298622
10576.080988
10576.341015
10596.846404
10597.333042
10597.119554
10613.908982
10586.115659
10587.539237
10624.393324
10646.240412
10597.834558
10596.425259
10627.910528
10600.922991
10586.559141
10598.694777
10601.701549
10615.965952
10598.560696
10615.393794
10627.391121
10574.428342
10576.793958
10573.811153
10616.084691
10562.521664
10566.486186
10616.610101
10585.022255
10618.249631
10614.648948
10615.249923
10574.563228
10596.982629
10624.891629
10584.351307
10571.950338
10583.693111
10594.574615
10564.090002
10575.275014
10575.334175
10586.037957
10615.123319
10614.060563
10597.936491
10596.311068
10633.774596
10644.651972
10647.838193
10641.364603
10644.049457
10659.257941
10628.429946
10611.386530
10596.864095
10627.988290
10596.489913
10618.216031
10596.480326
10598.807897
10613.339710
10613.564100
10584.835331
10617.320444
10601.401290
10611.606133
10626.007418
10598.851324
10626.577841
10610.751821
10611.398789
10585.876063
10617.388341
10628.605778
10610.181376
10609.821951
10628.740451
10597.559311
10629.139400
10614.171129
10596.585051
10618.997776
10615.213043
10610.394877
10598.854611
10644.800069
10644.853524
10613.479784
10586.804300
10634.653581
10631.661088
10637.473198
10595.635416
10587.678065
10608.815552
10595.407202
10617.904413
10617.531505
10588.265516
10596.543667
10594.178863
10610.475023
10574.398191
10572.917677
10584.076278
10595.477952
10583.260076
10631.408517
10630.866999
10587.253711
10620.680155
10598.040237
10613.966924
10595.968820
10614.749598
10586.476202
10561.745768
10576.812235
10609.155994
10595.316444
10583.731105
10582.785919
10628.647505
10593.880881
10609.678275
10599.916597
10586.834183
10635.534087
10624.431392
10645.861864
10596.071577
10595.229290
10600.045850
10621.056948
10631.323184
10577.069772
10599.626000
10617.344438
10604.877280
10628.016972
10598.505736
10630.741800
10593.473950
10592.872965
10588.867533
10586.441020
10588.670892
10565.885149
10565.342377
10585.689923
10585.115734
10615.168769
10617.948819
10587.028310
10637.689294
10598.390196
10598.188505
10615.709744
10589.835237
10562.405521
10597.152134
10586.547642
10597.503819
10586.444696
10571.907781
10571.949386
10587.315220
10585.270822
10624.434543
10600.016123
10597.035247
10600.003959
10616.680814
10587.936816
10598.849260
10597.866849
10599.316187
10615.631622
10628.118873
10587.877142
10586.483567
10627.541693
10576.302976
10586.330499
10587.230478
10621.268303
10597.670751
10584.357574
10573.459163
10611.605230
10586.151819
10621.835610
10611.554413
10621.125538
10599.978703
10614.615806
10610.883028
10641.967435
10640.403382
10582.577969
10614.260461
10597.956605
10641.840675
10639.793484
10587.569069
10586.930074
10599.044610
10599.794129
10632.778086
10588.550117
10589.239946
10631.522893
10684.976434
10661.584478
10653.048681
10662.392228
10696.821996
10635.419479
10630.399770
10613.908241
10574.225177
10574.855605
10572.385054
10640.411618
10598.142182
10598.306660
10648.017755
10626.546457
10604.976016
10586.694238
10604.866332
10634.525350
10637.824584
10560.376940
10587.518333
10560.123479
10572.952279
10571.972727
10644.543404
10647.922732
10635.713012
10598.182667
10631.256425
10608.736986
10617.116707
10596.995975
10641.812303
10599.680052
10612.461584
10628.823023
10645.776308
10587.153570
10588.085670
10614.565010
10583.926307
10627.029457
10586.791430
10638.217208
10610.855378
10595.474053
10581.940691
10581.149045
10583.540370
10608.646121
10583.948521
10607.625346
10571.187647
10596.683484
10606.327791
10572.644485
10594.548536
10594.989419
10582.062701
10586.389851
10562.523139
10615.871309
10615.933124
10603.524657
10595.167568
10585.102476
10603.670866
10561.668257
10584.621930
10627.531152
10635.656074
10584.641566
10585.349547
10585.879944
10565.923916
10586.935725
10588.298584
10584.538114
10594.343485
10597.085429
10600.642051
10621.513028
10571.981771
10584.342036
10571.932865
10560.961364
10584.264127
10607.993180
10603.195995
10574.766296
10575.229331
10620.810458
10623.609328
10652.907805
10627.707497
10584.498280
10600.343189
10601.997399
10584.839431
10574.699041
10583.508422
10572.609160
10581.832900
10584.914776
10584.426528
10561.627800
10575.269662
10583.899355
10572.255902
10573.749442
10595.272284
10583.203720
10560.863683
10562.389118
10584.271024
10612.191603
10573.694998
10582.851703
10610.902868
10581.106986
10570.245969
10608.933599
10561.645279
10561.479710
10572.329226
10597.597620
10572.792516
10595.350297
10562.564584
10597.016887
10573.534733
10584.618432
10597.899048
10597.985221
10571.628462
10560.923514
10560.111406
10586.475062
10585.076654
10596.360984
10588.447747
10609.641448
10600.607720
10603.145066
10588.983779
10598.738707
10584.283589
10584.029820
10653.329542
10600.037226
10586.848241
10586.404422
10619.986267
10619.355534
10635.291671
10574.575391
10573.064541
10615.521933
10585.897254
10597.651170
10616.627331
10573.215216
10582.943552
10575.785530
10575.766006
10600.182180
10572.564013
10572.494722
10597.415259
10571.814565
10572.648770
10613.787488
10604.871178
10569.999440
10611.772045
10611.321888
10625.456364
10624.916291
10625.714817
10613.836715
10585.312475
10564.295867
10564.276126
10563.242697
10586.121186
10598.275544
10596.484974
10596.057369
10602.144364
10607.342013
10605.103676
10608.419446
10598.390998
10576.191686
10596.711125
10573.621243
10595.117001
10595.220904
10585.735442
10576.744794
10574.293119
10575.207380
10587.156525
10586.040081
10587.529784
10604.526501
10575.691811
10699.694738
10676.402266
10696.335624
10566.166499
10577.396378
10563.197317
10596.937624
10598.877432
10586.461159
10584.916778
10612.020928
10597.140650
10597.927715
10598.720388
10583.721533
10574.650094
10585.948490
10587.530932
10586.662814
10585.492624
10551.556621
10635.281801
10623.920132
10586.543551
10586.834442
10635.433704
10551.917577
10635.762944
10623.631766
10609.712482
10612.784899
10611.086195
10612.770536
10598.851467
10576.365314
10588.716882
10606.305815
10606.329879
10619.281437
10574.293042
10616.860456
10560.652435
10565.040481
10559.986836
10598.676673
10599.407579
10561.066710
10575.002065
10613.070517
10584.922145
10572.239131
10595.595577
10585.493047
10623.586697
10597.256665
10624.366210
10595.605623
10606.188012
10669.194068
10601.487309
10591.713749
10604.435057
10610.476055
10605.030434
10561.195509
10573.166689
10576.206700
10589.257539
10550.502976
10575.577942
10585.638962
10585.620204
10586.178975
10559.343224
10588.214427
10560.823880
10585.603624
10604.283584
10600.903173
10659.235563
10600.052889
10600.347327
10583.404866
10599.634214
10587.213400
10561.636336
10572.959199
10586.801091
10590.088713
10574.099053
10575.557595
10601.641889
10576.650533
10575.212123
10602.201353
10564.783785
10571.650837
10570.994416
10561.603798
10597.847835
10608.581023
10585.271060
10573.494813
10615.586149
10573.194906
10575.775610
10615.115317
10573.370639
10584.477634
10602.322880
10585.013427
10597.566870
10600.295704
10599.736415
10598.272436
10611.654545
10622.234287
10606.735102
10630.980684
10620.874980
10599.569760
10612.504599
10598.239847
10574.419859
10605.008432
10574.781195
10574.478661
10586.653427
10618.976268
10622.270010
10618.256312
10598.235419
10574.766271
10584.488155
10562.435983
10584.782440
10626.655717
10573.433645
10587.381537
10599.599337
10571.869442
10574.332824
10563.407740
10672.333855
10645.453706
10643.209873
10641.428970
10574.145321
10615.934741
10576.427053
10616.429488
10654.001124
10668.476140
10665.856186
10652.270925
10678.179591
10676.926360
10616.161109
10616.128731
10588.422270
10589.306384
10617.110848
10587.086828
10638.503145
10634.728822
10628.035468
10641.719174
10641.129583
10628.829492
10624.037646
10633.794621
10584.899979
10621.280846
10618.511927
10621.826121
10618.363090
10626.567709
10648.039620
10630.010322
10686.528175
10672.769956
10648.971353
10667.552140
10599.190267
10588.806373
10553.926288
10611.262708
10612.115833
10588.931210
10604.904021
10572.465787
10597.703533
10615.906343
10584.696418
10584.939864
10613.484197
10562.604637
10604.867441
10675.580706
10697.092016
10718.136283
10678.458088
10687.260789
10711.424938
10691.349324
10683.808294
10698.484037
10716.814199
10723.404221
10704.593821
10686.236644
10589.485840
10578.075884
10602.808072
10606.192004
10611.984720
10620.036273
10622.193264
10633.063301
10559.993908
10576.585459
10572.193569
10573.403425
10609.983264
10550.174312
10583.781706
10572.451473
10560.170402
10599.962838
10553.037286
10551.469296
10590.564258
10586.158590
10563.336413
10579.307130
10607.436864
10587.272727
10564.662367
10565.778496
10561.940139
10573.832236
10572.817858
10565.915891
10572.746106
10575.828584
10591.513545
10577.184510
10571.589927
10585.362950
10586.541514
10574.682794
10573.347018
10577.648019
10600.237571
10583.722211
10571.328756
10583.726923
10584.527300
10594.260406
10574.704411
10563.060086
10561.756379
10581.860723
10609.953809
10597.294189
10610.743019
10585.989887
10596.422893
10585.520957
10559.271511
10586.198483
10549.899803
10625.481486
10587.224819
10575.871393
10602.453550
10611.807229
10600.865293
10560.431066
10621.429058
10623.556668
10620.985202
10587.953434
10605.689966
10612.063196
10574.908333
10612.438294
10605.214616
10585.922248
10566.200210
10601.470238
10588.113508
10602.281586
10575.745612
10572.399633
10583.372355
10586.399113
10584.390522
10583.071755
10587.222123
10576.862142
10573.111003
10572.026680
10600.790274
10603.418406
10589.978330
10578.950272
10601.148723
10560.476211
10559.977281
10599.702255
10578.213666
10603.039397
10601.459480
10789.917811
10573.130291
10573.136131
10600.498230
10609.455429
10609.490660
10561.813935
10585.932564
10583.296989
10594.079084
10584.336028
10584.750395
10571.144590
10560.856989
10570.243313
10597.386224
10583.789875
10587.291077
10573.886185
10574.699267
10574.782826
10596.178710
10583.399981
10583.911672
10610.895429
10586.616086
10572.401411
10571.168089
10595.482674
10600.183750
10573.508676
10589.272790
10572.977556
10574.956913
10571.745854
10571.948674
10560.522184
10597.950206
10564.526469
10565.208322
10608.920010
10576.006409
10655.402131
10653.634257
10617.564796
10598.962629
10664.453195
10656.747960
10689.804285
10659.100753
10611.340367
10611.933134
10590.228137
10603.586715
10578.969693
10549.808565
10598.653092
10549.765947
10670.061559
10665.867219
10573.592566
10575.729619
10596.165946
10596.327313
10596.856592
10659.393909
10597.007236
10617.159082
10620.497037
10576.902740
10577.667222
10590.785904
10564.901924
10610.014174
10601.346811
10586.264223
10585.124155
10586.481895
10574.207857
10585.847216
10595.224234
10573.764908
10584.007537
10574.534786
10583.125324
10613.993681
10585.428412
10595.176912
10586.415828
10584.233443
10584.746675
10562.480540
10602.499806
10574.374660
10600.169718
10600.389920
10559.791571
10610.087271
10559.262765
10587.678235
10576.434096
10583.670482
10583.001953
10573.837519
10596.264090
10574.817614
10573.256206
10602.133066
10585.658927
10576.110375
10602.889816
10588.257905
10598.084010
10574.935249
10553.313338
10562.646107
10596.833268
10569.570170
10560.247431
10585.199843
10553.683248
10577.416846
10597.641975
10582.887175
10582.909794
10561.537417
10559.329188
10562.421708
10572.588030
10571.296729
10600.949538
10660.017289
10628.423511
10659.371335
10628.377176
10552.302331
10600.064127
10576.700549
10561.512962
10562.253174
10589.299088
10591.957771
10574.950605
10590.850370
10574.354146
10576.447386
10572.604181
10573.356337
10599.142306
10563.019030
10574.946187
10592.470094
10598.940131
10587.615261
10610.961275
10587.089360
10588.307067
10551.716523
10667.568562
10615.143263
10610.560636
10628.254249
10637.526410
10600.492827
10624.469793
10622.772296
10617.365363
10582.564587
10583.043187
10600.182975
10599.204194
10588.943808
10589.451902
10586.945733
10614.908539
10613.118604
10587.109958
10620.110521
10598.989439
10585.448830
10574.366053
10575.893570
10612.260227
10614.449926
10619.436678
10622.399596
10597.150409
10586.685890
10561.758332
10585.794579
10585.612693
10588.363426
10586.989111
10604.412413
10595.914284
10604.509877
10561.592327
10562.918361
10586.251064
10599.633666
10587.235453
10597.973947
10636.531941
10615.112054
10585.984502
10588.048760
10587.218508
10614.096595
10571.353980
10710.759361
10561.551065
10561.668294
10596.790154
10598.969812
10570.438616
10599.610398
10575.884760
10554.977168
10574.338744
10553.339262
10551.737420
10571.576397
10587.542554
10553.772849
10600.518164
10561.729190
10585.158114
10590.934192
10587.642993
10606.875492
10586.112404
10551.503297
10561.559020
10561.608202
10574.686506
10564.546524
10576.310025
10576.976619
10578.610616
10597.983374
10601.081079
10575.374693
10602.306848
10549.942070
10620.077570
10575.769773
10588.605445
10596.831413
10590.649824
10598.318813
10561.333588
10575.175684
10564.304736
10589.573176
10562.517911
10571.748283
10588.565090
10562.071572
10573.671024
10589.586583
10603.441744
10578.285179
10578.265629
10602.459886
10585.004107
10601.216500
10599.352608
10600.720519
10601.313917
10610.273553
10613.897377
10612.506629
10613.922782
10598.676644
10572.340932
10572.737103
10571.900639
10581.707335
10625.718513
10571.889312
10572.504825
10572.583383
10612.019886
10609.800844
10597.080256
10610.334141
10586.053840
10586.524938
10601.966089
10578.250668
10584.123039
10585.528533
10574.155648
10571.713099
10574.436786
10602.627334
10615.445859
10616.796765
10602.812444
10613.341979
10624.440662
10622.397218
10581.766549
10581.194431
10610.802550
10601.022265
10609.731116
10573.235909
10577.754408
10602.199309
10588.880467
10586.273261
10601.774008
10574.950490
10574.635234
10587.254338
10601.179166
10610.763208
10599.082835
10573.218428
10588.275102
10561.524471
10601.739755
10572.178957
10572.171912
10587.458785
10598.031027
10575.856298
10603.031604
10592.125040
10575.924713
10564.104384
10553.158685
10587.535722
10588.007568
10564.037179
10563.923654
10586.400330
10575.602763
10554.617963
10553.052742
10585.063624
10601.238032
10587.888565
10553.084744
10600.696881
10609.402523
10619.688015
10574.597980
10596.224757
10601.407203
10636.053470
10583.507486
10573.764982
10583.064223
10606.588138
10572.852325
10585.651815
10597.429633
10598.843324
10571.776129
10600.077525
10599.391771
10617.191893
10597.487624
10597.887791
10617.311519
10598.319518
10598.099737
10602.893548
10639.953789
10641.690701
10583.603195
10598.271593
10628.104000
10612.884202
10599.556505
10627.395065
10598.087993
10607.809554
10608.426890
10598.090543
10599.931097
10587.616206
10627.978856
10675.577867
10650.798384
10599.789394
10613.066093
10588.620101
10588.523550
10613.894648
10585.540040
10628.754454
10628.056241
10626.552488
10629.261037
10629.038535
10626.035313
10639.874021
10597.117986
10572.076958
10615.353202
10571.927019
10586.165552
10615.818314
10595.264416
10596.126055
10587.391289
10571.994697
10614.798770
10573.302149
10614.632346
10572.254495
10570.943910
10583.077323
10582.898596
10571.563482
10595.086442
10583.595961
10594.572941
10584.518081
10561.858833
10563.524101
10573.102309
10595.707918
10584.714369
10571.314954
10582.021253
10594.573512
10583.199454
10624.203248
10594.326136
10597.097108
10572.606171
10615.266165
10572.738774
10583.680031
10614.178145
10584.523569
10604.335478
10581.980197
10569.752668
10595.142123
10593.758793
10587.444024
10588.797996
10587.129224
10585.736376
10584.993243
10574.197633
10585.813143
10587.718851
10596.170387
10596.288430
10583.827592
10585.242194
10584.454911
10624.433875
10596.019173
10612.562989
10550.655147
10560.044999
10586.430216
10550.737185
10639.814168
10597.114658
10657.802774
10572.742253
10572.901789
10621.833617
10598.580127
10586.994360
10566.225305
10610.257224
10600.603074
10576.410109
10562.361568
10590.850778
10570.967305
10571.490038
10609.589086
10611.197324
10570.778587
10609.766434
10597.470954
10588.893814
10613.785516
10600.122158
10584.465789
10572.725206
10584.373137
10600.411177
10589.022973
10573.824546
10574.223411
10550.871886
10572.019509
10583.733954
10614.934438
10615.612999
10561.035930
10571.860935
10595.762050
10607.289313
10561.046540
10561.129336
10584.399017
10595.824596
10571.787440
10570.918854
10574.448487
10596.387726
10575.410809
10596.481031
10561.055282
10560.973964
10596.358427
10584.896878
10582.696817
10581.903355
10570.325123
10560.141607
10573.460026
10550.821193
10585.130678
10564.137615
10562.626152
10560.187452
10584.814173
10629.573409
10630.750422
10629.555760
10590.807353
10588.826336
10599.161245
10609.022713
10607.887400
10617.786127
10607.746932
10588.885457
10591.825383
10587.100538
10561.395932
10551.584117
10572.455810
10561.712315
10573.377250
10560.885973
10601.674180
10597.248555
10573.407110
10590.283070
10560.314678
10608.306778
10560.779758
10560.122515
10561.842405
10577.092979
10596.140665
10595.425956
10582.531045
10582.571582
10562.902521
10583.434067
10571.128819
10583.416109
10570.423485
10608.506959
10583.208029
10583.246702
10586.728699
10562.623643
10572.213272
10594.616576
10561.177248
10600.187977
10549.817290
10550.434881
10574.485161
10564.362408
10590.465381
10573.830625
10563.836986
10574.818820
10561.033727
10560.904462
10661.071995
10607.682846
10607.209599
10629.847689
10660.683626
10603.845207
10577.141255
10586.346698
10577.072335
10614.550529
10579.644911
10585.360686
10576.208242
10595.952073
10575.314859
10630.385642
10671.280026
10603.150171
10607.647873
10602.004160
10574.770325
10574.993617
10602.533189
10574.032692
10575.931271
10560.066640
10549.875438
10540.581945
10587.803849
10614.670935
10596.733841
10671.602905
10576.331850
10615.258232
10576.454097
10612.100059
10615.308902
10613.849527
10661.076626
10603.735597
10587.127480
10576.448608
10604.050949
10586.692339
10576.391941
10576.573641
10585.904124
10586.693488
10596.558880
10597.809264
10615.285968
10575.673431
10625.119649
10575.982943
10578.026980
10575.814756
10592.282202
10575.276559
10590.823019
10565.351096
10710.939117
10561.043900
10569.097998
10583.651913
10562.567762
10584.281006
10583.613485
10611.855526
10609.410258
10613.967466
10610.079197
10613.308285
10600.789391
10601.739838
10571.726929
10585.045027
10583.629547
10612.175490
10621.649023
10623.403215
10612.424753
10616.849678
10613.233491
10572.920480
10572.356235
10614.941809
10627.610496
10574.500087
10585.223259
10585.375356
10599.197431
10614.209968
10627.213957
10613.263593
10616.009375
10601.390990
10584.302590
10585.043803
10583.727697
10610.281336
10610.755187
10562.954978
10605.599124
10587.770897
10598.486845
10574.265634
10565.450567
10572.378990
10572.681936
10550.950656
10560.196054
10561.915050
10582.120555
10586.055405
10581.994587
10571.833256
10583.145525
10611.625200
10600.513829
10599.852630
10587.904546
10572.495605
10572.485681
10599.785961
10587.142348
10608.259865
10583.173329
10612.956072
10583.624229
10618.231777
10584.673844
10599.652372
10596.838454
10573.155447
10620.861637
10620.006271
10609.690966
10583.391056
10583.472172
10597.733428
10584.417303
10561.649174
10584.361168
10584.743056
10596.284677
10573.958645
10574.536074
10596.268065
10611.908968
10602.102393
10597.367805
10583.512441
10572.679248
10562.862929
10572.568754
10574.937533
10571.895756
10638.993410
10583.490813
10595.411228
10576.332370
10585.180001
10561.825323
10563.260882
10591.408854
10598.963457
10587.044282
10596.771143
10596.571844
10607.416624
10583.253408
10612.116550
10618.049493
10600.363602
10597.446143
10573.268171
10574.613975
10611.292841
10601.791863
10610.463345
10576.002093
10573.742002
10608.787901
10585.485165
10616.738818
10562.626675
10602.209246
10589.983144
10596.159827
10624.935595
10612.924884
10573.860013
10625.335617
10596.707307
10608.026097
10575.727451
10564.811026
10582.894649
10550.059984
10601.586654
10600.765770
10607.644095
10561.197239
10572.673173
10587.611592
10602.878139
10592.601082
10585.907963
10609.652652
10584.521820
10609.045142
10574.780441
10573.906963
10602.331159
10600.849102
10598.241577
10598.205389
10588.909971
10600.092655
10603.646827
10598.252690
10588.437305
10603.363161
10598.707319
10602.310604
10570.369694
10572.262398
10611.375157
10572.780363
10574.055586
10612.576447
10677.194832
10681.359850
10659.172273
10603.684871
10585.028180
10585.227611
10645.928337
10599.356124
10598.819854
10585.103984
10562.573237
10585.627040
10551.672664
10562.591982
10614.691932
10671.560769
10663.141484
10587.009975
10599.310891
10597.615293
10599.461049
10628.028963
10628.019169
10627.545430
10608.557439
10627.092061
10598.452604
10591.803448
10575.357576
10571.174826
10571.853506
10574.769086
10585.916466
10586.122927
10601.435047
10590.493644
10679.239006
10589.101486
10596.564538
10572.726134
10572.604117
10591.757271
10591.499776
10885.440902
10574.658329
10561.470811
10565.322873
10591.358111
10575.175900
10575.245082
10591.866220
10570.740460
10585.559005
10606.137192
10660.849055
10615.292097
10575.892254
10575.566305
10702.842420
10618.309648
10601.464011
10560.922495
10586.784524
10572.714603
10574.060394
10588.468473
10587.713930
10609.430425
10592.047710
10589.610351
10621.954165
10575.361144
10621.921258
10621.363409
10591.331245
10584.861218
10575.233618
10574.521777
10586.618574
10571.702257
10573.072839
10563.107322
10611.998791
10577.660998
10588.026467
10602.716984
10575.501864
10602.429908
10560.589426
10559.848765
10589.506230
10573.451765
10574.498163
10601.610136
10572.130441
10599.533178
10571.403733
10599.586702
10598.787656
10568.521267
10570.907588
10640.473407
