6931.213721
6931.515052
6928.330945
6955.334505
6976.146843
6940.032904
6982.262748
6907.458865
6922.493729
6930.469527
6944.835041
6947.460052
6935.776059
6928.546204
6918.161295
6952.049809
6932.426594
6919.215023
6932.059676
6920.057672
6933.849657
6908.907931
6919.103132
6946.651371
6916.743707
6919.989550
6948.702539
6944.560196
6896.626330
6906.462843
6907.792192
6945.590391
6943.313569
6971.197920
6948.958906
6963.769251
6999.698733
6976.901217
6978.212332
6990.952065
6993.261965
6944.799737
6943.734905
6932.728269
6970.779918
6916.707772
6931.209739
6906.433564
6931.638362
6947.941986
6951.534148
6919.349025
6981.243226
7024.490418
6978.234914
6929.720169
6929.543015
6943.705370
6937.341838
6942.014006
6932.777035
6896.391483
6916.961980
6931.024307
6934.971397
6927.800999
6941.572218
6918.132366
6948.477950
6963.098799
6933.913632
6921.921696
6909.321604
6912.135518
6906.841158
6918.058869
6956.482255
6947.306927
7070.060156
6955.498337
6955.808154
6980.846473
6990.292677
6950.450216
6921.614396
6907.641283
6916.774709
7082.022763
6917.963709
