579.236336
516.587731
968.898344
689.834161
965.417315
928.625467
423.233496
854.985379
569.570688
481.814930
718.321189
660.942545
618.421580
508.915543
621.749414
714.813666
697.338070
539.281779
628.486760
738.754256
961.246039
544.287978
521.949163
737.487757
707.764525
802.382625
656.833037
397.959884
529.179833
768.356721
492.450683
470.645406
555.259052
616.146497
741.119485
719.468397
913.391195
815.935362
782.076020
634.349946
858.678980
576.163936
825.064846
654.627462
474.089238
1165.973584
784.077044
738.005908
576.125695
716.890773
823.996790
461.759852
894.236039
554.878702
495.024831
364.471276
401.819231
918.592573
791.477179
898.722546
914.767866
712.920573
888.333528
706.320794
786.576719
854.686231
494.779765
1019.949768
847.606913
683.699146
657.575752
598.413485
614.620616
732.708558
543.935552
510.420221
694.986211
523.768151
702.185999
592.856831
653.959393
676.830414
645.202071
692.312907
733.410884
701.625230
754.854485
624.725883
733.546391
542.990724
705.205735
1084.283427
557.319399
648.860899
558.010213
575.779949
526.700188
848.535943
697.288600
665.535557
653.037841
763.909274
597.267443
635.432801
818.684405
805.095719
626.303520
845.094903
631.963478
820.351819
828.234433
849.450696
591.567751
903.052461
987.210246
768.738725
815.633344
1006.914685
958.655234
773.865792
756.627293
787.292347
719.961512
840.492742
911.686219
805.406675
591.455707
762.819856
652.543857
851.171529
769.531827
671.567181
554.496234
862.962344
867.937802
888.940514
658.701587
738.308939
685.289235
968.928262
489.379782
806.099571
621.612686
679.731031
512.698059
598.121844
737.592274
740.811888
809.130384
835.585052
1072.814259
1350.579151
1061.122752
883.107812
981.336033
841.895007
430.119367
735.831519
434.942836
581.812452
866.669827
631.186310
691.770209
625.501555
456.800841
715.776287
604.892113
707.626781
680.356606
957.666117
516.781342
669.774136
594.982452
701.497842
666.609819
441.267652
370.252804
434.828693
561.414325
679.589937
790.483932
815.171074
743.594114
882.602499
731.093683
740.637646
1035.574709
792.525144
1357.227565
1204.723976
1177.774165
664.458471
572.978997
616.993378
606.358672
760.102588
768.698825
637.825879
800.266823
692.476923
865.559163
571.620516
455.174011
449.985083
770.007253
703.144439
567.259719
850.320684
654.979733
467.875712
805.309293
470.252302
689.397533
681.822800
519.278000
515.008139
674.083823
590.810732
581.880745
379.862682
556.652038
684.104170
682.101053
713.647803
582.483933
1258.495177
959.331505
1272.144768
1080.728715
1008.176904
542.644998
968.029231
974.015357
928.649761
975.571332
1031.924937
891.050768
1037.271629
824.090616
724.905981
710.762783
790.185058
898.288136
781.806824
852.677607
944.133827
863.445748
952.661716
733.431845
503.573100
507.981751
867.850312
502.208929
635.980888
446.214115
745.705005
650.414250
662.482848
1259.913417
1264.984610
1188.913582
1212.279642
1236.736393
1300.801041
1323.944191
1329.200389
1358.476188
1379.492126
1366.604341
609.544066
561.630343
779.900259
494.187849
824.362226
732.979125
808.714550
389.840943
585.051841
621.640394
388.956671
573.208682
538.768947
564.991349
443.011000
578.784012
431.922250
630.127283
370.883549
443.601290
574.342467
539.862081
624.408928
759.080673
671.388556
800.568208
439.099420
509.025881
600.481324
793.187904
708.668470
751.861601
724.289477
911.434924
502.505103
801.062622
603.035468
576.421058
390.740112
761.672239
453.715870
570.164708
548.665512
622.081038
552.956429
488.835163
1978.237853
662.756424
629.856351
621.741251
551.768398
528.510141
477.845341
492.024003
367.154154
362.248078
399.883027
1136.718467
892.983126
864.032759
947.904437
1109.490507
1143.533898
964.025098
974.300005
582.013624
723.117220
937.891682
689.782914
635.410921
941.502577
444.849358
459.934553
777.225765
712.305939
793.257842
739.191028
781.606319
453.342553
442.985924
823.892528
751.539766
817.021811
777.067909
534.989000
513.357512
397.296653
601.476115
340.292333
329.666973
512.577494
657.736396
601.292835
526.902054
645.861432
507.783969
480.547890
521.360112
508.427635
503.493553
447.808548
541.252239
592.072278
398.783562
745.350798
724.186440
416.508032
270.131353
357.086730
623.591418
523.799355
556.269972
607.045478
488.247633
567.373878
563.913624
587.754469
1095.913045
981.362757
1001.417110
800.088943
627.726270
710.380462
651.543725
674.650596
464.331816
1491.911497
549.963085
544.907704
557.050245
533.261641
458.628632
584.778377
396.138690
459.025384
548.600709
375.744184
471.433093
512.395203
587.609000
1119.901142
569.418065
611.721475
487.001258
725.135382
501.580757
693.924852
512.117744
597.063548
451.886964
679.360338
584.174248
599.528588
637.720469
694.768641
567.202421
536.109572
456.734218
440.209389
723.504217
621.927914
462.616660
475.260731
573.335629
534.312991
459.239103
458.831130
624.259884
689.423485
618.109441
1098.080002
568.931807
1061.953066
603.972541
441.332863
816.528374
540.889147
686.715042
772.963904
786.961945
622.823945
576.982666
572.358523
552.218846
631.189885
669.005838
771.580110
515.307743
519.495496
887.864284
897.521672
431.852916
510.126690
438.505791
855.703772
390.484535
475.379577
488.556908
600.850094
370.633730
427.010267
448.567138
742.157690
706.233949
767.564916
389.979090
831.561404
694.904193
610.190157
470.409236
852.002799
727.443919
400.852067
401.265738
688.930921
715.134296
733.575260
429.050161
439.218772
1398.826756
701.148332
613.970419
654.595635
420.717568
1215.000039
741.582589
691.198160
638.749062
658.657572
696.835648
865.418058
738.235954
623.060845
806.179437
577.722046
441.649783
702.304926
491.343954
685.653687
455.631720
606.335887
567.707668
574.523283
595.389851
742.835868
543.221220
571.268336
596.009975
478.957277
638.989301
648.060676
525.110529
554.511494
459.401376
759.900592
627.907740
681.627292
756.169254
491.103813
584.997891
644.533626
1191.666795
1143.806730
415.228439
732.236966
479.266066
478.296406
703.305415
706.696442
748.085461
390.149829
573.750688
1009.774173
1076.576049
588.942287
552.759919
489.369370
1132.921807
513.523501
640.228906
513.085946
448.711207
469.522127
538.088897
740.456184
457.999465
882.898084
391.018303
1470.322399
669.760135
535.777808
631.118559
505.874603
389.938555
459.212466
637.632742
617.882138
709.918757
1131.269349
789.896723
592.109262
633.588218
528.723015
468.325911
429.906375
497.139289
779.863200
595.336297
571.238777
1145.737059
819.921150
