8528.078241
8516.710397
8528.101747
8565.034055
8555.926187
8540.121185
8541.067847
8550.354393
8554.441987
8549.216821
8553.902090
8583.078246
8550.019384
8583.057504
8553.317817
8581.587520
8581.641189
8581.342251
8526.201661
8571.881555
8581.598549
8581.450708
8584.160332
8563.958722
8541.091828
8553.258280
8553.918902
8540.413994
8526.124693
8526.853253
8552.136280
8540.241667
8539.880933
8550.941099
8572.111369
8581.514236
8584.484490
8568.921750
8540.623954
8554.659275
8559.278573
8550.405037
8568.174142
8550.164248
8577.048889
8528.532906
8569.660868
8565.685838
8561.323975
8592.739970
8528.194139
8538.819193
8565.356442
8542.461102
8566.558049
8539.281016
8562.658014
8537.717742
8565.962752
8591.025298
8567.800973
8577.114711
8567.185145
8562.269717
8566.093613
8541.639681
8550.213813
8552.204928
8593.836440
8613.446446
8633.676421
8561.065878
8549.337070
8561.747018
8579.542809
8526.432956
8579.785284
8526.573529
8569.431162
8545.295779
8526.303646
8550.352672
8577.100437
8563.230601
8579.994450
8538.590687
8550.840762
8603.379436
8593.590250
8594.604225
8572.692460
8563.607774
8545.501208
8570.402679
8550.479483
8527.959094
8562.407092
8554.531160
8537.894675
8564.762471
8513.573940
8579.040874
8564.260012
8553.362928
8594.532021
8580.618923
8590.568566
8586.261158
8581.202495
8590.861532
8554.421666
8573.815882
8550.399794
8584.719299
8554.512663
8540.161509
8541.269628
8541.941788
8539.004661
8572.484945
8553.130023
8549.387027
8527.978170
8543.695288
8630.588246
8598.426736
8580.401300
8540.601395
8552.414182
8565.531420
8526.066751
8569.996357
8570.348842
8560.091741
8570.188281
8568.571424
8539.474223
8553.348757
8571.128678
8526.411558
8528.121965
8543.636075
8557.771302
8527.967374
8567.294994
8555.360145
8527.969682
8529.920741
8551.930008
8568.829047
8556.655322
8606.172393
8538.809274
8540.636318
8580.568076
8566.139180
8539.346136
8550.990888
8554.258843
8540.585321
8563.166995
8540.775160
8557.665203
8527.190996
8571.030533
8540.239872
8538.643363
8537.785776
8540.175806
8540.080251
8551.136863
8540.351976
8550.627538
8551.645454
8554.677116
8529.190790
8557.519096
8540.034020
8542.667278
8539.795041
8538.667544
8543.264098
8553.326752
8550.768870
8538.022417
8554.580443
8539.688393
8544.346490
8539.412323
8528.623775
8552.637479
8537.197824
8550.989570
8527.640548
8515.152460
8566.277096
8516.985434
8557.308941
8569.360272
8583.581058
8587.268856
8566.598490
8550.665743
8562.523727
8569.442187
8573.640167
8548.871198
8558.118684
8518.251921
8558.124626
8507.274323
8599.668367
8538.272287
8564.963702
8568.518301
8579.421755
8576.686720
8579.338093
8579.343373
8527.123778
8567.962061
8585.492475
8586.620099
8527.832216
8588.844842
8620.500445
8579.702180
8590.377236
8596.990077
8595.859745
8565.937465
8559.501918
8564.652936
8549.774264
8558.254176
8574.661223
8587.550452
8562.016188
8577.754646
8538.387065
8538.396517
8583.666272
8586.658107
8578.470128
8581.407058
8597.748540
8600.538622
8618.778998
8620.493498
8589.913618
8580.513305
8580.373707
8602.053675
8620.473119
8576.014834
8573.436855
8528.308764
8579.614280
8575.167084
8584.881254
8568.796592
8576.774458
8635.587865
8635.535515
8629.077793
8644.552042
8645.156437
8609.203293
8628.040229
8621.920911
8646.951507
8630.574129
8640.862353
8608.942090
8591.264101
8562.847660
8576.778883
8576.051130
8595.188681
8569.659878
8566.961186
8568.528455
8516.901139
8559.213320
8552.829737
8553.229618
8557.128111
8545.023463
8549.601466
8525.361655
8568.686507
8537.897775
8539.985396
8543.844106
8520.981544
8549.856881
8553.018977
8537.791130
8537.311249
8541.220777
8529.495235
8607.407642
8581.487883
8542.498886
8547.584266
8565.185267
8528.102746
8571.204411
8527.072421
8527.009324
8573.592519
8563.761610
8567.365047
8547.657835
8566.561770
8538.847090
8541.279591
8539.912547
8528.688333
8559.978328
8545.061679
8528.471754
8549.912517
8538.452137
8538.708369
8537.259302
8623.577072
8595.983257
8602.662031
8627.117165
8623.779431
8697.033629
8552.048093
8549.717993
8538.054007
8540.049996
8616.140729
8552.831669
8526.472484
8549.740090
8537.967469
8574.480379
8547.839342
8540.918757
8544.304404
8551.522900
8553.027646
8561.638142
8538.856347
8596.017088
8536.718228
8537.753732
8568.804760
8570.496608
8558.810211
8554.075857
8561.797070
8564.605758
8575.863727
8564.397325
8572.530305
8564.361788
8549.109021
8565.213028
8551.492308
8556.435371
8565.554408
8536.801030
8551.187934
8561.686633
8548.045897
8564.294159
8551.317386
8552.222780
8538.875039
8529.534693
8542.684948
8555.519625
8552.309365
8605.370117
8580.757922
8563.877389
8595.558914
8603.985600
8608.158377
8567.098656
8539.146993
8535.654323
8540.599034
8539.669243
8527.860298
8527.314417
8555.673060
8528.424981
8551.813511
8530.846613
8518.666295
8543.842886
8540.555789
8527.820364
8540.383033
8549.973579
8538.415242
8537.037679
8542.646656
8518.848962
8539.692550
8538.776365
8526.395033
8566.840117
8565.901634
8566.792448
8566.707743
8562.669281
8557.276665
8755.162816
8623.893003
8655.461636
8604.806012
8553.965834
8554.150797
8550.522437
8617.595215
8601.408896
8585.332832
8551.139933
8540.693594
8555.415673
8541.422131
8547.658282
8548.720872
8538.535404
8539.471669
8552.303164
8538.780755
8613.418095
8554.420118
