208.457077
199.393385
236.473647
365.130900
379.390308
305.081020
414.193839
122.413370
156.192742
211.087366
256.444415
271.568817
204.532798
223.658028
192.053773
268.327603
195.532377
195.191064
207.023219
173.577973
218.121021
146.380351
173.222271
281.556246
162.968416
183.342306
258.659200
245.860327
106.208601
135.753679
140.482060
273.527001
263.725454
356.561311
259.669879
340.677517
459.456609
365.765847
416.804234
359.301517
460.278784
240.228520
270.041569
224.609080
323.200048
168.001821
215.743613
137.514643
229.175773
281.149017
288.941830
181.012179
377.086505
581.849952
394.546563
199.441059
193.877066
240.384083
205.092621
237.105524
208.095580
106.119894
154.928940
201.027966
222.803736
176.468587
332.382543
183.486165
263.235627
309.061276
239.311447
176.733050
130.517289
122.928942
130.246829
164.787337
307.314711
297.832759
778.561935
281.105853
287.123108
414.034856
379.682745
274.715381
169.299949
140.441374
158.594107
833.252212
165.132651
