355.616851
332.875338
625.862365
829.779327
442.746708
545.477650
405.232315
321.885987
391.111581
532.316179
295.951557
500.737041
549.915755
457.440946
431.084917
316.720242
499.010798
399.017764
352.696979
530.301222
640.441905
491.646813
335.100457
610.118699
486.483184
265.571335
341.289776
462.626932
500.707200
591.278286
492.481023
403.181839
465.902202
423.140924
406.159211
562.886924
460.654375
488.451874
586.926453
586.842442
560.763658
552.364346
605.230900
499.182332
436.464956
301.458807
621.497335
707.380390
588.166131
467.609051
321.656965
527.011161
467.756276
490.928180
376.227426
266.958505
329.324232
423.914065
596.987695
555.780570
597.342616
876.366598
803.208241
730.407081
601.420113
412.935326
459.954812
584.813326
532.762518
401.237728
516.087486
444.261545
449.730498
482.815209
418.385363
388.348630
479.787775
645.418570
684.987068
881.709804
329.126223
630.359124
574.040431
747.138264
577.721190
516.089980
585.049752
521.892297
566.928752
475.260167
458.786574
735.545598
744.772277
434.996089
823.298516
851.566578
371.285297
324.725239
906.246526
848.776474
836.830019
909.215110
740.769254
794.023713
444.434667
557.995187
467.796104
448.237781
439.067539
428.855075
308.561979
305.134999
328.339523
267.978801
309.619148
537.239682
565.487547
331.175451
363.344277
435.567920
462.189772
549.414746
305.139848
575.843723
643.164676
516.262513
252.036107
448.860151
467.693768
369.560691
380.794647
1305.540703
384.096421
265.416292
380.296210
386.797147
657.172773
684.240393
345.349411
323.150236
590.750017
515.376493
587.065465
587.080106
502.750187
806.531160
679.479452
440.773906
467.836719
489.012368
411.473423
574.631515
529.914054
263.824604
289.484642
341.320126
236.267101
370.095874
365.652781
362.161916
358.624636
334.318281
416.364709
305.832038
397.040617
208.684608
380.651462
424.573009
417.443280
331.981084
758.175070
602.913051
664.172138
437.956278
772.340094
952.593706
383.533790
220.452966
322.405213
325.889740
276.029909
295.063900
401.803796
336.184454
574.258584
396.936604
322.813088
408.336701
375.773801
327.834056
453.170633
367.915487
423.557935
374.319752
296.766835
278.228941
419.749754
405.748818
176.086778
591.296344
435.616319
483.276080
408.878534
597.669504
293.032833
451.834098
342.539740
254.946795
531.092973
313.821075
386.389882
208.350063
463.366547
477.785699
480.711087
369.370593
375.469315
354.373723
304.128707
546.897383
845.609078
844.126194
443.659668
395.427885
443.348187
336.214933
657.558196
425.304207
469.589625
439.801694
403.490859
387.522683
332.486185
387.549854
429.810169
482.442653
370.825047
556.274775
348.148345
706.165350
476.176355
361.701739
388.430884
635.697978
406.921536
756.326486
648.989651
331.741941
539.281276
1791.567932
313.574875
466.096653
207.911218
207.633760
937.455764
364.806582
318.937179
350.714747
361.238604
344.019996
429.979768
428.654874
391.285166
376.710883
411.391717
615.556457
352.357640
395.258138
310.186567
598.540690
2170.953671
