1298.482174
1136.067876
1085.906129
1396.645216
1157.162172
1239.460701
1778.438041
1826.561803
1161.780958
1285.714057
864.944741
1362.263934
1601.114552
1508.965599
1639.429584
1400.582910
1572.996604
1276.816795
1636.406387
1475.279830
1352.306692
1611.516558
1099.133365
1206.183438
1238.175655
1481.637759
1328.966308
1334.514440
1085.701078
1392.600733
1108.595464
1172.759373
1042.771316
1647.336964
1118.674628
1734.352086
1601.975222
1839.444232
1221.248342
1704.076859
1671.148328
1877.797507
1818.920879
1319.942540
1270.200685
1979.510329
1941.131301
2151.371022
1708.434283
1276.650370
1222.791743
2898.884937
1441.261225
1574.227923
1853.062719
1329.025884
1489.383456
2907.767311
1615.309017
1790.922386
1613.345599
1291.020952
1114.014012
1679.055052
1394.642431
1833.656400
1888.004021
1598.245247
1401.698082
2139.247490
2238.676312
1712.372045
1667.600978
1693.616710
1757.882768
1702.242925
1905.480030
2157.316759
1975.109437
1243.499635
1859.161325
1802.718732
1520.593294
1658.893004
1205.372503
1669.885837
1536.686070
1540.458691
1626.193696
1449.425853
1736.468405
2035.417290
1679.325286
1815.548835
1380.084607
1306.607491
1372.490308
1281.514284
1434.317826
1427.986665
1375.660385
1324.528245
1209.384317
1345.835741
1854.851525
1450.343777
1711.604830
1297.809585
1442.018883
1755.227788
1135.238730
1856.672179
1947.979788
1815.172092
1949.604240
2176.093444
1863.653285
2094.299231
1906.295792
1946.236509
2687.688073
1301.649278
1511.038963
1641.157378
1855.629814
1675.364893
2034.129107
1571.912690
1531.502236
1715.940128
1561.783908
1346.484862
1358.445094
1390.551993
1566.461099
1713.634683
1393.556448
1764.642682
1654.309199
1231.626617
1280.144082
1548.024266
1801.941057
1888.424364
1757.267101
1520.200252
1314.515803
1318.870514
1805.189886
1527.991251
1498.461940
1372.999202
1378.336152
1869.232134
1719.904130
1478.540098
1831.923402
1582.622833
1616.852427
1772.143217
1466.176994
1696.596338
1791.116590
1583.647592
1407.230023
1640.453910
1501.617248
1465.363276
1659.742247
1665.060356
1711.075081
1516.398281
1138.729653
1776.006544
1231.467522
1618.727508
2116.839908
1946.428894
2133.956522
2211.656485
2288.863531
1611.308669
1128.700210
1624.943360
1996.392712
1957.645516
1529.395010
1701.171001
1708.697515
1978.210883
1135.227045
1383.022289
1135.071524
1209.654558
1599.416319
1528.820711
1129.281244
1547.400261
1169.516796
1565.244256
1553.264223
1505.272722
1919.803446
1365.242937
1293.505473
1424.206319
1562.963318
1487.698747
1714.400750
1954.855546
1329.758182
2469.034642
1643.249901
1603.233797
2300.519002
1633.704746
2423.296478
2069.226013
3245.513059
2093.110941
1471.413978
1418.432196
1420.967152
1128.727212
1038.625997
1189.619305
1907.385789
1309.150681
1014.860340
1510.060773
1592.516379
1295.631413
1630.222363
1623.895838
1627.405734
1685.253978
2040.136133
1670.189748
1640.560553
1638.808995
1523.359905
2084.182898
2164.756559
1472.169033
1362.621331
1690.986679
1963.618850
1617.548459
1666.425793
2140.193779
1536.571828
2153.174138
1465.190069
1834.207388
2021.709562
1129.764708
1170.449801
1053.208795
1912.190446
1951.818926
2694.350133
1262.361714
1804.382225
1827.666483
1663.694170
1701.142192
1575.387337
1337.617363
1688.369378
1173.553444
1256.192727
1255.776361
1516.967665
1404.881723
1665.583811
1917.648431
1900.373900
1495.132630
1503.501172
1942.618671
1958.440964
2268.526829
1656.736623
1847.078488
1858.147740
1528.998685
1414.432705
1428.197591
1189.786793
2144.485846
1549.903222
1758.354417
2903.225911
3119.460108
1562.606249
2142.227401
1441.167211
1765.220145
1506.582909
1449.683205
1069.630170
1155.962087
1190.150712
1098.455948
1337.462529
997.448206
2969.018323
3131.014047
3069.017182
3018.191344
2968.287707
2897.777508
2905.005067
3072.471410
2961.237344
2948.142003
3532.579733
1836.068104
1837.466415
2072.518051
1923.530498
1976.864494
1584.323975
1465.243063
1976.813768
1735.179269
3016.521394
3424.484274
1846.769673
1767.289009
1573.456696
2088.388533
1577.204134
1699.765632
1531.433755
2066.158472
1545.836849
2134.267486
2043.024111
2633.457179
1539.496351
1543.555266
1543.667981
2051.830584
1607.391981
1716.152519
1836.534476
2460.106802
2477.355403
2497.957165
1639.670288
1373.230887
2124.060894
1299.437130
1344.548144
1433.823496
2104.192036
2419.613930
2584.721680
2672.543190
2594.580268
1787.706164
1592.500576
1628.062316
1590.052009
1657.375421
1378.803032
1655.220371
1638.961475
1484.198042
2017.925742
2134.872010
1869.672119
1707.066469
1632.787836
1132.913206
1679.905155
1665.340974
1673.003394
1462.866673
1956.372722
1444.868434
1887.928545
1815.086193
1573.586568
2962.120862
1203.247478
1955.863499
1070.160995
1604.059260
1417.535914
1613.146965
1915.919184
1651.094213
1648.659041
1893.761740
1847.875495
1824.223068
1133.088373
1156.789675
1620.756042
1782.101004
1182.300226
1412.197199
1320.206439
1317.523573
1758.841033
1766.284546
1631.784181
1737.050620
1676.137839
1449.994405
1864.478008
2116.018412
2222.912610
1371.187317
1367.326642
1775.111801
1126.954201
1160.663037
962.228752
1755.997509
1489.366542
1549.474981
1472.870576
1855.121774
1760.707998
2131.636238
1883.002307
1494.959661
1504.732015
1509.977982
1397.880203
1589.231167
1463.551421
1468.084627
1497.987758
1512.556623
1518.972244
2058.514360
2158.604447
1738.940350
1085.374080
1123.528198
1726.644440
995.188301
925.933620
2098.766253
1811.638160
1881.705936
1533.639817
1876.371044
1791.749239
1351.743837
1996.117489
1180.943632
3064.483077
2491.208510
2574.473676
2589.016522
2471.152847
1893.567780
1179.021100
1401.034577
1452.399538
1243.163038
1451.271369
1113.957191
1964.012313
1187.192096
1187.422472
1281.885394
1505.398312
1713.994051
1757.856767
2023.837286
1771.096602
1807.693288
1652.609178
1587.983675
1744.368029
1417.439037
1621.397581
1465.086545
1547.955997
1487.637200
1536.826969
1551.198291
1553.698718
1435.045195
1760.773535
2103.862752
1761.354313
2369.030473
2349.498301
2210.700628
2323.676403
2144.603068
2285.335853
2360.461034
2226.837533
2585.846193
2059.917816
2016.369995
1567.038158
1361.769100
1195.564709
1220.134204
1685.184689
1511.832338
1329.604048
1524.207629
1722.780240
1308.706923
2147.687306
2410.111564
2866.717183
1865.477873
2416.907778
2465.230946
2362.059631
1714.058271
1914.543523
2237.942016
1544.450103
1636.578578
1710.688522
1487.130458
1643.410041
1393.074600
1521.223497
1982.652987
2006.431231
1968.479019
2011.518375
2256.262568
2158.653987
1997.886797
2016.211483
2003.588656
1953.206463
2300.799472
2522.965094
2312.675278
2420.067189
1191.286823
1217.928194
1184.354920
1133.490686
1384.260701
997.006727
950.167557
1254.069986
1082.635966
1602.536263
1629.940093
1981.812767
1768.956534
1000.739350
1055.371063
1394.734158
903.351283
1394.153225
1845.598020
1833.014012
1955.731614
1210.662313
1808.644508
1752.985976
1772.852995
2548.472727
1653.112858
1751.478148
1384.162038
1351.076553
1350.478386
2505.171295
1813.373759
1675.052562
1073.521003
1356.142974
1362.540782
1579.374862
1566.691420
2406.548473
3030.512869
2443.929569
3337.718633
1749.865129
1797.892446
1739.348973
2410.439474
1919.233178
1408.240200
1367.060488
1274.530270
1532.707904
1206.324116
1057.965702
1094.914960
1222.445025
3360.114977
1432.981640
1625.601056
1280.038693
1527.508251
1743.186294
1466.793486
1474.088886
1748.968301
1554.202238
1542.606691
1769.433715
1646.293722
1488.858311
1371.822229
1203.396312
1217.874080
1315.236871
1311.580394
1371.369720
1416.798797
1151.488987
1013.976519
1137.341043
1580.762624
1392.431917
1456.537267
1218.101674
1247.354123
1332.038068
1430.651631
1483.143225
1372.999913
1451.358380
1119.554139
1331.313866
1087.704496
963.107881
1020.309739
1478.362354
1881.454349
1396.784664
1320.197880
1542.940441
1963.631995
1497.029703
1705.125855
1765.964525
1715.160016
1895.035054
2034.941131
1969.007146
1727.290482
1563.947999
1529.040151
1682.868468
1927.945062
2223.831870
2383.489970
2484.514095
1921.874655
1658.107775
2352.567789
2501.823119
1898.557340
1774.802598
1698.713741
1821.007418
1423.786748
1693.711121
1903.178317
1863.221192
1861.707081
1666.911894
1819.975972
2289.497686
1590.076444
2281.522676
1765.867237
1766.433001
1851.220905
1763.369683
1509.239694
1437.442115
1664.204157
1893.061908
2264.376396
1616.525725
2266.546826
1866.020559
1717.775370
1660.199168
2708.458204
2563.676843
1537.835341
1693.895256
1364.277243
1445.689792
1862.053322
1317.978349
2296.455385
2277.282784
2900.333297
2074.490418
1799.114580
1491.594155
1753.043947
1669.532492
1821.047170
1905.172220
2139.867806
1936.160380
2063.417565
1899.009164
1403.766847
1388.957588
1513.549867
1518.188592
1600.886221
1363.537267
1485.938822
1782.631787
1714.852702
1301.198358
1676.058312
1294.537757
1355.409422
1430.042022
1435.062334
1782.531400
1941.303401
1762.517464
1569.914392
2000.226385
1346.113868
1834.727887
1603.786814
1767.462559
1979.820489
1595.980676
1465.370365
1411.623830
1258.192333
1564.697495
1976.442456
1645.400073
1519.329133
1598.888063
1726.878608
1973.979397
1675.377143
1594.606341
1588.912478
1358.181844
1312.952942
1780.900426
1517.938486
1519.364652
1645.886113
1448.586586
1533.028775
1255.791682
1875.558881
1209.603508
1615.174646
1617.458066
1654.756636
1859.635373
2094.383356
2205.294291
2013.038725
2300.582284
2424.562823
2520.935430
1856.413160
2231.981427
2081.881008
1838.257187
1981.524653
2259.453205
2262.298523
2054.180798
1903.000473
2180.657378
1649.882927
2244.874155
2364.078085
1836.738904
2061.735062
2380.896167
1771.884211
2171.690562
2185.088081
1726.751669
1689.421862
1734.719825
1578.129497
1426.015460
1803.314739
1301.732753
1691.969465
1615.282988
1738.381768
1474.594549
1916.949169
1929.116756
1441.078416
1395.593907
1534.939080
1621.033303
1839.221527
1538.367626
1336.803815
1280.240855
1631.328349
1638.430588
1723.069614
2029.834100
1809.589433
1719.265972
2326.257279
1656.985860
2320.474257
2099.958655
1842.341901
1904.273395
2133.724387
1687.795989
1724.125424
2507.380360
1691.692329
1744.156323
1679.207425
1823.820236
1531.343823
1920.502513
1925.921237
2031.811871
1958.406316
1952.883311
2527.023686
2141.373288
2311.000896
2029.448278
1927.596712
2009.397387
1742.726785
1719.513739
2193.138400
2407.495013
2604.328000
2377.469301
2716.519889
2526.589192
2279.070049
1769.600671
2090.582873
1982.449015
1810.640339
2347.756089
1775.017983
2529.582389
2317.363764
2068.700472
2037.413541
2052.807098
1499.208389
1746.452824
1531.264686
1713.305698
1915.553711
1752.825131
1626.441570
1703.669439
1643.062585
2102.156499
2191.880250
1553.473912
1971.362189
2039.073447
2059.090302
1899.691403
1486.265334
1548.485936
1680.638410
1788.645773
1927.771823
2243.387654
2149.054619
1595.392929
1415.680633
1422.482447
1376.817627
1375.355023
1604.492910
1558.334257
2032.412701
1528.982288
1568.093366
2001.950133
1517.149208
1690.156634
1651.530608
1740.487043
1808.227361
2557.960040
1878.207274
2565.168973
1511.106902
1606.400425
1483.956844
1594.676112
1336.989225
1535.051511
2139.824411
1677.883983
1570.353818
1683.822317
1492.012811
1502.219545
1810.925865
1580.344559
1676.669046
1903.851713
1620.311322
1739.476907
1874.428461
1730.611777
2263.283790
1766.915439
1891.155688
1998.479629
1979.348184
1731.779269
1418.534635
1903.269902
1519.258591
1921.075950
2092.381932
1453.201162
1782.516764
1876.335619
1488.971569
1573.463035
1742.669375
1823.865237
1895.647012
1750.586002
1907.491021
1939.841190
1498.380555
1898.915813
1643.792257
1876.220257
1586.429189
1640.707467
2297.985166
2251.056272
1625.781584
2305.186523
1633.402107
1492.741446
1589.211160
1914.361029
1920.676177
2113.599567
2279.338079
2236.268193
2192.116102
1960.298933
1859.524415
1940.931451
1940.867408
1791.699448
1778.805237
2186.256580
1734.117505
1767.584155
2448.739139
2207.771772
1674.043003
1915.979224
1703.516232
1752.748981
1443.322909
1579.267763
1783.617596
1529.967644
1775.915982
2130.945709
1759.179319
1785.869416
1681.186731
2282.463794
2263.734101
1699.433065
2299.820048
1825.752400
2034.213989
1494.312062
1749.047104
1419.343511
2150.066787
2692.464293
2710.736455
2138.918426
2312.250906
2527.388580
2093.544721
2444.009448
2796.816136
2666.014402
2681.149145
2309.691937
2648.415232
1710.016786
1556.198763
1521.907825
2338.032323
1786.624202
1585.143333
1555.050841
1641.460712
1649.138166
1342.479300
1740.840077
1782.026194
1957.732758
1337.883130
1750.155080
1301.990450
2638.756430
2705.073229
3003.853335
2548.844586
1679.092384
1876.909408
1766.232600
1483.774218
1925.785551
2129.405869
1530.451808
2232.352667
2077.333581
2010.605208
1752.653139
2116.757005
2519.446415
2037.833924
2670.298643
2343.960177
1814.954859
1271.105040
1198.955548
1165.531583
1709.722404
2595.200829
3134.758781
2771.549644
2616.551585
2601.877303
2562.379583
2672.142200
2878.823547
2747.610119
1852.095390
1379.416767
1269.260818
2049.635142
1455.917875
1319.507435
1266.707440
1434.182677
1425.798146
1284.541618
1973.068121
1702.386321
1814.195738
1893.153518
1182.827621
1176.692339
1530.978710
1441.378508
1403.386631
1134.714033
1526.970311
1274.202620
1352.748640
1603.933870
1003.622047
1521.204872
1102.058473
1174.820264
1211.337325
1259.654580
1592.911667
1512.540413
1608.335429
1300.370872
1122.863434
1611.455109
1589.953459
1397.933921
1666.813081
1822.246755
1393.524744
1483.557614
1206.302331
1167.732162
1483.443408
1575.184971
1210.525980
1444.049892
2038.590731
1785.596077
2296.179034
2295.046050
1604.960981
1807.093684
1820.544935
1838.733313
1738.317964
2302.516086
1818.029964
1600.449717
1506.033911
2178.215436
1681.692201
1722.069651
2199.938899
1837.932708
1970.899464
1186.444161
1605.294480
1699.296720
1016.235413
971.756621
976.117038
1374.672103
1373.669097
1649.247972
1278.069652
1086.107838
1388.647783
1595.806977
1596.021940
1568.142346
1694.690334
1194.668336
1082.284210
1422.576905
1563.633419
1334.501032
1312.622607
1712.667506
1174.273541
1261.736153
1531.704232
1189.340251
1092.088117
915.690049
961.176839
1538.443703
1681.226588
1318.321310
1269.144953
1432.999871
1349.856479
1843.585684
1252.268156
1414.544035
1389.585911
2130.903016
1575.319334
1539.793225
2119.582759
1513.362244
1337.395866
1599.144663
1412.136730
1178.229476
1124.493068
1267.476792
1733.435417
1637.118489
1220.010981
1392.586828
2081.818057
1855.321318
1384.474862
1398.031562
1435.035560
1699.328432
1476.662814
2137.934978
1747.128031
1304.815501
1897.700442
1433.795957
2006.971294
1561.992612
1512.216283
1733.827901
1257.406654
1605.242465
1765.807785
1623.721971
1940.030518
1234.547807
1523.847075
1234.841599
1543.699590
1687.545899
1341.486160
1507.662877
1660.460182
2021.430313
2013.681226
1556.007885
1734.440166
1209.805881
1493.461093
1318.465345
1459.396818
1114.060455
1499.300349
1508.459249
1469.098766
1779.517715
1840.281653
1600.711329
2158.618573
1900.948917
1949.062240
1435.110006
1249.453074
1469.923453
1246.710354
1401.785756
1346.188039
2012.591114
1843.709226
2185.743296
1969.930113
1979.519134
1155.891312
1421.757322
2252.793274
1554.244735
1634.456182
1687.227889
1482.506290
1544.328136
1627.653185
1192.542602
1491.038077
1561.619259
1489.732319
1346.144004
1496.498845
1993.847775
1713.284284
1967.917563
2570.213902
1636.339014
1610.110600
1643.496496
1836.846825
1812.579477
1536.682574
1595.163702
2098.675390
1815.950230
2000.512895
1793.472752
2040.032801
2277.300933
1771.647072
1624.293777
1490.998507
1574.631158
1899.307869
1806.839251
2234.650948
1707.789782
1562.216681
1620.605842
1772.505257
1683.503217
1782.552030
1814.552874
2016.780308
1918.229952
1532.516002
1388.617850
1255.259220
1306.581335
1538.300408
1171.585702
1566.003690
1520.398276
1747.766432
1691.018915
1269.281671
1219.621066
1625.857420
1595.123678
2199.436075
1490.570995
1754.900176
1845.501254
1945.798537
1703.796940
1739.248601
1704.281183
2295.179967
1501.919847
1638.107505
1811.978985
1680.615072
1673.978326
1248.148729
1205.010756
1481.977569
2085.430517
2267.586837
1521.258215
1576.807140
1560.393255
1911.094748
1515.548743
1981.622236
1439.057471
1795.332691
1606.461099
2109.278052
2325.023227
2100.516196
1941.833495
1230.331053
1201.334163
1212.190264
1709.647234
2054.722362
1333.074736
1307.427467
1587.196146
1440.296893
1223.348595
1354.860149
1580.350447
1848.411926
1181.668991
1589.933367
1449.502943
1486.412910
1950.894560
1494.988828
1579.848231
1717.159178
2449.167493
1675.595467
1786.224882
1306.311976
1299.494662
1617.254190
1430.360633
1380.225608
2001.883309
1738.249889
1548.627213
1552.502138
1783.137736
1611.668144
1492.398203
1244.255696
1243.781498
1810.934541
1350.008621
1427.818257
1385.038978
1650.582374
1305.266162
1261.790873
1365.921391
1970.872699
2107.770857
1879.574247
1674.810314
1623.258812
1831.343583
2257.298880
1452.526257
2041.314297
1737.388885
1313.799487
1586.871001
1047.211458
1851.301197
1499.752376
1718.880433
1601.421816
1555.894808
1284.240325
1243.874779
2089.205301
2249.987110
1522.681112
1735.104053
1499.644855
1786.522022
1664.850327
1410.007156
1671.432473
1585.299440
1363.985103
1367.951692
1822.480321
1782.738607
1739.605914
1111.560966
1393.533149
1434.546415
1658.537806
1386.856516
1435.412806
1441.264411
1146.215271
1474.721153
1474.869067
1357.417681
1665.048045
1404.509204
1980.194866
2007.203453
1649.915332
1494.822818
2666.092747
2617.747492
2069.996010
2236.008261
2134.815995
2321.603756
2327.998646
2398.373831
2155.525246
1847.230930
2048.486091
2043.717412
2078.988925
1743.374733
1858.907086
2148.807516
2056.573439
1911.050335
1866.229064
2026.859687
2190.669763
2158.409691
2556.552244
1957.572890
2539.537775
1903.551986
2539.584767
2126.458697
2248.769097
2218.794498
1856.241585
1602.489166
1969.607374
1853.027238
2229.194599
2247.393496
2595.632875
2503.222287
1934.317414
2790.899304
2378.194769
2517.757922
2348.007708
2209.282036
2698.260159
2631.780549
2589.641421
2326.985013
2706.259184
2510.511954
2576.291111
2739.292357
2940.511812
2212.416755
2586.556235
2319.548045
2487.428566
2428.893864
2713.005807
2617.242098
2500.232388
2302.997057
2428.027576
2694.055170
2403.623003
1965.763550
2254.859791
2165.760621
2112.423217
2329.915716
2198.041816
1894.553434
2121.260884
2379.719204
2461.130246
2378.848887
2249.867270
2164.702010
2541.241778
2413.579019
2256.067694
2206.176260
2282.189849
2512.411521
2666.180163
2247.610595
2857.854404
2894.073511
2578.694388
2499.305602
2427.045766
2430.912342
2893.717455
3542.963000
2930.906939
3100.656386
2517.326177
3026.792918
2062.740741
1829.282336
2162.222996
2090.240488
1900.161426
1906.741307
1598.702384
1533.426460
1796.044320
1647.750336
1720.758340
2041.572075
1948.594519
1677.067279
2129.365685
1342.833969
1426.887659
1639.156485
1878.796937
1337.467518
1560.844495
1568.058225
1132.666829
1958.497140
1607.823549
1651.653186
1642.484866
1629.767915
1461.086555
1505.703429
1263.615206
2186.168718
2277.274345
1524.332539
1963.197988
1835.782921
1682.639160
1690.094576
1228.995677
1193.864186
1609.156607
1594.391181
1732.783001
1428.910135
1418.881321
1772.901490
1634.677912
1510.903626
1691.106064
1552.492099
2064.756213
2113.073968
1713.591166
1506.841249
1691.186289
1665.769352
1606.515980
1728.130143
2287.684754
2198.153234
2835.800642
1415.660209
1617.252710
1555.290065
1757.336911
2019.735095
2117.885772
1677.511727
2100.538840
2200.274709
1728.589248
2478.407957
2379.932168
2403.373080
2408.780742
2689.055946
2494.800256
2868.990255
2418.060960
2411.397644
2422.651449
2040.950676
2075.757683
2051.274093
2250.622480
2229.314295
2155.065032
2497.525718
2266.544016
1911.902576
1910.789525
1965.828370
2653.112971
1933.505012
2363.029974
1845.836699
1936.435753
1986.073943
1782.981582
3416.490249
1980.477174
1891.769061
2177.081716
2754.203942
2356.694342
1932.943251
2171.574926
2122.279667
2061.038804
1658.774805
1508.237649
1708.079677
1811.574620
1970.150526
2018.586467
1599.251836
1657.205759
2167.536443
1826.973411
1633.138922
2110.241646
2064.587340
2007.848284
1482.785213
1451.655964
2298.760201
2310.518795
1582.647302
1446.904658
1444.152856
2069.360935
1739.878589
1570.721432
2167.157999
1632.941950
1644.932319
2181.678803
1705.718688
2092.491559
1605.260245
1665.839904
2149.112195
1764.969854
2202.401677
1635.606755
2082.016373
1973.592073
3062.166912
2422.742056
2783.997640
2585.305085
2511.968467
2425.246105
2442.801514
2407.031969
2585.704073
2123.754449
2109.114363
1855.286551
2193.868428
1653.997374
2273.253049
1945.048357
1882.206175
2698.884868
1787.141273
1728.610167
1699.215645
1830.124583
1938.835490
1823.481380
2382.585770
2136.570898
1991.967846
2175.567591
1978.604150
1904.976674
2003.164348
2900.903534
2913.626799
2138.662520
2124.496647
2216.682192
2127.223420
2019.158930
2217.126532
1959.006597
2474.918089
2200.992745
1773.845742
2275.684660
2025.144339
2168.385978
1907.707618
2340.857682
2119.862132
2374.294100
1870.315687
2063.870912
2763.081453
2141.883426
2425.466568
1981.898834
2505.050256
1939.133076
2004.114627
2204.348515
1834.497976
1782.709481
1473.473200
1869.321777
1775.648639
1770.939064
1693.333260
1718.983534
1807.413500
1895.380199
1869.137517
2142.279352
1558.176912
2157.442893
2127.888001
1765.917593
2158.622651
2021.914250
1751.662087
1815.831344
2087.286733
1934.521398
2013.932246
2612.580084
1718.082733
1853.484507
1925.087016
1614.414756
1557.812246
1685.418262
1862.201541
1675.957620
1701.112110
1399.459363
1615.982786
1500.705761
1686.301670
1567.753687
1892.782902
1484.686660
1447.521519
1632.775124
1532.607970
1473.665271
1851.966049
1496.928243
1773.345491
2746.915421
2035.297415
2130.996901
1499.291768
1017.724335
1376.508283
1908.303680
1344.617025
1878.405398
1508.689414
1456.966063
1565.354687
1887.825250
1720.888787
1867.781088
1907.317032
1692.381252
1711.526823
1620.938803
1689.050432
1460.019857
1481.533203
1642.590601
1817.426293
1491.218490
2063.262003
2014.160805
1681.808006
1728.910429
1860.213028
2002.906357
1679.565270
1816.497185
1460.303182
1449.736304
1891.506271
1711.216910
1678.555518
1861.472250
1755.955531
1577.516896
1482.426989
1434.888209
1419.635410
1659.502940
1310.480914
1316.081261
1521.480050
1772.163670
1614.049617
1805.616701
1614.823486
1451.711497
1497.920830
1738.965004
1585.487697
1691.725010
1921.043479
1764.044393
1525.771386
1689.896228
1512.946533
1693.615460
1948.498356
1555.663458
1516.904276
1582.617417
2362.059379
1756.983311
1442.659825
2977.989415
2249.552946
2341.789748
2354.991721
2872.968784
2238.723779
1292.895581
2472.315845
3005.103315
2114.518145
1795.848575
1795.503531
2162.667968
1518.851258
1347.202149
1416.883054
1530.566322
1442.119283
1578.967732
2111.299261
2057.999706
2498.145107
2577.570098
2506.711082
1558.300250
1693.905970
1645.266660
1552.379722
2841.742216
2493.626282
2253.821644
2022.474084
1963.421524
1993.429306
1991.822572
2084.187992
2076.002573
1681.144187
2031.331743
1825.268756
2014.454697
1544.527717
1694.194537
1829.378616
1660.750759
1570.223994
2133.256886
2211.073170
2206.954398
1559.043738
2263.607628
1879.222413
1893.560178
1591.316022
1522.340713
1912.232430
2190.561130
1314.931747
1553.889475
1194.235892
1255.872977
2144.825908
1563.804098
2137.301928
1180.292073
1501.473607
1186.433374
1446.993469
1777.335152
1789.262472
1475.915954
1383.067291
1502.280145
2417.413260
1668.095742
2395.779044
1426.681114
1634.902453
1496.358675
1604.745023
1735.102599
1655.565016
1913.619349
1432.241269
1986.957348
1525.453859
1812.129687
1720.704654
1677.840493
1696.735454
1691.640092
1450.765235
1652.252952
1984.734870
1909.642236
1959.515037
2028.149471
2335.178022
2190.591891
1733.596578
1830.091331
2321.242837
1581.270357
2322.269135
1664.457627
1889.911092
1504.962734
2146.521868
2058.649194
2048.599128
1814.353553
2049.291964
1347.388408
1605.637104
1432.809474
1568.945653
1805.211993
1431.775494
1855.164665
2335.873504
1569.184115
1648.165715
1871.934123
1338.000290
1501.447790
1820.832273
1297.519368
1377.742015
1416.665274
1507.300264
1700.270376
1418.177713
2002.304917
2006.824591
2068.328675
2592.156694
2751.361043
1938.392333
1964.857029
2062.659539
2060.256234
2003.462306
2086.378056
1986.468938
1981.033630
2180.502424
1678.720607
1543.740108
2262.033270
2032.750217
1941.214920
2137.805689
2565.450610
2482.530347
2661.472613
1961.493450
2982.719381
3347.025613
3968.572418
1627.725186
1091.018466
1210.985123
1669.087220
1635.571916
1347.060810
1044.076380
2012.660717
1509.562480
1383.188472
1814.606280
1389.213036
1249.818836
1555.108089
1640.459909
1547.409222
1487.547956
1744.554501
1606.026914
1221.804384
1212.434925
1343.384769
1837.435121
1272.278834
1474.924492
1212.742309
1776.686771
1346.483493
1493.598040
1685.803207
1601.335285
1524.160001
1342.370746
1293.101242
1798.739638
1474.043338
1256.206889
1348.669661
1347.784933
1690.594436
1307.759883
1545.998828
1740.700835
1388.573986
1857.838365
1481.108283
1252.410915
1574.247509
1945.705712
1524.021017
1425.871302
2035.764043
1369.687242
1707.811314
1826.272482
1463.122713
1427.818484
1764.766391
1941.663791
1451.783757
1340.478699
1781.605731
1366.424361
1684.351906
1785.145401
2099.474992
1934.823427
1523.935244
1557.743423
1445.742587
1903.600443
1620.676641
1759.970036
1540.899824
1653.973309
1822.664629
1884.102655
2108.845194
1983.007776
1966.043817
1794.352876
1395.367138
1412.664007
1501.813842
2102.003630
1332.546370
1850.812199
2228.950413
2084.923587
2304.757414
2073.400105
1849.436105
1460.002715
2057.693520
1871.329412
1392.481893
1481.416295
1508.006378
1437.257720
1588.948827
1286.263467
1332.380822
1419.054270
2062.708491
1298.909312
1737.677360
1772.786776
1722.485948
1863.178405
1314.552341
1466.715084
1431.103698
1421.085685
1510.532927
1612.851284
1886.814517
1813.833491
1145.910493
1482.513596
1329.259352
1320.290659
1511.549651
1861.238457
1424.890233
1700.465019
1619.463529
1502.424643
1740.813395
1518.006701
1537.593931
1507.330596
1315.736446
1646.627184
1435.492193
2059.030515
1355.708103
1701.361696
1521.851942
1574.503406
1419.007823
1605.581849
1555.974672
1782.783332
1525.226610
1686.796626
1834.812243
2056.875050
1784.496749
1935.491255
2182.398181
1724.048085
2050.941878
2290.232107
1762.668012
2326.102500
2142.232248
1522.604651
1564.709174
1561.693867
1284.347775
1992.866409
1952.275921
2120.191056
2074.835519
1678.332769
2079.010659
1972.010423
1844.973727
1948.552213
1537.581839
1969.364374
1842.459760
1275.876611
1207.642325
1492.501237
2054.163925
1981.976456
2382.893251
2081.161859
2171.143300
1738.508011
2281.405081
1704.661643
1796.267395
1978.341813
2136.070347
1804.716501
2059.803211
1919.022175
2358.397913
2196.883969
2243.493554
1663.318047
1687.497887
1553.892142
1613.060686
1610.233954
2008.962217
1570.587894
1756.026598
1092.510373
1571.338010
1572.715453
1707.201607
1307.406907
1125.140113
1262.364677
1483.575195
1434.282786
1216.567014
1288.069275
1254.814627
1254.990434
1497.505824
1116.644827
1287.863860
1129.877884
1093.642103
1086.943185
1011.126233
1558.416217
2035.598642
2069.108844
1847.649718
1988.096444
1253.684446
1514.843783
1486.777903
1815.803009
1625.643091
1723.873736
1900.820744
1370.955489
1360.369361
1722.635219
1679.232653
1959.154247
1908.747702
1522.071089
1580.183960
1705.958688
1950.894051
1437.003948
1388.748831
1635.148452
1769.890223
1346.743597
1766.757821
1562.743307
1554.957181
1826.818810
1634.853167
1933.750018
1714.578209
2468.446467
2559.530700
1796.685408
1985.265112
2015.191202
1351.113887
1387.494290
1264.040160
1430.673152
1234.821366
1264.839600
1270.972123
1363.138157
1974.517062
1664.209360
1761.217362
2112.908637
1781.163737
2095.602643
1700.856481
1719.143149
1614.003056
1096.443214
1122.442530
1044.506287
1301.910434
1298.387787
1285.642202
2461.678297
2385.577302
2185.559686
2413.484885
2435.493532
2511.418411
2510.613270
2498.256835
2507.072669
1899.054642
2481.206250
2463.265542
1692.852949
2030.833872
2066.535080
1506.301004
1989.893834
1524.291032
2180.463413
1609.699577
1790.354737
1749.054772
2506.702633
2488.173608
2229.139133
1958.256522
2499.559061
2479.412090
2667.990403
2240.173517
2342.779170
1365.790213
2693.696700
2459.812663
2434.253785
1426.203459
1422.369955
1317.725535
1550.120757
1559.902874
1645.321712
1325.483632
1481.988992
1600.122722
1457.952968
1582.993202
1580.163286
1422.258759
1435.799693
2122.159918
1765.481141
2659.493208
2647.715980
2435.291144
1434.128559
1406.273397
1510.342583
1841.637041
2097.563867
1092.905869
1168.407692
1085.925327
1544.842890
1749.291882
1941.020177
2115.717497
1453.961480
1545.597560
1337.394324
1731.834971
1265.860748
2155.784723
1707.338420
2129.969690
1471.447620
1466.990578
1532.719044
1609.682104
1675.512436
1733.948775
1496.894406
1808.182615
1791.719237
1495.117692
1733.411664
1915.028258
1872.067322
1860.492066
1796.443955
1242.319627
1375.770081
1444.129173
1435.832166
1629.535319
1775.445892
1987.528623
1913.506702
2018.516262
1679.590850
1733.031028
1505.381992
1509.132604
1730.502783
1306.464280
1549.831692
1605.284132
3226.728238
1365.835838
1365.513982
2174.098692
1990.542526
1907.430786
1906.065256
1858.095221
1936.832616
1902.248093
1988.770533
1866.065656
1631.286262
1608.537207
2504.289090
2073.309734
2245.427706
2009.475758
2734.457422
2039.650264
2658.688720
2323.188104
1730.117977
2016.636399
2010.450666
1686.622902
1774.181885
1742.454502
1578.726798
1743.752863
1578.680959
1814.310172
2283.173144
1787.817818
1693.027731
2357.133068
1553.705046
1699.119757
1617.494882
1362.554753
2186.289653
1818.409420
2550.290140
2584.825569
1960.068995
1910.581656
1737.117192
1904.372759
1603.041771
1611.374267
1462.868848
1704.041616
1538.736033
1460.464329
1596.623525
1752.974115
1532.298853
1547.034711
1674.430989
1683.913013
1810.786232
1854.098213
1766.467699
1871.498690
1503.981208
1977.191399
1984.470806
2148.650610
2443.372618
2348.003789
2065.532256
1688.941713
1973.286494
1968.957202
1795.818313
1787.630754
1645.200385
1622.670835
1461.073796
1386.264255
1360.744958
1919.602858
2021.677213
1769.203652
2290.808153
1555.377062
2295.308427
1553.796826
1928.346813
1731.253421
1467.874997
1644.849396
2328.799197
1612.976835
1815.692677
1748.585196
1656.026987
2416.958838
1962.635968
1963.729188
2395.203553
1662.413253
2104.937405
1291.584973
1797.895349
1738.345941
2516.049537
2412.232522
2165.715593
1755.758383
1698.478265
1639.625105
2045.107300
1749.242590
1733.985687
1809.652158
1685.620252
1528.298335
2195.047903
1437.211558
1564.205340
1808.244190
1433.798436
1845.097858
2321.807541
2136.662877
2390.797873
2208.234061
1346.255889
1673.509620
2280.734624
2024.701219
1715.101585
2525.051225
2636.114695
1880.059542
2141.586364
2144.921067
2583.794737
2476.291452
2217.250637
2673.580090
2581.943128
1895.921919
2562.633554
2223.040296
2003.737627
2227.450510
2313.502841
2237.069062
2592.641749
2591.530405
2449.012807
2494.694242
2421.123441
2317.706744
1937.366316
2326.155734
2508.742689
2417.627211
1809.890350
2053.138376
2219.978410
2774.385997
1954.692545
2155.360691
2010.720100
2477.111047
2491.415937
2129.847443
1872.073580
1889.734882
1947.508960
1501.972149
1409.521003
1393.091616
2183.581972
1369.715446
1513.659054
1342.687665
1647.126599
1832.447725
1751.601808
1699.212734
1803.730014
2140.290747
1914.950001
1681.340416
2753.979845
2520.865351
1518.557246
2028.793097
1611.183550
2745.671277
2428.460667
1460.175681
2244.148129
1773.980908
1532.565993
1623.855572
1592.235408
2315.276202
1942.689465
1831.991883
2774.235711
1998.552306
2261.886416
2152.265608
2117.401735
1382.408585
2008.921979
1462.799847
1929.967818
1606.751739
2232.461213
1396.126106
1618.625391
1631.314519
1693.732930
2295.067476
1518.992289
1857.518448
1885.685981
2020.972813
2557.457276
2871.417074
1955.880914
1909.243042
2667.783915
2557.254350
1885.246914
1797.427813
2150.504109
2898.957600
2482.306932
2692.135464
2015.144681
2205.119982
2556.923968
2684.809727
2278.105917
2693.331227
1776.422349
1915.434215
2335.579275
2346.700593
1967.912886
1821.649511
1967.449689
1601.609899
1873.943835
1788.741569
1975.921267
1911.480750
1911.743619
1902.279908
2092.328084
1892.287736
1896.487192
1915.561317
2027.250199
2509.793916
1563.743000
1708.860632
1616.204188
3105.591547
1903.005180
1940.033078
1860.643912
1867.272378
1583.809533
1122.363824
1125.195093
1128.407444
1162.740858
1683.893740
1493.527933
1702.247304
1888.097228
1900.966040
1532.939227
1685.708980
1561.933752
1719.732579
1847.037902
1613.379044
3005.617952
1643.197794
1031.338173
2435.076975
1583.913935
1547.635152
1795.682822
1205.440298
3220.646690
3067.371564
2696.473194
2781.067335
3368.267224
2917.161392
2651.831825
2885.635916
2720.200414
1927.204642
1983.617693
2782.646575
3358.174067
1681.826779
2035.589299
1696.860619
1685.725518
1686.016465
2036.068860
1700.711830
1695.094668
2168.946692
2215.568146
2140.049030
1604.924427
2028.881254
1646.792116
1613.123961
1639.464099
2488.836143
2117.900703
2496.345293
2564.244780
2264.667109
2214.523660
1947.362612
2080.938864
1863.596365
2133.196335
2031.370475
2260.478505
1982.399766
2274.749359
1219.464913
1296.776545
1600.558064
1626.713635
1186.390918
1247.632251
1514.570515
1643.671482
1218.222057
1523.987205
1564.037255
1601.005458
1318.104862
1936.315787
1642.025071
2526.560153
1629.464060
1715.704781
1907.410055
1997.590532
1876.235521
1340.200585
1607.347839
1438.366722
2036.817977
1708.525666
1716.969724
1692.950132
1738.712102
1766.351968
1643.638707
2124.379938
1963.993959
1697.582107
2309.665259
1620.219582
2331.892912
1674.262665
2306.481556
1845.895289
2286.992998
1962.351114
1863.509496
1889.605814
1778.788707
1858.731607
1766.615562
1631.177321
1719.982407
1919.521328
2006.386868
1764.708575
1868.250326
1823.605922
1965.489284
2637.008256
2544.351343
1913.309282
1451.745621
1983.957440
1681.450796
1772.786232
2131.000506
1666.469706
1758.633185
1776.193114
1784.118938
2024.095572
1942.360442
2144.163194
1817.655399
1976.402863
2060.791374
1916.667593
1987.127378
2426.725520
2034.088466
2065.918008
2081.439201
1995.779132
2115.117720
2293.876103
1958.063606
1635.861063
2506.558790
1765.601072
2460.282635
2528.679659
1865.139462
2019.687294
2042.057813
2372.326634
1943.666421
1975.133407
1739.008760
1909.193639
2292.951923
2048.007338
2241.151491
1797.029175
1933.443765
2194.711896
2109.195335
2290.571935
2607.329774
2231.727008
2645.556300
2538.758859
2153.752142
2429.562995
2700.698226
3185.004180
3136.446620
2260.533879
2341.233299
2246.000170
2560.120427
2666.869319
1714.492089
1387.411112
1318.740495
1274.006226
1176.108334
1302.763036
1658.648440
1093.205390
1208.681721
1128.217232
1502.894496
1292.440837
1483.847263
1164.432352
1350.731600
1316.309618
1267.803176
1434.968275
1356.357811
1128.491721
1333.962581
1399.657903
1513.543649
1500.997756
2209.964423
1348.444489
1382.285106
1416.985187
1723.168236
1682.378728
1554.474675
2136.478733
2222.440838
2326.961616
2065.190968
2095.080818
1427.807436
1461.956749
1458.023862
1294.674334
1476.208120
1176.739567
1472.788464
1273.766443
1661.344649
2357.061323
2266.677497
2374.172576
2053.017529
1586.495666
1772.555550
1665.863205
1627.365958
1669.315305
1129.067862
1910.923404
1937.169318
1997.068260
2070.193534
1433.777208
1393.229339
1515.991933
1338.647485
1774.068818
1419.411643
1447.040621
1473.372664
1337.018435
1705.575308
1879.077783
1469.769934
1871.797225
1351.254792
1947.868462
1794.457858
1957.263914
1861.463054
2246.198529
2192.587200
2080.296543
2301.964455
2225.234687
2344.703343
2161.902986
2357.741767
1845.469560
2319.959613
1587.010102
1499.243681
1174.055862
1525.106666
1714.066061
1679.974864
1433.833576
1630.420545
1371.649249
1229.683922
2102.852039
2417.180477
2044.081347
1747.090706
1567.550233
1820.175459
1794.707702
1832.361721
1470.911482
1612.006347
1552.255419
1723.934113
1735.275427
1370.444870
1737.434248
1929.264904
2009.091682
2155.770594
1722.383164
1870.564449
2026.977224
1915.216191
1801.846782
1780.246206
1806.340252
2516.446539
1747.937145
1856.286424
1954.643636
2045.716913
2192.223729
2174.756816
1922.747046
2202.989759
2015.620159
2072.829091
1483.553373
1571.878001
1434.161086
1285.126528
1546.021348
1559.019996
1260.605552
2448.977508
1600.424813
1948.900674
2450.900728
2445.923053
1280.999052
1423.921440
1240.973933
1324.996871
1503.316125
2279.915431
2803.695464
2428.379616
2774.347617
2788.998055
2417.946887
2007.499989
1938.765995
1785.239650
1799.748269
1978.036200
1869.677782
1915.269794
2321.778617
2459.621667
2306.370926
1924.395173
2354.717801
1984.558893
2279.457363
2138.956876
2801.826105
2406.770157
2429.626918
2843.168643
2116.283653
2178.020348
2518.000598
1923.333200
2120.483472
2049.108226
2081.015682
1933.131851
1809.452305
1873.670005
1932.125016
1950.955055
1814.716704
2164.331280
1706.097647
2368.333282
2133.351487
2097.735610
1810.724030
1698.514902
1755.415143
2084.309661
1828.400266
2173.126983
2054.036578
1953.954439
2562.237127
2006.295895
1966.285501
1882.048937
1893.548563
1857.916795
1931.178437
1760.501515
1567.479387
1570.038533
1980.753667
1816.213305
1737.061965
1590.818707
2246.018201
2279.114036
1639.004207
2656.742900
2689.720585
2361.501195
2195.159966
2089.023999
2408.485004
2504.657607
2212.431844
2330.666239
2345.802998
2694.876850
2712.931293
2724.064086
2613.104032
2866.271733
2538.072474
2576.727712
2796.194688
2640.646022
3024.493787
2784.123436
2668.576674
1396.501643
1615.247319
1463.939918
1455.212404
1647.990919
1618.940325
1584.836868
1809.411522
1451.092853
1595.505680
1575.995059
1768.614100
1570.023091
1307.853029
1354.666413
1548.809517
1625.545777
1966.412721
1608.024056
1457.327174
1470.464519
1908.826385
1871.166190
1615.454557
2275.130523
2355.545389
1758.312035
1895.313549
2344.725790
1973.364027
2110.258808
2110.640778
1499.473213
1330.412496
1712.175677
1341.759145
2044.286012
1411.865159
1811.450434
1625.061748
1564.049480
2019.860668
1937.700381
1574.855675
2511.404600
2585.680943
2618.836176
2603.990802
3108.259308
1676.296592
2190.502046
2588.706492
2627.419530
2450.576605
2693.519474
2445.102541
2042.809918
2453.253985
2125.329258
2074.091443
2281.239256
2230.397301
2528.865393
2296.786433
1587.151805
1699.117092
1538.900849
1666.889271
1838.101889
2025.711724
1652.496747
2073.309294
2293.962851
1606.616901
2049.637796
1525.238993
1486.887531
1570.200802
2059.696808
1962.297725
2019.037474
1868.157318
1692.006305
1789.445001
1443.592631
1564.266136
1814.623690
1519.816155
2386.486859
2839.919246
2178.083708
2124.222838
2043.783567
1942.034192
1667.790367
1569.059174
1722.429397
1524.490494
1434.804440
1905.627327
1461.729268
1627.004127
1534.868733
1693.936162
2305.508854
2045.271517
1861.100360
1777.830202
1581.931207
1569.121561
1418.245143
1474.525010
1483.464456
1634.385220
1739.280786
1762.517473
1639.282615
2023.749584
1636.358891
1613.399454
1569.060803
1450.865690
1718.987481
2295.940032
2017.382076
1624.654270
1469.177661
1396.991961
1738.026605
1256.562087
1543.566388
1541.123616
1213.623527
1362.229426
1664.628642
1488.087066
1343.920315
1171.867892
1627.773696
1372.522482
1372.651211
1453.775588
1117.106218
1129.758172
1341.167447
1078.096261
1376.519678
1702.413866
1843.956306
2161.419167
2116.191349
1495.739145
1499.679109
1453.633765
2259.646323
1915.048681
1855.483214
1890.028434
1439.782741
1569.486313
1898.326145
1467.956177
1622.317766
1784.476168
2129.152821
1686.257246
1681.642763
2035.189034
2701.561724
2361.001918
2479.940573
2389.188177
2101.962812
2272.073077
2078.686464
2487.325261
2262.078009
1696.421604
1680.898365
1623.598386
1933.007954
1783.308856
1761.123044
1736.264174
1715.445139
1661.777886
2596.026272
2542.536276
2588.163662
2771.940930
1676.989187
1546.683420
1033.573639
1336.912777
1375.639689
1657.626620
1929.366442
2089.207388
1509.604596
1234.209088
1303.985757
1692.554731
1804.645003
1915.069727
2103.945302
1826.816957
2145.289325
1860.504801
1971.912094
1854.205168
2151.148825
1880.223336
2024.025413
1994.348661
1818.763868
2216.293727
1999.921044
2149.812598
2069.746784
2383.951336
1791.547928
1541.781468
1818.729276
1621.246826
2079.840000
1726.450130
1591.147975
1869.388775
1981.966709
2041.421443
1759.776364
2348.887878
2471.337027
2152.930541
2463.668261
2550.187759
2548.128553
1884.076723
1923.603476
1896.637976
1721.810634
2556.999866
2610.339401
2766.230872
2611.205007
2661.594854
2558.002790
2429.192104
2451.789202
1713.069989
1664.680908
1833.955905
2076.591672
1858.634177
2005.424488
1846.887186
2072.805718
2456.988398
2174.134823
1415.867252
1548.648400
1413.654368
2182.965035
2193.033550
1689.222781
1288.063898
1614.696461
1576.446954
1943.947695
1991.541945
1907.030785
1902.592959
1783.061648
1843.966874
1822.314956
2190.294376
2366.857505
2760.203081
2434.898048
2372.909765
1425.509637
1092.426707
1265.311247
1427.947536
1560.740012
1419.527836
1424.436383
1523.405667
2064.935544
1976.487135
1846.655943
1795.587199
1796.312339
2897.733208
1577.728806
1592.491855
1760.900491
1757.684054
1657.939525
1915.416783
1705.811775
1215.662483
1176.879935
1211.214948
1685.584781
1727.623632
1589.818741
1476.903591
1772.932151
1204.097900
1590.642281
1108.723750
1319.928829
1576.589592
1462.174106
1944.652397
1404.486721
1253.745667
1401.354733
1569.911862
1982.699056
1524.389412
1419.590586
2130.791632
1565.985143
1498.201735
1317.965987
1699.219490
1510.340481
1546.491192
1623.845192
2183.128119
1363.892778
1675.116801
1410.287812
2065.170801
1248.407672
1208.760922
1336.230917
1181.311822
1581.219065
1565.043427
1654.031642
1506.021585
1526.019886
1100.560175
1304.909611
1403.079244
1086.258693
1356.724040
1336.724807
1414.860844
1837.174965
1041.270825
1324.024925
2019.698475
1874.511790
1660.585490
1293.211951
1488.990696
1818.187884
1327.857024
1177.843779
1094.175234
1462.719661
1365.429138
2085.417509
1961.321053
1994.560619
2022.913267
1772.183646
1944.657692
2467.967186
2542.423679
2351.638270
2794.223222
1953.227156
2046.315556
2104.879742
2472.799313
1413.211217
1246.188698
1391.798285
1221.948416
1699.751445
1338.844452
1858.804993
1693.040092
1415.157073
1759.800046
2134.057416
1714.209709
2316.146831
1956.473782
1984.889936
1718.330077
1679.077066
1427.935418
3473.256976
1672.671240
1152.282834
1118.952102
1162.932160
1445.634891
1810.719034
1590.091762
1896.075691
1039.598248
1224.378160
2967.716734
1445.137373
1454.367489
1491.584477
1546.267237
1906.673415
1787.885340
2007.226228
2083.986154
1406.365486
1303.272385
1441.234238
1977.443866
1779.793220
2031.019892
1772.590127
1605.354929
1593.351975
1832.727329
1744.899877
1669.171667
1836.260554
1890.456854
1900.516235
1289.475093
1714.827314
1348.543236
1188.421092
1327.802814
1328.735991
1221.829295
1424.050273
1630.120148
1573.148136
2091.121387
1864.800425
1172.698457
1253.621837
1795.722452
922.092476
1507.780811
1438.587229
1379.888947
1483.664643
1424.616118
1680.597785
1477.813721
1506.100022
1333.192855
1542.581705
1716.432908
1582.135776
1345.881181
1436.402700
2164.528653
1862.992307
1831.336549
1906.487005
1490.261909
1592.153151
1819.904196
1790.037141
2656.572901
1356.031817
1250.641890
1805.928601
1877.872373
1456.330572
2183.585626
1464.266875
2191.432195
1587.498201
1661.980471
1926.360997
1835.520509
1556.202751
1855.335974
1307.658161
1440.235085
2022.850833
1682.183242
1408.466296
1764.419902
1315.140717
1321.667225
1434.390799
1253.878590
1566.056001
1633.749358
1529.078639
1329.539612
1509.898505
1716.588988
1400.808570
1684.855955
1378.722782
1252.030848
1492.768483
1620.400373
1365.173223
1317.587535
1495.632540
1548.126512
1444.029412
1764.564362
1967.920854
1228.799774
1204.554750
1390.603220
1244.996490
1863.696193
1928.583026
2031.914634
1333.199237
1585.765548
1322.330790
1715.456605
1395.396701
1576.333035
1304.886594
1808.130975
1967.416800
1689.023480
1480.953870
1479.782778
1428.875073
1415.047987
1478.508247
1397.620730
1497.247739
2040.458735
1909.243699
2119.973939
1480.077250
1276.062322
1111.590163
1019.020243
1442.851922
1810.310466
1104.458354
1176.411476
1634.795195
1725.832633
1307.690931
1317.919016
1044.724086
1413.825669
1202.686934
1282.830015
1806.949020
1998.956096
1418.820121
1456.092062
1575.267349
1577.152789
1578.818503
1443.888725
1546.301051
1428.869015
1421.383609
1648.688994
1084.658365
1077.454245
1502.304163
1121.100444
1212.831956
1298.094087
1157.274726
1183.691676
1127.802649
1114.378896
1298.567468
1696.992972
1603.304913
1778.822883
1796.935981
2076.696006
1918.584383
1770.464115
2359.760329
2137.968811
1731.539191
2135.634268
2407.736582
1550.665227
1920.165466
1996.605417
1950.645970
1868.597363
2147.797822
1755.189066
1888.913384
2030.531461
2066.923343
1981.279948
2061.275053
2182.192198
1808.819115
1703.242085
1662.589119
1457.458120
1624.585589
1483.243801
1693.916837
1957.914206
1876.824574
1587.277850
1671.300858
1504.315707
1529.891148
1627.941654
1567.877357
1609.885488
1978.741062
1575.149066
1485.517156
1737.293000
1353.104577
1224.816841
1202.048564
1301.308397
1184.633349
1440.547531
1530.254723
1692.197249
1593.248792
1737.556291
1063.360852
1493.211613
1582.230723
1719.923374
1551.086725
1510.078367
1644.512256
1950.847468
1686.294560
1637.042198
1685.829736
1785.109174
1670.456686
2277.331205
2475.233875
1955.847966
1302.541783
2846.991385
932.029651
1306.421518
1260.255214
1352.033503
1861.025841
1384.224680
1490.378022
1765.512994
1007.919385
1045.007414
1473.320642
1365.759234
1476.247175
2596.406154
2716.803676
2615.566164
2716.192083
2745.452731
2756.485160
1293.081406
1245.532224
1301.578260
1178.002585
2206.189293
2235.097443
2167.569283
2194.840586
1825.034419
1852.328676
2321.278421
2502.857252
1995.903122
2373.812784
1518.015707
1172.640422
1569.438293
1846.647370
1667.774626
1645.818015
1593.428405
1814.147140
1800.185935
2539.049306
1779.068498
2060.661657
2024.891530
1716.347735
1585.946007
2187.661794
2220.998933
1879.106997
2133.640582
1331.333324
1326.602214
1617.356448
1966.322645
1463.134467
1623.686586
1386.515917
1652.928131
1462.664417
1963.585909
2372.295623
1452.921025
1363.247807
2219.937543
1477.135715
1743.461266
1561.647131
1478.807425
1612.546441
1595.268947
1498.186397
1548.562882
1497.320866
1849.243047
2208.600283
1377.679317
1769.437820
1803.301069
1858.302088
1515.115080
1566.800920
1497.761803
2347.901061
2172.863731
1987.449263
1931.086593
1935.831219
1355.973296
1304.525426
1588.173025
1258.035216
1475.904548
1298.822318
1469.587878
1423.856129
1647.241992
1738.920743
1081.371826
1669.275296
1885.527771
1549.511528
1866.222122
1727.080290
1476.811090
1762.258848
1771.655401
1461.177335
1905.536250
1503.467488
1491.743084
1595.948445
1503.628897
1282.429984
1389.435404
1386.167992
1515.915737
1492.394449
1510.826964
1974.174815
2035.297712
1953.206566
2136.095598
2009.748994
1607.474254
1656.427044
1570.193002
1725.394772
1044.393185
981.528180
1052.530274
1529.878196
1578.025089
2011.192590
1878.524074
1309.993953
1246.334617
1283.462992
1559.721686
1560.671016
1546.502046
2236.036505
1648.175419
1602.689683
2342.130161
2111.214327
2282.060269
2010.042060
2050.564726
1772.880194
1248.168046
1850.523213
1664.650594
1755.630311
1201.514914
1834.616025
1286.050232
1213.850265
1543.236098
1673.856853
1161.284039
1113.434813
1303.735737
1950.992338
1836.213934
2097.729695
2007.788287
2495.706604
1644.465307
1690.592365
1610.357069
1976.256046
2181.486664
1326.661463
1423.385072
1259.495040
1119.261362
1231.446602
2073.312703
1626.761481
2133.243209
2071.939074
2264.355351
1788.311958
1765.919330
2066.983892
1453.764462
1220.302500
1294.924383
1334.905285
1900.779323
1399.736547
1598.899577
1403.965009
1407.318492
1448.072308
1416.782418
1454.807935
1294.176844
1332.204709
1513.703986
1332.559525
1425.972527
1321.160940
1922.731194
1264.018256
1253.551472
2162.994742
2070.102517
1803.372321
1315.467457
1183.381364
1796.669155
1742.139819
1257.509303
1489.004761
1221.379456
1586.681781
1372.513075
1226.816011
1238.856058
1325.504081
1454.542726
1118.892057
1401.438056
1509.569699
1108.337353
1052.989969
1355.727220
1815.706039
1460.524304
1757.637413
1327.088801
1214.422431
1341.611128
1233.579862
1264.581044
1433.806482
1421.819793
1590.463738
1408.767527
1941.263355
1436.357509
1749.710099
1215.024249
1255.225814
1384.711223
1384.225729
1131.781274
1082.266050
1005.627484
1005.417897
1406.837819
1259.818583
1471.945862
1874.737012
2235.232545
1468.841914
1431.700761
1475.607157
1871.052882
1502.200935
1950.599444
1368.072896
1484.732001
1220.197366
1494.048598
1457.647621
1338.098312
1587.820959
1911.916948
1586.095277
1930.492041
1942.042599
1805.443401
1573.636778
1912.843783
1354.530612
1482.973473
1184.285251
1437.164629
1804.020240
1898.023538
2108.996586
2401.015732
2050.094695
1884.414705
2367.519252
1410.401099
1685.604008
1530.270978
1440.301958
1774.460283
1645.314503
1316.048791
1727.010084
1455.013065
1773.419147
1721.896919
2040.215523
1975.543105
1566.021082
1732.026593
1893.834973
1454.611935
1661.195765
1586.461301
1568.766831
1360.874758
1749.873920
1739.415787
1508.267777
1693.618556
1726.070689
1817.777112
1685.742747
1947.553543
1798.730847
1685.307138
1871.725880
1812.430546
1990.863245
1283.185881
1717.896523
1327.381614
1184.606334
1378.638082
1588.050623
1349.495597
1618.333468
1715.526533
1609.174142
1404.433733
1442.543926
1299.265615
1503.891981
1708.833373
1758.112381
1382.421904
1507.371401
1650.324895
1740.111573
1511.515269
1359.971568
1476.149311
1673.965535
1737.662191
2030.655724
1444.722995
1577.736848
1823.061524
2239.648305
2058.368704
1877.364039
1444.722255
1827.158127
1872.212600
1908.032204
1559.684510
1530.641625
1435.105305
1298.702048
1602.078067
1680.697858
1436.918995
1582.317382
1625.576315
1594.833255
1578.823742
2179.199081
1514.516240
1427.432314
1344.730904
1213.337529
1766.803633
1735.857301
1500.655012
1368.200146
1749.896738
1453.028091
1290.562548
1339.715131
1916.365226
2030.710960
2128.163549
1770.242993
1812.129703
1594.391429
1993.882499
2138.295030
1999.038758
2236.630104
2187.392189
2250.750431
2062.202289
2260.624502
2598.047573
2018.895073
1667.355420
2259.760282
2203.630637
1503.386796
1823.574887
1841.786389
2029.591054
1794.407585
2081.896444
1734.481448
1542.430002
2173.072706
1535.017231
1795.734050
1623.667927
2511.387480
1949.507160
2036.751590
1693.176597
1777.915137
1676.313728
1671.449226
1776.739132
2242.784636
1835.906590
2648.215672
2037.792465
2767.968252
3204.883227
3066.604582
3161.361909
1469.483568
1388.808961
1263.424820
1627.887708
1471.539858
1471.353117
2170.788836
2017.271836
2161.009222
2183.695842
2519.135666
2643.335628
1893.200364
2013.150867
1711.712387
1317.009596
1308.012179
1128.405216
1248.614185
1324.860315
1388.990389
1694.285560
1869.524909
1810.952250
1602.265333
1612.779229
1644.619542
1500.846719
1400.992107
1240.622285
1129.916409
1586.997802
1709.794683
1173.407298
1766.940323
1383.755138
1332.837537
1378.322277
2122.963123
1776.053850
3221.793010
1177.722305
1388.125425
1405.054603
1819.233396
1840.108762
1728.122272
1678.882257
1917.027759
1815.795716
2091.875940
1783.834736
2072.028608
1857.100986
1278.817737
1278.045333
1276.882830
1981.084523
1819.364028
2049.543888
1959.306070
2077.556681
1926.718991
2263.328764
1706.150182
2263.713758
1425.690829
1884.481875
1859.389663
1461.820783
2170.988118
1779.738634
1801.799902
1898.529722
1911.193746
1891.709937
2126.009834
2091.097770
2379.994079
1624.065128
1737.635468
1897.910323
1771.332407
2445.488764
2015.222641
2040.457046
2139.939562
2306.162495
1633.605999
1782.563308
1741.005688
1553.783473
1349.238139
1488.590807
1434.442353
1788.762910
1939.310926
2063.327423
1911.823194
1677.925141
1971.876197
2135.325625
2070.375021
1958.835557
2018.935659
1728.496054
1679.020516
1805.107823
1566.024718
1810.886857
1611.812519
1786.223314
1729.123709
1725.790615
2290.164031
1950.139729
1555.436227
1566.264177
1524.301644
1782.740130
1949.831033
1796.170449
1953.721742
1761.730695
1747.012770
1629.089540
2283.295314
2030.935455
1729.119208
1878.510508
1534.238385
1591.264306
2034.072061
1895.866250
1943.352229
2082.956416
1709.132623
1870.962818
1650.099277
1519.825119
1587.365704
2291.584463
2229.692218
1754.798190
1622.670015
1910.463408
1848.288243
2018.446290
1983.421910
2007.686585
2055.074366
1952.597145
1938.356638
1759.676011
1637.538486
2028.966117
1741.744414
1999.393046
1542.560415
1900.188885
1937.261924
1991.398083
2116.407802
1643.526373
2717.943982
2415.681732
3134.961626
2215.618045
2246.565341
2682.605119
1524.078725
1625.318403
1901.089208
1668.971270
1523.761551
1565.128229
1494.902528
1631.104624
2417.928692
1521.220054
1764.782036
1707.461104
2396.585828
1701.822241
1875.273393
1929.721490
1789.270089
2065.554508
1570.699850
2131.673702
2501.336656
1251.069892
1308.901335
1016.532668
1361.838479
1252.163282
1451.562766
1594.025877
2444.879290
2461.050255
3062.894795
2861.557534
2738.708011
2618.242585
2618.938089
2862.216316
2879.431438
2648.988270
2731.689330
2610.960737
2630.068693
1116.642486
2421.920587
1259.220172
2461.750052
1692.616505
1722.628318
1372.394747
2043.764781
2172.233540
2032.451483
2039.961064
2033.044633
2364.399054
2283.689903
2073.631567
2088.712310
2617.250838
2479.551291
2662.922269
1954.658581
2287.666268
2148.194592
2653.633363
2582.858010
2000.401432
2547.429425
1942.771186
2016.500193
2211.598433
2233.483619
2039.007496
2099.219293
2293.205462
3143.941250
1873.123708
1769.555214
1720.760490
1124.336890
1124.153250
1633.559636
1117.098528
1049.256047
1125.711509
1895.775031
2237.480622
1477.382783
1553.527058
1350.577406
1304.216941
1555.385972
1399.871185
967.048808
1485.309421
1000.527569
1480.687031
972.780541
1436.763233
1440.758751
1759.879362
1411.498434
1375.097154
1762.725755
2230.653008
2287.549425
2134.421777
2406.165275
2335.569607
2770.865916
3572.821819
2926.377014
3318.282059
3216.600810
2918.798146
3096.708613
3085.625228
2709.536649
1340.732540
1298.370619
1465.406843
1806.185655
1786.586734
2155.069855
1785.886037
2094.188880
1880.327519
2497.243590
2717.219328
1605.603984
2040.390325
1777.261850
1740.386195
2053.171411
2114.207774
1834.853675
2091.058543
2198.636903
2104.894166
2046.076312
2110.456435
1919.332772
1503.767581
1634.733500
2014.964588
1954.483694
1385.150657
1404.248778
2024.082516
1260.309397
1398.921336
1684.703618
1391.777758
1544.549014
1703.981084
1610.192080
1635.752221
2478.403358
1987.742040
1818.852760
2366.117401
1622.046430
1776.015901
1406.006284
1260.042194
1216.147895
1365.838497
1351.982108
1834.881451
1435.722924
1428.880680
1078.998953
1085.201631
1317.630206
1321.581276
1002.731330
1395.840018
1064.669119
1864.850238
1499.250403
1367.640384
1545.813674
1726.294222
1054.119591
1263.020023
2090.270663
2247.388863
1869.265778
1921.044971
2043.719792
1713.367508
1608.358835
1571.676935
1385.849777
1338.220150
1369.683823
1555.843639
1134.274485
1178.304199
1264.316378
1689.110233
1265.331325
1703.779395
1249.783353
1300.362211
1842.054750
1637.438712
1388.611074
1434.993696
1730.278162
1299.384027
1355.081592
1873.476038
1335.477518
1386.157712
1788.499562
2088.990231
1646.785143
1296.511014
1297.440732
1830.522530
1403.781250
1332.270166
1295.030431
1339.105651
1666.399978
2031.203883
1245.086128
1799.714426
1506.834987
1702.928629
1380.411286
2133.840967
1482.742709
1246.081106
1244.861058
1452.981911
1814.325768
1726.440111
1382.943485
2000.865469
1678.534510
1383.335869
1450.734062
1349.120112
1552.346585
1638.623312
1582.579845
1431.256867
1303.218232
1683.341561
1215.711093
1448.185499
1579.704651
1570.485899
1580.441627
1312.914246
1586.221232
1626.137570
1701.531564
1738.018163
1585.186355
1672.586600
1393.731115
1665.555833
1720.225277
2130.018537
1754.049830
2139.561008
2068.268444
2062.880438
2326.593692
2334.502534
1865.831448
2141.496736
1830.212728
2549.691199
2200.525226
2174.250121
1994.527683
1845.728656
2513.187200
2568.248050
2116.413080
2538.031190
2256.999189
2429.183430
2273.065614
2691.625939
1614.409384
2160.169250
2086.553562
1766.844874
2339.097159
1847.249343
1808.908127
2331.354561
2917.749424
3022.700230
2363.550452
2452.174358
2460.644488
2274.516150
2184.191663
2361.594723
2348.738867
2480.679460
1203.961494
1390.010323
1330.762262
1423.135167
1336.720356
1461.890565
1256.587881
1378.087223
1498.702703
1502.602765
1556.747980
1257.317923
1300.757638
1700.750757
1982.005542
1183.193807
1080.665391
1366.208586
1130.391419
1360.782462
1292.375691
1255.807110
1684.282368
1540.547667
1942.997735
2024.184587
1570.701412
1515.161755
1424.385686
1634.145841
1646.845028
1894.622161
1689.203521
1243.783041
1868.286802
1248.601998
1321.686912
1898.550990
2592.672802
1473.988173
1434.414425
1693.002685
1819.034814
2205.207253
2002.531096
1904.908517
1816.735903
1743.783295
1652.633556
1533.940598
1466.777487
1430.560149
1315.110975
1464.393483
1348.119702
1354.054083
1226.200180
1783.181084
1363.627919
1916.259704
1941.011404
2590.290127
1945.221607
1890.115223
2239.397302
1448.403772
1966.000301
1554.555678
1771.184865
2025.293509
1877.189027
1598.105921
1840.257026
1664.808820
1360.038507
1725.954606
1307.071678
1670.700107
3622.779299
2926.357026
2893.224847
2872.027756
3090.274434
3135.861469
3110.483913
3248.860175
3059.618787
3157.508348
2650.725181
2168.969571
2258.889597
2472.961742
2368.203266
2440.965742
2353.030984
2549.705455
3222.852891
3042.797746
2773.350617
2124.248867
2169.439830
2310.245659
2280.992350
1747.686185
1705.259643
1086.378960
1251.030201
1619.329330
1569.310482
1582.316786
1496.313543
1848.496029
2137.450674
2065.257757
1525.102467
1861.964148
1976.297184
1541.166991
1513.678467
1856.627354
2048.862335
1509.181195
2977.665891
4058.877455
3828.956895
3873.128525
4060.507817
3844.959730
3178.543100
3273.463916
3748.778898
3896.036303
3676.605983
3805.980019
3835.858343
2128.941959
2385.762747
2271.899986
1894.129456
2574.467962
1985.652193
2489.831476
1116.113185
1595.941540
1848.714214
1299.263522
1687.188223
1616.778119
1575.720131
1845.104505
1217.495441
1306.652033
1640.582699
1692.383531
1564.949625
1663.825935
1458.687257
1799.588378
1772.592513
1765.923334
1647.335893
1595.626859
2184.525046
1278.594162
1415.997757
1509.257177
2300.293888
1879.321370
2080.302875
1718.791904
939.654082
1773.132132
1270.902536
2451.248654
2687.862996
1245.364589
1436.230886
1292.094724
1092.200173
1337.864879
1533.658396
2001.527013
1366.010932
1539.297339
1710.190343
1804.137157
1697.404729
1885.072557
2063.188239
1316.525654
1891.437414
1848.744825
1249.444835
1253.888957
1238.733041
1496.976975
1698.734537
1125.665082
1296.292334
1408.237711
1297.886443
1638.109887
1919.176308
1663.582122
1525.524538
1744.763064
1648.941348
1426.928387
1646.701509
1701.763416
1747.456258
1650.144326
1707.566681
1791.135289
1726.802826
1463.975666
1550.935266
1673.393498
1926.316468
1772.860012
1424.181921
1620.748823
1956.363029
1783.905149
1765.592235
949.254126
1168.508885
1219.765008
1586.794639
1564.002075
1179.692519
1126.300880
1307.948055
1751.374026
1701.160399
1561.700537
1483.158643
1523.145608
1393.125400
1465.618988
2117.788695
2172.659059
1840.462761
2069.796372
1129.536434
1169.667948
1595.861983
1071.577934
1467.102629
1229.866177
1637.955868
1508.985922
1311.920146
1528.583181
1956.135675
1818.329757
1619.034544
1787.924322
1611.097751
1888.732499
1425.170618
1775.321326
1469.096200
1948.994215
1552.087992
1670.584021
1759.518580
2210.224146
2028.584853
2151.717191
1871.571140
1809.192079
1462.964146
1759.568808
1682.282047
1863.071748
1823.203429
1731.828410
1587.738684
1570.444091
1629.055998
1747.024419
1390.371195
1691.301450
1307.690454
1277.803350
1474.725937
1812.983136
1471.595694
1575.154670
1809.992435
1569.441695
1481.486461
1468.127535
1524.161305
1524.144502
1110.473496
1384.677819
1109.474400
1178.735698
1351.375640
1419.520315
1493.257181
1875.588241
1414.348678
1259.943836
1454.004857
1402.424633
1530.322784
1247.645805
1303.853432
1117.962637
2193.335386
2051.932661
1549.826798
2002.272573
1545.324100
1719.667774
2250.645699
1872.524017
1378.054170
1659.781714
2603.833435
3266.240230
3183.612676
3043.944491
3023.536393
2422.636950
2581.557864
2130.548539
2218.716776
2026.936869
1451.340694
1472.335988
1544.490826
1462.802918
1285.674913
1380.656374
1759.296597
1333.897294
1705.684369
1855.959063
1404.635885
1347.389456
1381.138609
1429.890679
1683.735217
1592.711698
1314.529086
1267.491618
1641.993205
1529.059526
1554.062594
1317.274094
1749.086088
1862.008635
1282.936396
1221.281140
1104.665829
992.966485
1070.875855
1369.276820
1078.502936
1295.214597
1433.594877
1215.462084
1781.223463
1275.902189
1553.255271
1890.516546
1441.204304
1437.767881
1314.000012
1526.931952
1761.728263
1703.610308
1209.255685
1374.821866
1447.253637
1929.426073
1844.608230
2119.908924
1918.353066
1626.695265
1485.079863
998.835510
968.431815
1413.689606
1572.027503
1251.505619
1633.849624
1530.839929
1612.761405
1252.821645
1564.039122
1484.382333
1662.729589
1960.281007
1623.680032
1642.706093
1731.707098
1313.168648
1538.081803
1377.385787
1343.243435
1336.085119
1495.458441
1494.557731
1558.961291
1543.260946
1394.358790
1651.159587
1674.880382
1250.485173
1250.475289
1126.618711
1079.121338
1403.508508
1287.806789
1307.078699
1850.276937
1588.185154
1800.779998
2235.435461
1404.771554
1345.065062
1212.507406
1242.415963
1849.445361
1339.868753
1731.133418
1250.684007
1535.448216
1302.617505
1645.982104
1293.391395
1179.550793
1619.411297
1448.128029
1489.622124
2029.232841
1882.072999
1722.745438
1705.148741
1882.396009
1744.780913
1790.515280
1952.366163
1982.582047
1560.433338
1974.382275
1537.925761
1980.704222
2234.758984
2158.701808
1925.075514
1860.338595
2018.542775
1745.627578
1337.043708
2541.071055
1325.211079
1323.754291
1570.177327
1492.787606
1479.072950
1479.742551
1391.667011
1464.497720
1719.475123
1559.340199
1589.333104
1474.472225
1573.774909
1477.099551
1476.183791
1194.126354
1260.727492
1601.599058
1877.199943
1592.403805
1903.263162
1439.837087
2236.568178
1513.617953
1735.503077
1625.588524
1489.746163
1564.550508
1533.406199
1611.609481
1576.170286
1584.823209
1632.483264
1286.004598
1343.712899
1338.291225
1330.771517
1252.371539
1176.316126
1303.154111
1873.209171
1559.133125
1784.883657
1573.172062
1167.888099
1389.635050
1947.604003
1083.403519
1401.483965
1543.551180
1240.174708
1314.729184
1873.815448
1452.953873
1178.824499
1338.527792
1297.860018
1632.666520
1212.072663
1277.610218
1407.416590
1176.241923
1254.296515
1591.648748
1690.759387
1714.804773
2101.115668
1277.391620
1557.419947
1389.422846
1597.756302
1423.106151
1632.724194
1525.722413
1602.452944
1705.505021
1978.134423
1845.080992
1608.278673
1782.993727
1456.474957
1649.040971
1298.420389
1627.270526
1369.612903
1359.806108
1609.934556
1596.712279
1711.822965
2300.814887
2544.241884
2154.331019
1605.486723
1691.469561
1255.712246
1343.332534
1625.534347
1299.434336
1815.144589
1414.757627
1531.743205
2279.262281
1670.831127
1678.198525
1752.147047
2489.406804
1437.643430
1165.001645
1333.619372
1502.700517
1846.133235
2321.903731
1758.917559
1748.330534
1742.297288
1222.226035
1214.921044
1305.787705
1732.258226
1679.445838
1224.326282
1258.417595
1494.943898
1555.882735
1639.270855
1793.091062
1700.826457
2100.492315
2173.818126
2192.139645
1838.392859
2403.889464
2231.220899
1747.741848
1868.840834
2213.826784
1522.258864
1449.173858
1454.404307
1173.982069
1241.625529
1514.366524
1483.611594
1681.586146
1441.996569
1365.995201
1380.000613
1452.705118
1365.717848
1201.408545
841.051611
1819.945833
1785.882480
1482.520720
1355.824174
1730.032826
2128.754764
1793.470957
1300.494336
1290.206962
1711.822335
1090.473377
1248.954101
1785.927212
3297.182401
1057.114799
1111.721490
1349.162329
931.161973
1483.400466
1458.658257
981.586941
1118.181040
2240.407413
1761.565474
1420.147073
3628.736436
3464.766072
3628.344233
4739.931529
1890.329150
2045.885210
1974.222216
1988.685060
2246.610700
1900.875905
1711.270890
1990.989357
1670.811838
1611.417458
1923.027920
1887.371686
1537.625520
1816.624785
1626.629896
1746.363464
1539.597548
1246.121049
1897.246715
1591.494458
1413.518862
1179.146159
1682.804829
1719.740631
1358.300839
1550.764112
1930.876027
2181.143509
1284.794347
1319.364718
1133.337673
1187.338750
1323.968072
1371.848858
1934.286209
1765.926565
1430.387520
1875.261879
1795.678392
1778.539269
1219.697185
1007.433266
962.275992
1672.134579
1510.456124
1457.729640
2024.262900
1464.340541
1543.792128
1737.241304
1556.674752
1678.507553
1427.442024
1177.714032
1542.473117
1043.357045
2358.492300
1450.207739
1475.236010
1360.402082
1715.423809
1188.546483
1322.840453
1735.881425
1044.354594
1084.199537
1169.494446
1723.415120
1267.438156
2330.042517
1634.739080
2216.355742
1172.210751
1520.966132
1370.456076
1098.440022
1050.732315
1401.396530
1454.562953
1557.017862
1224.573217
1373.313130
1409.106016
1649.586474
1263.808794
1485.848191
1387.837463
1429.924950
1428.322848
1497.553037
1480.940509
1387.663112
1661.319198
1341.739628
1511.433004
1299.798876
1180.007961
1879.793209
1873.936723
2164.606797
1664.208635
1372.974701
1423.748798
1221.239350
1396.560255
1637.360276
1497.642043
1650.419927
1207.460109
1372.829425
1948.448268
1053.570907
1046.276281
1109.528534
1251.980826
1293.632442
1479.377093
1178.180973
1412.280175
1241.443685
1242.297172
1307.449298
1264.100092
1439.052232
1245.990859
1712.310497
1762.322579
1577.270406
1658.669726
1851.656415
2343.595712
1759.108372
2245.880886
1770.159492
1635.474641
1496.413357
1775.262211
1430.182986
1329.416245
1427.644802
1870.396691
1422.164804
1766.768472
1409.914728
2187.226246
1785.123524
1606.920208
1592.112171
1868.408319
1632.957433
1625.715998
2040.487951
1745.884171
1603.955106
1636.042150
1569.292571
1844.282005
1728.242205
1621.476709
1626.840543
1704.093685
1908.068535
1616.690687
1405.116661
1593.618048
1545.951847
1408.124111
1435.344322
1454.846779
1726.563595
1362.321733
1610.433908
1227.103020
1639.488631
1650.235748
1765.638289
2225.692096
2250.864970
1611.451187
1668.132790
2011.571812
2182.873621
1357.320311
1352.269498
1721.717347
1591.284018
1524.915123
1710.640512
1442.578295
1715.703267
1654.394238
2236.650677
1617.541319
1927.767669
1610.834804
1477.776004
1687.246703
1849.085836
1537.462148
1710.945693
1818.316705
2155.238341
2016.649180
1485.410177
1524.341179
2312.495758
1680.402568
1502.751624
2079.067117
1663.191707
1543.943351
1411.173145
1510.459849
1399.365117
1728.020098
1505.254475
1789.036230
1877.793429
1848.264003
1488.226540
1503.538355
1667.360252
1538.923667
1682.927229
1392.415015
1730.923575
1984.483854
1699.572973
1617.708078
1708.771834
2160.083750
1928.471991
1398.036531
1269.708962
1746.047489
1362.186440
1985.903407
1519.230634
1499.593982
1593.867319
2088.466069
1867.690257
1873.685996
1890.991353
1749.857317
1779.770977
1413.982813
1661.076965
2070.480475
1516.653021
1539.430648
1509.055619
1440.983633
1368.698982
1535.693213
1516.481572
1923.253714
1466.534625
1694.008995
1460.583614
1260.786848
1980.936389
1727.901474
1807.308035
1709.645787
1710.347100
1612.799430
2364.601572
1713.005706
1346.349306
1472.178452
1452.851245
2050.735435
1459.625426
1418.020844
1206.274391
2145.891386
2518.852936
1972.307438
1780.297189
1807.469770
2132.629508
1736.823028
1835.131756
1840.295954
1715.667187
1595.666489
1215.858661
1519.191002
1579.901124
1800.021648
1912.726640
1613.009010
1367.905369
1707.832878
2384.610333
2352.957370
2252.857625
2917.046290
2021.940043
1634.039178
2054.630103
1950.588735
1744.144414
1610.083382
1313.853116
1562.044927
1130.564293
996.111400
1370.435356
1128.831104
1360.169689
1470.925907
1912.116138
1184.172004
1443.322987
2005.019606
2020.717378
1183.686517
1349.318231
1399.394841
1394.062282
1265.571632
1906.285695
1055.719730
1348.940354
2646.928145
2978.864612
2365.999643
2229.334774
1385.839788
1391.054148
1350.594671
1391.614060
1011.979236
1119.318401
1595.126427
1613.093441
1547.794521
1656.869967
1874.758430
1702.490943
1510.793773
1656.015939
1501.402235
1595.591598
1628.377125
1809.586083
1535.346251
1508.060547
1611.456443
1510.591418
1504.689683
1837.059023
1336.172021
1769.865582
1685.400685
1428.382841
1484.704092
1503.054193
1296.935387
1808.843564
1971.817723
1644.330362
1493.302806
1743.571517
2030.394668
1844.855784
1852.854123
1642.421857
1285.497434
1894.741751
1972.851452
1411.384142
1450.969473
1284.733540
1681.014355
1520.237869
1574.020904
1150.680617
1446.001748
1246.637962
1273.167726
1428.982992
1231.419910
1579.601984
1251.697452
1911.264086
1148.487228
1593.048252
1442.004987
1362.885014
1869.998732
1691.277085
1785.895367
1623.322006
1531.406564
1565.763518
1477.261515
1167.573476
1630.661835
1251.334873
1243.618035
1682.406374
1774.996816
1316.758763
1378.311454
1291.428206
1855.565384
1758.216492
1422.963655
1340.937291
1421.965415
1424.330547
1278.319128
1287.793083
1214.802671
1351.113750
1985.141402
1345.784003
2017.353344
1521.764242
1431.257108
1727.707708
1425.283588
1262.132853
1679.662504
1412.808427
1344.539769
1606.157549
1925.431680
1505.493452
1627.346978
1823.947976
1429.925557
1469.485168
1467.559637
1397.545389
1264.312318
1316.197958
1646.269168
1382.910468
1360.658170
1718.952796
1500.946258
1465.875242
1405.258999
1334.250903
1573.560593
1285.707362
1413.337450
1554.531682
1473.905796
1719.235501
1585.689696
1367.121629
1472.080702
1359.983478
1493.489273
1497.436529
1609.618947
1567.616170
1785.763316
1488.405806
1585.058001
1589.618079
1330.652630
1313.693462
1228.420946
1167.468999
1488.719420
1310.805968
1433.211492
1221.881522
1676.693689
1480.955683
1340.513743
1357.592644
1583.384801
1334.736309
1374.299993
1664.250027
1500.880621
1800.803964
1258.943533
1696.698344
1608.475165
1499.248393
1302.402573
1347.001225
1272.264394
1382.340181
1212.248348
1123.709743
1485.992007
1254.361920
1541.185903
1900.177005
1623.216250
1689.731384
1148.953435
1102.493703
1178.680483
1388.133949
1383.585739
2071.715167
2060.539286
1477.428080
2626.386816
1333.334044
1489.797573
1453.644147
1728.610751
1626.612005
1910.670482
1525.272044
1351.430517
1310.588387
1463.747955
1396.745336
1310.201772
1723.914602
1487.187085
1693.255378
1784.733931
1263.929371
1207.181123
2980.999051
2311.336550
2304.660254
1138.111485
1765.989660
1903.755942
1880.494978
1868.179919
1663.356705
1634.411689
2034.833114
2104.178222
2135.425625
2276.445964
1610.592138
1602.450249
1642.849962
1756.724167
1166.955082
1122.956076
2052.077870
1841.342014
2346.245475
2219.996762
2120.317030
1917.236438
1440.588065
957.959954
1385.439583
1577.880479
1771.236215
1396.077053
1567.256359
1476.020595
1428.138470
1567.678991
1106.487482
961.446055
1871.637150
1480.642647
1585.996175
1774.524670
1442.872389
1766.691558
1606.688925
1458.368321
1452.704518
1695.832168
2164.843900
1875.275419
2247.313135
2201.741803
1752.841402
2019.350615
1657.531070
1524.679069
1695.343627
2095.984938
1519.854508
1723.887330
1806.007204
1794.379247
1119.547779
1684.939494
2414.879865
2705.682308
2325.772242
2741.264508
2449.546704
2260.510525
2086.461243
2237.719482
1952.688405
2381.041851
1919.736490
2158.693479
1682.628454
2128.922527
2103.886852
2549.534082
2777.340099
1641.277566
1553.403548
2197.855651
2110.851708
2334.281611
2768.909772
2181.051838
2196.717502
2566.717781
2810.776324
2693.706487
2380.562077
2794.680573
2490.680828
2333.112559
2110.357604
1936.459488
2071.468950
1801.615130
1890.129804
2341.980553
2395.896461
2424.245549
2021.616634
1921.237021
1988.145046
2419.521530
1978.245440
1745.262937
1834.144239
1773.331574
2165.408035
2252.965041
2288.131978
1738.995525
1599.010322
1849.555266
1839.094179
1644.432249
2179.593456
2302.101447
2339.671977
2652.922245
2247.525583
1483.705243
1777.640590
1774.939663
1617.987255
1700.744148
1939.578145
1614.804480
1766.385698
1791.466494
1802.402647
1742.426468
1577.003172
1294.712275
1435.612976
1468.887065
1377.163969
1552.620307
1380.989326
1415.621490
1829.190173
1544.438815
1626.306244
1777.327696
1468.750772
1328.282542
2138.288301
2454.839670
1684.020262
1486.945601
1617.061676
1473.120870
1478.764092
1525.382297
2549.414105
2549.040679
1757.005123
2449.724517
1748.458960
2111.862382
2046.524787
1649.626168
1789.563329
1965.780503
1439.487494
1483.802073
1615.184138
1450.695220
1671.215307
1684.524688
1688.758260
1761.398038
1909.812286
2186.737517
1852.697836
1695.828608
2443.019190
1803.851459
1902.040706
2377.240950
1784.524456
1781.339691
1464.345676
1496.955048
1634.636520
1647.088874
1754.005426
1770.778582
1902.960745
1880.440547
1692.451750
1705.898560
1941.259595
2328.757693
2210.806611
1569.250026
2206.488956
1977.893286
1890.704258
1667.280683
1702.426031
2020.208035
1896.369933
1925.361254
3557.976517
3416.752784
1524.436733
1500.982955
1750.354741
1669.608948
1135.819543
1262.196748
1293.359931
1252.387945
1348.283159
1223.617871
1264.319811
1129.747592
1169.476504
1254.026166
1583.183601
1569.149407
1369.991016
1873.468885
2174.124401
2384.522746
2365.460160
2379.444988
2146.509463
2138.740174
1207.886537
1358.614838
2376.718398
1755.748386
2078.800359
1531.977390
1675.101121
1896.904988
1929.887647
888.531654
1364.994657
938.768508
847.527503
1168.826860
1284.008741
925.129380
1699.101939
1628.908032
1686.665044
1447.120425
1260.830404
1416.280411
1508.796014
1604.450154
1372.063571
1204.027344
1367.396868
1375.646579
1580.726914
1790.817067
1602.391853
1509.863760
1645.571622
1442.256901
1465.285083
1758.923346
1702.901550
1350.368250
1207.245106
1062.921743
1339.002691
1075.784021
1315.615296
2360.609371
1667.719345
1449.347001
1621.072245
1559.523686
1880.301529
1405.344971
1350.081451
1451.310252
1487.692646
1318.015119
1713.196841
1451.501894
1372.084813
1804.730617
1370.637373
1847.486847
1285.633646
1331.360025
1176.732459
1904.766095
1509.494282
1876.160644
1340.824074
1342.625226
1337.041491
1519.337399
1466.413338
1814.082817
1351.467908
1638.681745
1593.528039
1717.371642
1503.345697
1749.971428
1699.625031
1505.059833
968.498432
1306.307825
1655.210221
1662.742880
1940.568579
1057.159699
1246.881812
1159.500800
1345.023805
1396.522598
1716.218388
1257.379486
1344.455619
1348.001334
1442.165518
2150.676170
2117.028482
2150.298178
5318.151713
3783.102318
3783.058279
3711.986704
3537.204259
3486.285678
3557.476058
2341.984564
2350.574219
2226.921528
1849.175637
1371.373071
1452.441122
2005.944756
1901.727117
2452.492461
2371.080800
1571.643381
1562.375289
1597.999685
1831.791788
2234.681129
2220.456820
2129.662533
2126.675615
1968.895858
1962.382106
1602.234415
1542.620133
2276.083051
1562.227958
1248.718775
1252.419038
1595.680806
2306.667858
1675.898422
2351.220120
2098.640374
2089.950830
1639.530903
2256.456149
1815.076276
1293.336235
1607.346779
1357.021841
1505.751284
1750.101855
1420.202651
1809.308317
1806.312783
1334.992929
1659.913420
1727.555872
1416.505022
1878.239837
2125.841586
2318.461859
1760.505862
1467.203849
1420.862555
1767.290102
1429.649200
1393.446837
1597.885491
1484.590163
1428.036181
1405.792917
1537.973235
1258.890307
2084.271312
1665.313126
1623.781899
1749.677337
1473.527669
1530.993906
2019.225919
2027.785422
1251.333118
1292.816048
1588.205156
1676.231047
1855.461433
1433.520784
1485.976188
1561.439460
1368.296453
1429.502214
1751.773388
1539.330443
1263.246214
1678.516127
2478.000029
1395.336132
2025.745269
1387.220606
1131.286739
1098.254677
2249.920016
1352.048757
1142.822642
1472.589007
1293.857596
1452.754915
2030.795701
2194.598813
2017.834843
2222.596680
1352.350301
1304.910963
1425.714416
1288.788039
1637.204093
1999.379640
1984.470800
1471.690428
1906.724810
1461.325474
1980.021967
1116.259878
1242.498259
1218.698017
1409.627550
1463.924061
1246.214656
2215.265509
2021.113420
1772.598206
1616.961930
1324.370652
1447.210630
1985.763557
1365.171825
1363.659381
1479.744877
1438.162999
1344.317597
1699.881548
1688.262058
1454.784357
1367.426821
1686.522197
1360.005928
1457.585288
1081.171509
1396.299580
1326.818056
2032.721301
1256.400488
2036.761246
1464.285766
1506.884372
1347.790976
1805.608023
1267.494823
1309.267679
1442.375601
1387.551134
1570.627291
1662.195079
1632.863250
1873.700403
1843.828913
1460.452385
1038.570030
1844.341707
1836.085553
1836.168252
1871.413095
5448.073025
1898.182025
