6531.532577
6543.874643
6506.748819
6518.648001
6516.948825
6567.319863
6551.006332
6544.179371
6509.031330
6569.382122
6585.558150
6538.197838
6534.979909
6518.433817
6546.003903
6533.545373
6566.776177
6606.620994
6520.024330
6548.491431
6536.042649
6509.383116
6521.551529
6521.448626
6532.258122
6562.432057
6508.305489
6508.448660
6521.976922
6534.203866
6538.112958
6534.895323
6551.572549
6530.903498
6548.539708
6508.064815
6523.980903
6536.974299
6542.402216
6517.383746
6551.888003
6519.660982
6521.528201
6520.496636
6496.607529
