367.988730
299.938313
370.572192
587.682190
501.363410
471.995611
462.716810
503.931333
545.060325
506.897034
515.703198
760.015480
524.369858
747.146080
552.387448
683.601463
682.051164
688.744269
352.513018
558.390145
693.717204
697.796164
744.035554
609.086320
463.255001
530.190784
559.444491
432.299942
353.043077
369.031049
509.169953
442.190817
434.740791
515.470891
544.569210
684.750948
712.289706
634.138677
462.731695
588.977341
534.536888
507.285514
568.583286
501.893418
674.322587
349.019907
643.154518
621.373966
583.685559
756.984433
384.449636
454.307919
632.003603
473.617356
656.447152
477.476647
639.787744
432.570933
663.823091
935.730115
635.945400
702.736088
641.076464
663.363323
696.591668
487.437128
543.185611
584.907633
857.806540
902.623489
1123.345350
579.270025
502.670106
576.922813
735.029661
367.164689
748.535960
346.904473
621.279327
493.861505
346.713707
516.350922
716.238637
643.274763
745.096437
466.086984
570.504088
847.607263
753.993356
778.597875
672.839205
626.948009
492.306036
647.449556
536.766355
384.557944
608.868975
564.240779
429.926944
688.501225
263.692276
837.895115
711.789502
589.101168
816.092466
719.617497
831.860513
816.091308
768.684921
805.374137
557.170227
649.600814
510.820829
803.512274
555.791231
479.977141
464.885554
410.705105
368.613671
601.061352
518.549352
493.111208
370.429176
462.607781
1071.110923
909.391651
682.103707
521.234608
592.731488
653.357283
348.110031
672.063493
610.714062
557.343531
674.109969
619.578167
453.317509
576.304058
655.087913
339.920350
373.730151
464.808447
474.232301
354.242915
605.106115
527.486380
367.100792
384.033745
483.475678
679.212695
588.239776
913.423790
433.974393
469.676308
757.286337
591.953455
450.362743
516.495540
540.054924
475.048108
638.023330
478.729205
538.093140
345.562545
715.930127
469.622209
415.286846
415.413047
455.472237
452.343504
461.969025
487.587074
507.143316
538.492774
528.731174
390.707973
487.948788
432.227336
469.941696
458.509954
433.418805
485.988575
519.846736
485.718893
414.125078
579.289489
459.274476
431.355545
425.300935
358.954711
515.391138
398.861362
496.754289
330.806230
279.001265
612.036336
294.548731
526.863484
722.958321
796.268504
789.277977
673.445863
565.356278
638.390558
645.391652
481.516828
492.029761
549.084412
327.438093
533.124188
232.856091
886.471238
409.752069
641.445640
623.244810
741.423465
663.626439
740.250390
664.220186
359.564315
581.841316
766.836300
719.258686
382.194168
722.463459
934.184848
650.344108
732.674823
841.517952
869.139559
752.158993
579.519264
670.965114
476.313728
542.782035
698.757823
715.956160
559.102981
585.816906
458.424931
429.862147
761.252282
835.417637
714.712386
711.141636
867.746304
791.176938
994.363271
987.968552
795.601825
684.179989
737.597826
824.350188
993.398040
713.883449
664.539448
367.351293
715.572863
649.439283
766.741614
587.233994
643.936424
1241.130023
1230.317902
1094.707128
1150.340926
1204.856984
1008.779121
1026.737143
1127.069487
1041.431729
1159.659254
1158.422909
1023.512022
888.187508
628.015083
706.873931
676.441132
801.442797
643.221144
580.649340
630.272952
293.588171
544.902006
489.026984
518.209549
547.915928
512.660811
478.104169
336.740578
627.466758
399.991919
441.483028
470.113940
323.373914
528.036108
527.915378
425.985918
427.112445
460.360049
368.500648
913.713515
790.849466
479.210872
460.824697
558.229597
357.811997
693.683840
366.381459
372.202646
715.188382
632.366641
596.536957
457.916546
592.435071
430.838607
446.264326
416.337817
370.293038
512.014229
474.795607
346.266764
468.873960
387.861527
369.967538
398.109578
897.432492
836.013628
955.222612
1028.738322
1057.221382
1631.539542
542.426631
503.643579
427.789806
463.610082
999.976520
492.946661
354.963594
472.246909
408.616722
619.198630
463.650244
402.192006
441.538920
474.001302
480.821803
546.543219
439.811519
829.713110
403.653090
422.472806
615.899845
612.139365
491.942704
563.288846
564.162639
525.132936
617.038279
582.169056
596.115068
573.906064
467.069218
575.289887
520.900001
506.851604
565.230649
402.948187
504.537421
553.636012
447.994794
601.921393
499.049164
459.882745
368.188922
361.658404
433.361588
489.750824
557.291386
916.275501
765.728800
675.671854
816.092466
967.572535
857.515206
591.677592
389.077073
385.067721
411.836146
445.043959
331.928410
349.968618
560.581379
350.640586
493.149134
363.148262
307.111293
473.838665
417.198158
328.673867
417.200908
474.929088
394.883988
400.306237
451.716228
308.941357
417.644843
429.800196
360.638411
621.067699
620.435931
631.036130
624.991932
572.598476
543.529009
2064.670500
974.832190
1291.683878
900.574282
615.412859
614.286226
532.160550
1001.329793
950.545719
704.428179
454.572375
422.626674
542.769167
448.165157
487.669850
474.241147
441.603444
415.103457
492.679485
421.999634
1083.884372
592.380559
