394.699098
263.547776
334.310737
349.809375
335.034206
236.138125
311.800365
296.876870
317.676009
290.883857
370.520152
354.768699
313.423887
293.569239
385.896507
435.724579
425.758008
418.221920
211.410959
422.381286
255.755755
303.466531
311.706744
408.483353
379.608734
347.884732
326.636765
554.555000
484.050776
499.119028
378.978704
503.621537
452.626558
472.888871
159.462295
243.127413
286.536774
284.434120
197.997300
198.804199
352.170236
312.754138
450.949340
249.797251
307.937687
285.474516
234.814650
244.163251
405.841480
289.316835
784.953393
247.653407
392.244277
368.269619
265.509904
291.784949
355.354181
504.153161
287.604576
297.361102
195.048562
225.412669
238.872778
231.992017
166.420625
199.805096
163.691268
188.017076
258.831382
211.717140
256.770719
480.604607
558.078092
199.681634
185.149183
201.316207
259.533911
260.375453
262.631037
220.493885
282.929849
239.355358
163.449039
321.699779
193.647154
470.525557
218.916949
299.191634
209.906631
345.997048
480.442884
300.181711
298.564914
222.649629
252.351793
271.744722
377.280941
357.797545
216.435309
218.747797
336.561250
239.250339
175.328142
195.476518
394.093062
254.896172
218.529953
511.367217
236.864841
272.105945
317.533073
160.299838
268.287217
281.638140
254.785623
159.022922
