998.845014
932.332756
1209.643352
1207.179159
1085.051032
1026.093562
849.404826
1168.563163
944.336438
1510.218088
892.610621
1271.451270
1126.189277
746.446573
821.593943
1880.822884
1219.875898
1227.650964
1174.277599
673.208560
755.264574
1193.854301
1043.911438
1139.685753
1150.695526
1307.942762
1266.986948
1049.804529
1067.374568
989.102318
997.395418
1069.675145
1081.819586
1006.057862
893.423148
1077.907637
1216.889130
1186.512740
702.657720
789.358723
1119.566046
771.975304
1176.887587
633.444047
1517.069378
1301.905801
1350.428575
2390.106320
1770.728175
1357.262177
1091.586086
1056.653322
1140.705050
2032.759200
1353.514768
1371.735840
1739.887393
1034.455420
2024.466816
1219.354787
1311.339865
1273.420076
1133.226658
994.157295
1098.842411
1555.329294
1390.513750
1901.121495
1381.361643
1595.470101
1273.020089
1182.408065
1294.859245
1375.619242
1536.883569
1151.978135
1334.538239
1111.800733
1013.462405
1253.291997
1844.647675
1215.363801
1218.282682
1200.605616
1125.777401
1239.649738
956.553899
1248.370835
941.751135
995.370204
1372.192165
1500.281312
1432.474576
1885.933758
1199.907796
1800.161920
1243.897706
1071.213757
1105.182040
1524.928731
1539.711390
1057.973780
1377.135218
1046.741456
1278.885340
1188.858089
1197.320856
1067.218227
1195.858467
1440.830716
1559.882728
1413.350682
1358.104116
917.002706
961.267483
1128.237288
1007.928276
1115.062953
1422.003125
1482.289904
1077.843967
1202.040578
1436.383216
1559.689673
1024.935003
1052.515599
1088.067357
1333.175377
1328.984476
1462.551367
1492.305025
1361.038690
2037.909693
1424.189070
1388.420793
1356.157214
1509.448715
1486.486851
2274.670029
1449.433420
1058.117353
922.359300
898.075424
1554.967157
977.667449
1241.245805
1278.702063
1571.455621
1285.820041
1438.368960
1496.208307
1125.121442
1267.462221
1078.811683
1504.772281
1430.661318
1139.052205
1013.451667
816.046850
878.317108
1891.118784
1164.134908
1814.665561
1245.223479
1264.092374
1412.032717
1049.287286
1259.619297
1145.564124
1115.246245
1014.172782
1602.026963
1654.436847
1163.658028
1415.678205
1599.122477
1720.153428
1224.991141
1578.053566
1354.401264
1303.656434
1104.984116
1289.311912
2119.643073
2114.419714
2244.153731
2701.580197
2291.051771
2022.052178
1226.741613
1907.357125
1887.073786
1338.955996
1220.890434
861.573065
1051.874393
878.919998
878.441477
1008.966013
842.357017
2298.259215
2323.847986
2264.432971
2287.064008
2347.653343
2410.411271
2019.593028
2030.565408
2045.864909
2248.762315
2175.012253
2109.142040
2198.608880
2243.524192
2636.540299
2169.635367
2722.064811
1592.760244
1124.116359
1309.232743
1170.900686
2147.740085
2354.891023
2654.089783
2530.780936
1291.996274
1232.427522
1795.188470
1129.683825
1554.287631
1283.154661
1407.974137
1755.458266
2008.834518
1743.578519
1089.469931
1139.922750
1439.548818
1245.658973
1652.580028
1864.206283
1898.707577
1902.096298
1510.246508
1092.953752
1068.789409
1044.287947
1027.946963
1045.568918
1235.058634
1841.826024
1063.842259
1150.904233
1436.532437
1285.207064
1431.096261
1196.149159
1121.005051
1174.919982
1571.461090
1390.915846
1333.147797
1744.677461
1738.516025
2077.179283
977.911277
1242.922044
989.448367
1130.457346
1028.008330
974.127655
1258.505404
1312.722093
989.467268
1033.242971
1702.721887
989.025791
1072.834798
1078.566170
961.943641
935.027515
1246.349426
861.052743
1254.764609
1647.080990
1860.431963
1410.187506
1339.847210
1525.556169
1167.286057
1460.585167
1363.856297
1222.182854
1014.957874
923.058741
1271.470474
1414.060480
1397.127491
1344.522359
1290.113586
1256.918159
1741.871244
1201.610300
1304.984736
876.795653
1633.468488
1651.787258
1194.567258
1156.833735
1200.422307
1489.636034
1435.984255
1052.980453
1012.801585
882.584563
1546.505642
1441.365867
930.510123
1289.524587
1318.837175
1213.097764
1985.573420
1187.159979
1670.826597
2143.082143
2258.188084
2341.649536
2032.557445
2018.701740
2176.810801
1854.225639
1870.051487
1772.444481
1438.178151
1264.140502
1107.954161
1080.541300
1192.759607
1083.073954
1244.684465
1441.861295
1364.208717
1111.571949
1083.166061
1325.548538
1394.017071
1364.971896
1376.759624
1329.848733
1658.960354
1745.687590
2159.575180
1657.161262
1742.174115
1766.555015
1680.488082
1716.038808
1423.968048
1139.044950
1245.194841
1048.806069
1425.270478
1181.260068
1298.157054
1169.449441
1852.159556
2003.001161
1773.488189
1935.364244
1677.578052
1678.947099
1374.630772
1327.287461
1382.228964
1403.402579
1696.872674
1420.644867
1722.732628
1739.529348
1071.393219
1022.406000
898.254128
985.011920
1604.354471
836.992222
1174.518840
964.986479
774.418991
1377.549976
1130.683183
1752.717163
1429.606689
1023.169953
1251.874594
1679.162296
1147.348642
1340.557135
1714.681181
2210.781180
1558.630161
1552.161911
916.849019
951.880361
1238.507126
1405.505239
1152.720020
1129.773575
1724.319666
2120.522427
1527.757333
2357.354315
1462.062341
1399.612821
978.369378
1597.682232
2414.919741
1198.288314
974.524121
1039.003214
1054.332950
1094.974603
1352.990896
1380.188276
1049.497200
1092.689248
1079.612572
1052.737019
1073.948001
1172.279781
1013.921338
1035.042904
896.078339
947.571007
1008.358408
1361.120504
1439.618043
1352.652713
1198.640848
1425.893875
1513.635575
1325.117058
1489.184767
1219.697328
1465.944740
1215.324386
1239.751643
1711.976232
1704.806211
1679.806124
1720.429368
1367.040558
1382.902336
1308.498583
1608.522688
1605.683093
1445.620039
1304.503160
1637.088317
1594.393430
1337.955947
1228.778180
1994.498664
1869.652626
1965.708083
1931.916181
1519.914268
1350.313122
1625.752855
1608.737297
2092.427881
1835.761912
1571.519244
1302.951153
1502.514468
1347.613438
1438.292924
1461.658121
1392.361848
942.916315
965.387574
1131.921956
1529.840999
1141.342296
1159.708554
1268.774015
1233.280453
1248.189590
1217.320941
1176.631274
1214.861231
1167.998812
1171.463728
1533.138372
1183.574682
1008.095769
1140.976000
1616.431620
1426.959471
1706.966426
1750.332155
1860.821118
1515.691134
1532.708272
1588.103554
1672.543828
1593.248288
1798.662210
1176.278692
1705.319066
1230.949723
1418.592884
1328.179014
1284.198651
1156.068364
1504.639494
1557.762420
1640.414334
1098.858398
1735.839283
1574.912106
1739.924655
1844.964274
1989.103060
1410.857946
1929.650878
1774.523700
2104.421724
1902.507312
1686.488342
1691.348685
1676.504333
1485.778653
1392.915739
1468.581804
1327.164545
1428.677251
1518.305789
1231.251674
1299.693440
1778.123017
1782.767976
1228.575690
1362.061561
1476.844275
1424.931043
1367.488084
1422.767733
1435.031993
1505.435654
1228.295558
1620.751200
1613.080493
1156.379235
1476.939650
1658.250559
1531.000805
1478.788350
1701.821797
1307.447666
1409.293540
1656.139586
1611.242702
1333.208894
1503.102410
1925.433968
2034.595685
2183.343712
1839.243948
1272.373013
1531.091416
1173.618641
1073.101309
1076.522488
1420.228670
1327.249746
971.820237
1248.967943
968.644274
1224.499019
1184.918464
1752.851433
1186.383629
1768.187036
2132.397180
2009.314811
1877.254104
1984.934212
1537.555449
1474.006025
1638.472205
1432.965100
1218.152151
1466.552494
1925.189700
2451.594317
1546.236508
1245.362244
855.187658
854.921647
1154.594183
1116.883881
1227.316924
931.187814
2099.104190
2267.708283
1988.864979
1920.621044
2106.669502
1773.952888
2029.147838
1966.539785
1540.732513
1088.445007
980.534033
1326.675102
1199.465247
1171.637432
1873.504920
1416.584507
1103.518715
1425.067686
1138.833890
1072.113980
1012.868260
926.513062
935.290623
1108.258241
1859.658264
1194.860019
1146.509374
1042.433489
1054.223074
1033.202654
1386.833949
1251.665985
1026.379941
1107.424474
1203.057821
1323.478147
1489.531848
1179.936916
1466.702810
1284.471952
1222.295698
1861.750037
1584.300180
1416.985440
1235.082173
1180.520163
1827.952398
1160.390310
1174.636288
1517.749597
1694.610360
1625.930978
1430.022833
1696.352686
1430.480829
940.869609
1017.216827
1179.305609
1166.465137
981.396404
958.992904
922.244069
1249.015013
792.512421
893.954157
1519.088777
1033.023503
1013.062762
854.753032
1510.274204
829.507983
951.280848
1295.043275
973.796266
1369.025387
1096.263302
1367.331783
1084.472843
1478.558482
1259.547471
1214.542946
1337.420129
1343.743414
1012.884958
1331.128877
1524.491655
1237.890486
1228.837031
1387.542747
936.579549
1000.170776
1093.444475
1068.430351
1433.930337
1560.839164
1080.510028
1086.420801
1456.067756
1657.942518
1251.043841
962.508732
956.715247
924.329276
1302.626609
1386.296613
1448.203821
1133.759677
1589.629079
1095.056048
1364.256247
1371.861708
1173.787805
1426.202666
1144.581206
1138.258003
1472.074684
1561.374536
1218.352979
1403.977182
1236.507891
1432.396246
1644.593183
1414.493495
1508.881178
1480.158426
1376.149674
1190.401568
1109.159683
1366.441739
1077.660479
1235.649579
1466.334634
1598.616208
1388.396506
1187.639549
1422.323809
1169.906608
1119.986238
1656.199583
1430.333311
1425.814919
1080.991933
1182.510108
1061.672233
1199.076426
1656.631205
1190.983677
1205.295024
1496.160029
903.501459
1118.399792
1274.986646
1660.340198
1554.902275
1654.076434
1575.090165
1686.133110
819.649238
1400.424925
1224.644044
859.040144
1040.070766
1364.353538
1301.684375
1150.950750
1011.342750
1413.454555
1048.594752
1046.136628
1523.909132
1011.695228
1124.198423
1127.545373
945.414124
1068.082339
1160.965601
1093.848251
1236.700109
1094.453097
1233.025186
1574.585889
1310.490988
1313.145436
1520.094360
1213.484165
1945.149811
1740.149187
1478.591610
1867.033662
1734.267785
1471.232690
1485.832038
1695.679352
1856.073146
1897.575467
1779.488558
1460.047433
1721.003093
2737.610804
1858.497994
2129.719462
1943.360811
2208.090070
1948.604544
2173.546418
2020.204345
2010.299041
1588.620481
1666.024331
2032.078034
1738.082623
1859.476311
1711.888558
1971.909356
1869.060558
1783.702321
1905.791821
2168.608739
2102.713222
2157.982192
2025.988782
2082.774218
1907.925727
2201.664686
2535.095879
2111.419705
1903.025529
2151.479557
2276.432259
782.219731
1147.407110
1368.034991
1448.533642
1486.038453
1322.960177
1280.326772
1773.231412
1701.282433
2556.760040
1673.669104
1284.369726
1354.292914
1696.947247
1374.356513
1293.704406
1121.258120
1081.274985
1244.640119
1442.833584
1431.781923
1109.835379
1317.373899
1264.583776
1608.708162
1608.832692
1408.839047
1372.472074
1333.077073
1231.749860
1609.079474
2346.409927
1488.063903
1580.795789
1372.380533
1119.118122
1253.605149
1297.015082
1338.706296
1255.512581
2031.241884
1371.629501
1302.596867
1380.641743
1604.144309
1523.223297
1380.457137
1937.821777
1347.137845
1470.635141
1546.160199
1735.043233
1983.080461
1758.891678
1989.145754
2124.204345
2054.550523
1996.061156
1798.878319
1885.173320
1558.715457
2417.923884
1676.232520
2244.373182
1758.819108
1348.476355
1349.401320
1626.566497
1311.890098
1766.235791
1185.641953
1158.651085
1852.418233
1448.426470
1350.859117
1499.722460
1023.351654
1434.533127
1421.839867
2108.937375
2031.751598
1751.235151
1510.419587
1648.880039
1500.150217
1472.155953
1597.737587
1727.125555
1832.291958
1779.437560
1590.804939
1584.626373
1504.050872
1506.536279
1563.588752
2229.055686
2025.531427
1606.691794
1741.798440
1668.170528
1596.478947
1894.981256
1315.463817
1877.224742
1972.929956
1720.804052
1455.494318
1651.400943
1554.110220
1260.880114
1442.326772
1407.704569
1534.518291
1543.047593
1456.817778
1572.929769
1442.301203
1353.449936
1407.174355
1447.318953
1755.139495
1235.849340
1207.896202
1825.674993
1379.800420
1509.050822
1511.428058
1142.107618
1180.299779
984.562112
1312.992614
1527.901931
1226.808233
1319.137776
1292.382305
1320.229697
1262.474714
1342.744775
1810.641744
1673.419702
1067.990681
1023.317085
1353.137551
1285.274026
1330.032291
1324.969579
1376.333856
1147.423955
1380.452733
1699.909181
1327.812174
1340.370196
1288.161748
1174.638737
1322.725718
1145.732691
1097.588228
1304.705709
1289.803592
1158.657743
1334.538733
1176.984920
1090.433858
956.375586
1598.333871
1388.115767
1491.638678
1181.425182
1174.585336
1517.492420
1386.473069
2016.289661
1874.589764
1925.970907
1010.622605
1360.837472
1294.825093
1200.828013
1917.005275
2118.259946
1912.643027
1285.512109
1369.854743
1565.606788
1560.256301
1293.075141
1248.593594
1363.910426
1507.531142
1903.470176
1782.162528
1818.510374
1497.400038
1258.763843
1949.548067
1802.229352
1603.608625
1305.153066
1337.336079
1448.360003
1285.300065
1557.758677
1495.685746
1497.340412
1274.640310
1600.493960
1049.570981
1108.378547
1474.409675
1395.508630
1102.402608
1171.188413
1105.394086
1091.636487
1632.161032
1641.038986
1338.878348
1162.726562
1298.605726
1339.953916
1338.159129
1585.937642
1658.491362
1415.186606
1683.182138
1559.822387
1286.324301
1420.255060
1284.352997
1132.724972
1431.004806
1086.641362
1202.435676
1173.905612
1181.805931
1405.617801
1872.855458
1878.609616
1485.868963
1448.801038
1690.805413
1876.161295
1245.206187
1939.856546
2436.334269
3177.238138
1080.590057
1046.804958
903.611807
1474.517708
1051.111466
1270.791456
1263.484750
1203.076690
1243.876051
1205.364710
1271.226781
934.198473
1021.884625
1365.571333
929.825495
1313.301553
1058.772662
1202.118345
1232.390202
1268.355485
1245.112290
1285.160578
1143.696747
1268.515735
1349.743551
1397.297514
1163.032544
1042.765616
1317.354050
1535.060567
1474.846411
1287.294758
1330.185810
1203.732554
1699.685502
937.829458
1490.437468
1094.305634
1350.539789
1257.401833
1115.145841
1248.666593
1788.733635
1236.376909
1380.876730
1132.818595
1356.490880
1261.762962
1313.424002
1169.369285
1273.949397
1228.359717
1087.800596
1524.582978
1519.485694
1390.091814
1480.934959
1827.860283
1589.732416
1462.036499
1506.964619
1213.707436
1642.792063
1572.125236
1373.387736
1659.728171
1154.894736
1535.777041
1747.697712
1707.974191
1624.839499
1495.618260
1738.480922
1579.373905
1421.792791
1609.144009
1471.509306
1339.811424
1454.666088
1634.168370
1596.726485
1571.975943
1257.962204
1046.438139
1006.866850
1075.641260
1124.581395
1160.544827
973.037573
890.058355
1089.754779
1541.795927
1545.178542
1472.586021
1022.599804
1306.570740
1344.424290
1127.888953
1218.471066
1001.235556
1045.950602
1713.046841
1328.631766
1240.872036
1365.390450
1030.384217
889.614040
885.167987
1469.476438
1367.522643
1258.690932
927.158850
1154.223857
805.217726
1300.781565
1002.700469
1359.558810
1854.797901
1687.100599
1253.312552
1388.687519
947.349803
864.211474
864.000791
1101.037655
1004.011016
1432.264587
1279.579579
1758.568010
1413.881793
1627.278676
1291.405973
978.593140
973.258535
975.518594
1245.292559
1153.401871
1064.375966
1183.049300
1267.136288
789.091990
2124.326011
1781.981149
1910.586092
1729.134144
1869.792192
1682.622570
1443.322953
1860.850796
1719.978312
1861.600117
1860.600325
1836.688628
1917.995813
1325.296311
1369.233089
1693.006638
1718.859532
2043.726816
2021.623715
1856.725492
1794.763819
960.789527
962.806677
1176.283565
1262.244609
774.020080
1275.076893
1286.797205
1233.774019
1181.997790
2551.785437
1821.346049
1165.952022
1530.437930
1279.099327
2008.300656
1005.401828
1347.976622
838.565007
1439.447563
1428.291788
1493.711033
1046.628660
968.965856
1401.560068
1457.798298
1006.229348
1010.509651
1219.972329
972.008901
1469.808064
1629.742727
1526.086420
1281.680510
1202.882211
1593.942765
1095.005704
1288.744408
1308.788626
1233.829710
1566.688206
994.349814
1040.974901
1194.109901
1228.387448
1278.636448
2239.288123
1167.460968
1396.501908
1731.563353
1407.020593
1326.092403
1345.032552
1538.528306
1638.970480
1556.579579
1945.043681
1586.245795
1386.556704
1459.305906
1446.503766
1305.080926
1452.475888
1290.876557
1782.181835
1790.645046
1618.619606
1219.769712
1349.007900
1233.317136
1164.322833
1094.973819
1770.381260
1336.716509
1346.056338
1306.649814
1610.680607
1536.550723
1397.757166
1643.567730
1108.504031
1343.619555
1632.151544
1223.495051
1162.897620
1667.202132
1343.354206
1347.641622
1576.466490
1261.964686
1596.525196
1867.483827
1848.336877
1495.249568
2155.516632
2078.581768
1828.280402
1830.962026
1837.570181
1760.139143
2000.444170
1999.643425
1918.529124
1759.267505
1752.847830
1817.206385
1307.345616
1311.640725
1289.725753
1224.086557
1382.497493
1673.583871
1436.702159
1460.505488
1595.760308
1927.032248
2042.308096
1845.224077
1262.206754
1949.874875
1269.869397
1876.086808
1414.822161
1508.373917
2011.734325
1526.463488
1305.683614
1344.025433
1429.307871
1761.980915
2103.666714
1383.648011
1941.886466
1446.416076
1527.893272
1628.290020
2069.386785
1780.394833
1883.092825
1445.301163
1834.640447
1520.684987
1491.049196
1592.898690
1920.693951
1487.998827
1665.771095
1548.583494
1644.269085
1724.006349
1041.661411
1338.911520
1269.419962
2121.531234
777.488720
1351.726721
863.724923
1374.146274
1444.495732
1286.719586
1203.273794
1253.866695
1078.257022
1044.007681
1226.605742
1276.323058
1315.002526
1286.690504
1193.551482
1439.228969
1333.183088
1406.004100
2042.943501
1088.633718
1959.934078
1452.700857
1492.184795
1264.298655
2815.682434
2259.894173
2010.176377
1963.981619
2456.873316
2380.672410
2070.480075
2013.867689
2008.011441
1312.371813
1312.065776
1501.758494
1949.074149
2465.541450
2467.017900
2065.987707
1335.181370
1335.217779
2190.847527
1647.426126
1287.098872
1582.049020
1953.226209
1699.125986
1763.477781
1554.216257
1474.442692
1591.697821
1508.030312
1657.340147
1141.782944
1534.604310
1182.460210
1542.791773
1210.514090
1826.879879
1357.963670
1266.036841
1349.678333
1357.633933
1604.817354
1556.956981
1687.659481
1410.995304
1524.028982
1231.457949
1369.251373
1885.791530
1283.466253
1409.551469
1492.090080
1410.265379
1407.414093
1682.712791
1558.273745
1738.986628
1817.046652
1555.132114
1547.470392
1868.173764
1747.604615
1791.858305
1633.253336
1839.827887
1837.009594
1768.722212
1754.011278
1897.625974
2218.353033
2207.034124
1598.160294
1938.164470
1904.994792
1992.176562
2181.206875
1021.867221
1212.800556
1026.992549
1195.291560
1000.107731
962.745407
827.328881
948.778618
1405.918413
1181.796559
1805.754066
1150.225214
1594.059923
1750.474379
1107.275527
1141.205353
1201.686815
1148.703356
1136.738675
1201.029291
2067.727398
1531.987597
1445.099437
1081.418796
1115.722158
1352.392021
980.840644
1552.343263
1449.300375
1325.547681
1274.840735
1233.201929
1229.880256
1366.027939
1473.523960
1733.773578
1768.165429
1562.541830
1666.961733
1653.676523
1761.606389
1133.170605
1266.488465
2031.620097
1501.797552
1438.292371
1345.622960
1268.450033
1467.612054
965.100570
1468.589024
1524.802791
1629.457598
1278.872667
1303.916779
1297.853851
1461.810219
1748.504450
1534.656397
1883.636551
1476.745927
1634.797248
1606.831175
2041.219639
1230.911859
1215.195603
1220.954310
1180.473281
1762.129721
1174.019606
1836.018202
1930.992654
1100.087687
1521.673330
1997.317617
1987.755221
1015.411829
1417.550305
1632.261213
1575.522768
1779.056931
1686.701144
1684.581072
1801.606161
1686.003995
1795.118839
1586.203339
2174.035294
2120.746470
1480.239669
2210.799103
1542.174784
1820.702075
1751.471373
1632.961986
1747.569060
1537.921937
1531.387033
1688.006340
1677.382739
1644.287520
1645.784557
1511.597474
2008.691106
1401.422098
2067.936366
1444.333171
1431.909975
1340.708293
1159.342823
1152.591617
1983.165469
1382.591303
1569.989400
1520.827492
2121.303412
1951.148832
1816.125046
1931.931065
2201.201179
1924.491825
2071.765528
2193.918600
2228.081016
1263.707696
1380.257697
1326.225766
1467.447004
1297.646830
1511.801526
1580.812786
1371.709668
1215.202119
1596.332916
1707.335337
1480.196094
1506.690261
1207.744622
1272.062669
1539.596862
1191.717327
1456.938606
1916.088768
1797.680974
1916.139922
2230.012974
2030.648402
1514.916769
1815.485741
1845.412138
1839.927746
1915.569124
1374.145445
1375.399413
1678.806749
1183.925240
1492.027560
1318.613614
1465.593105
1206.066338
1204.628290
1171.283960
1286.022848
1151.234523
1842.493790
1977.905342
1556.480887
1415.071621
1389.222054
1596.890696
1570.496636
1334.201681
1265.615581
1410.623104
1296.809040
1425.441875
1184.372145
1286.022824
1292.342027
1664.741278
1001.790535
937.996104
1173.789306
1193.711031
929.940718
1179.587245
989.357625
1078.697338
1010.040130
1172.953714
1442.611027
1576.195729
1919.904753
1351.680629
1286.247023
1330.327721
1365.554457
1670.700212
1524.714818
1448.124969
2093.368354
1939.604219
1840.252124
1829.659602
1780.291774
1710.114678
1746.078428
2022.201731
1902.458277
1860.182816
1692.573913
1423.806721
1272.024539
1468.243585
1180.586430
937.546651
1023.138649
1295.763125
1908.486780
1913.983453
1915.540181
850.480374
923.579728
1209.419165
884.209246
1136.270662
1492.297502
1291.838751
976.506796
1149.609143
1322.429082
1548.543409
1342.267030
1199.140971
1380.416673
1612.435106
1597.821661
1430.021675
1392.059766
1369.712939
1451.513342
1681.802240
1605.068139
1685.478053
1627.265964
1269.030769
1235.806589
1461.048570
1594.897381
1783.793320
1691.825457
1354.777408
1757.135526
1665.214406
1841.318619
1837.557101
1393.687394
1750.042397
1922.280284
1830.612160
1811.268765
1713.056417
1296.085512
1175.504228
1220.111379
1575.738522
1340.348682
1784.195055
1078.695956
1412.776488
1255.222443
1556.977438
1352.233200
1672.727593
1692.275318
1863.871716
1733.482628
1869.592465
1056.696449
1051.050675
1343.239651
1472.918358
864.372131
1280.549127
1245.715104
2022.585168
1738.298122
1488.866883
1243.037578
1258.035432
1355.087604
1099.957648
984.998251
1104.664941
1167.684595
992.980820
901.392006
905.276014
1233.061128
1433.137069
1233.314688
1349.686803
2031.730955
2032.438092
1236.605687
1146.542231
1287.524809
1287.389800
1302.010251
1329.203040
1354.256501
870.144483
1377.698459
994.384387
954.853398
1233.855993
1002.506506
938.570367
1521.581650
1482.355607
1041.128696
1317.477916
919.630846
1114.841047
1631.542470
1111.245735
1167.344295
1049.257530
2904.470596
1142.299774
1417.617288
1282.161026
1519.201099
1709.552408
1680.754277
1789.222814
1362.309233
1861.797079
1864.956030
1857.207897
1010.585616
1463.462512
1696.665460
995.013931
1619.571082
1140.670745
1279.939223
1440.947849
1782.929809
934.802884
1242.792112
1185.064874
1150.824475
1238.109015
1629.861222
1203.416373
1052.109727
956.113566
1011.189334
1737.890551
2289.025921
1502.058430
1136.035735
1262.775469
1277.241346
2802.231839
2648.162050
1056.520471
1419.823964
1151.971015
1239.935142
1387.921733
882.472586
943.759150
1999.755102
1335.644482
1294.885504
1269.487997
1488.427709
1332.370233
1427.492139
1537.749204
1247.603832
1178.919341
1014.626649
1238.236750
1287.448874
1490.536905
1573.272067
1266.613856
1528.584179
1108.044539
1122.480008
1224.664175
1408.533145
1537.199434
1013.323369
1201.507664
1179.694705
884.896780
889.111236
970.835603
1371.870499
1261.480409
1259.950906
1159.029464
1525.041563
1392.462042
1355.632017
1330.356843
1450.220760
1159.194812
1768.961516
1772.933683
1118.893886
1251.895795
1034.723446
1429.069577
1108.391815
1519.871324
1101.931453
1375.909592
1699.399532
1341.926579
1166.873653
1250.431549
1118.607941
1059.617108
1252.796847
1167.773968
1206.027430
1324.125856
1040.662521
1422.198539
1181.593305
1160.571404
1485.220121
1271.098645
1211.104506
1662.251062
961.903459
943.858730
928.634583
1299.760148
914.202931
1025.580308
928.931874
1010.305348
1287.003205
1188.532244
1390.797950
907.875415
1034.398617
1134.253037
954.029826
879.677970
967.048213
927.481035
923.498346
1099.279129
1033.911988
1278.182506
1183.781390
1135.725015
1337.172975
880.662915
1351.490333
1467.838381
1454.044953
1690.175159
1763.184739
1447.888388
1421.141636
1610.782057
1495.837032
1472.022747
1324.851376
1325.713115
1470.374238
1208.981228
1159.903602
1229.060078
1419.892499
1464.351593
1255.066892
1213.602483
1240.234209
1339.199657
1441.818021
1347.098581
1191.502795
1103.474565
1166.818886
1145.975427
986.705698
1420.785537
1156.914077
1018.952808
1302.287914
1427.671271
1209.823482
1116.875338
1630.318351
1590.457935
1896.077929
1366.114078
1174.456960
1238.802892
763.912426
1889.315515
850.434341
839.211942
1222.392012
1342.101389
1192.808636
926.440701
1105.268942
1325.124887
2004.398381
1963.047791
1979.143201
1916.892995
1993.019274
2011.218024
1096.512530
1089.765284
1355.598448
1565.472990
1437.084539
1766.053340
1789.411074
1761.166617
1677.572511
1157.789766
1317.870790
1630.680170
1145.171380
1486.090798
1758.103008
1328.502494
1527.959318
1030.893092
1351.479692
1680.738664
1102.415532
1103.121035
1599.983271
1206.217797
1639.620112
1239.079316
1282.541190
1270.423002
1469.800940
1531.044906
1366.531233
1441.352165
1647.194341
1443.771851
1151.526104
942.400445
1214.627600
1116.025339
1156.075600
753.367408
1342.550834
983.310157
1046.171675
970.115328
1198.550568
1259.581301
1359.322247
1437.062312
1161.017571
1045.610733
1164.538077
1413.831766
1412.360499
1607.065359
1386.444906
1425.288158
1063.282233
935.071337
1000.652364
1418.514653
1179.965252
1678.553783
1258.492548
1550.748859
1472.061800
1210.207944
1167.487017
1029.358360
1639.071315
1417.463314
1635.196438
1511.272951
1958.790816
1157.821158
1048.510321
925.074928
1459.031545
1460.405356
1468.136355
1701.756570
1359.688767
1457.978264
966.250426
940.842224
1166.716675
972.528526
1167.260560
1104.495641
1360.371785
951.904665
981.100312
1347.595166
927.011099
1323.219277
1345.283348
1251.341274
1021.583687
1248.923466
1407.659089
1300.132963
1092.368104
1134.553592
977.768584
1037.048473
1126.683180
1244.437075
1215.473203
970.886069
1617.965883
1580.033998
1404.362749
1258.836035
859.702926
864.289119
1423.065930
934.540200
1112.038467
976.286137
1012.284369
1214.549310
1215.541938
1087.508753
1065.072285
1504.686807
1034.567079
1180.140893
1104.621808
1478.842482
1383.072720
979.236025
1241.598169
1140.306558
869.681720
943.002165
1168.761906
906.571480
855.092309
864.566686
936.222130
1024.089606
695.326784
1193.249814
1065.693970
974.967428
1802.174092
2379.599494
1663.625926
1355.698719
1420.386038
1096.685051
1265.407585
1552.137824
1130.343637
771.311342
843.791069
1281.292439
1396.957328
1715.059308
1671.798115
1355.906876
1626.477438
1561.680485
1623.734318
1361.427782
1471.905092
1218.933126
1328.279830
1288.972221
1103.538258
1505.912065
1107.260189
1862.052369
1307.907723
1247.634812
1404.397243
1228.444599
1108.204313
1111.767279
1866.193435
1313.850049
1461.742483
1323.618962
1741.486990
1535.657403
1655.901050
1804.916042
1536.205957
1449.236983
1865.459832
1527.702651
1576.781901
2005.573571
2515.903296
2564.370416
2321.140214
2305.328090
1271.527767
1274.591502
1068.359353
1138.564447
1468.198378
1852.764937
1254.801425
1051.179711
1084.791610
1044.294006
1345.162228
1434.425285
1275.938797
1216.684308
1128.162998
880.908761
1053.194135
1332.965536
1346.609693
1334.699135
1452.810436
1350.576886
1203.579710
2228.647081
1023.014686
900.312681
990.555293
951.300766
1307.805515
1210.736955
1398.574491
1512.092081
1587.598675
1039.540835
1405.383042
1525.272345
1515.349470
1660.075108
1570.536621
1492.826255
1531.458170
1103.301657
1308.048178
1135.746027
1634.606788
1708.727555
1349.869761
1573.095803
1561.700107
1832.188383
1402.133976
1547.308500
1407.550184
1754.491236
1602.935672
1778.972838
1498.201266
1402.006010
1502.802226
1661.784053
1752.956509
1440.401961
1410.744903
1668.608941
1271.778321
1175.155036
1817.844334
760.698329
1209.314730
1397.820505
1212.880941
1607.322825
1404.844616
1419.028651
1546.470965
1228.888659
1599.508490
1148.846914
1339.925344
1454.833723
1379.576005
1500.479457
1465.796025
1389.065722
1434.978071
1849.038767
1715.961037
925.182832
2150.741487
1668.360934
1816.186982
1400.620237
1365.500796
1472.718542
1208.267445
1171.073960
1166.571357
1761.776329
1484.808836
1640.741905
1630.724452
1478.527545
1382.622848
1805.445182
1931.905854
1798.509297
1449.542231
894.447969
913.997425
898.964005
823.288827
1174.530233
902.305737
2388.130567
1823.419703
2012.962592
2261.314640
1872.795011
2015.351071
2099.963159
1835.954353
1884.526818
721.825355
1195.615512
712.480026
1809.181685
1254.048101
1079.363773
1597.137948
1676.570699
1142.568821
2091.539819
2278.567754
1649.493095
1691.906451
1922.976773
1927.014561
1910.003232
1740.623494
1760.849365
1816.022848
2612.763702
2438.313000
1297.441922
1331.899933
965.629682
1088.270935
1071.001076
1001.698677
1367.772976
1608.835827
1501.904638
1390.590810
1258.047355
938.297206
956.426334
920.940654
1316.482282
1322.350081
1518.355211
1882.831942
2496.742352
2577.799457
2375.683433
1732.268175
1889.143417
2567.427837
2103.034882
2194.897440
2170.754283
2164.215205
2398.214864
2389.425153
2555.433590
2386.829041
2541.429861
2427.083118
1278.394423
1236.214362
1821.132547
1272.450765
1134.953724
1289.242768
1920.138100
1803.606066
1296.730398
1893.032416
1183.996804
1170.518064
1664.992946
1675.263257
1653.731429
1766.793977
1121.583143
1255.206142
1644.777398
1391.350334
1440.020709
1309.454373
1375.275090
1079.329168
1559.891623
1457.931726
1682.535020
1358.290437
1147.966150
1014.168110
1130.763042
1035.559495
1388.180010
961.442036
810.636129
918.057006
978.788368
1413.472978
757.128490
762.469531
1284.932537
990.909745
1480.066221
1565.756233
1550.948163
1211.122535
1051.208580
1003.070891
1193.606585
1009.515645
1172.856079
1265.437517
1036.360068
1227.054084
1002.904145
1335.624647
1213.857972
1292.535337
1149.500604
1254.810388
1076.054700
1294.222174
1020.021879
1200.302356
1160.321045
1271.359879
1353.947479
1689.017070
1723.878155
1889.748500
1532.088246
1796.906782
1529.229200
1998.918794
1706.824691
1732.396674
1856.135177
1622.383420
1331.695540
2302.704486
1979.621665
1849.794311
2233.728918
1593.040924
1866.130976
1696.064988
1854.955751
1146.860944
1795.165988
1182.949998
1799.880260
1796.530372
1406.877535
1503.008871
1329.798957
1557.290401
1474.338423
1640.532541
2557.448759
1976.173660
1976.792435
1599.630595
1618.865278
1765.692804
2077.069186
1058.126618
1268.824965
1097.132648
1184.095518
1100.780775
1219.371762
1388.609721
1440.308135
1186.826481
1602.385271
1046.339111
1107.239815
1116.708844
1021.195948
1373.201367
1357.533488
1371.843800
1234.313552
1152.779695
1724.883323
1353.083813
1698.924280
1801.481392
1283.670711
1235.224752
1413.295521
1229.306419
1341.599011
1237.418611
1166.251903
1714.731625
1411.965712
1706.263029
1800.044494
1316.265702
1154.509590
1258.105709
1426.506510
1438.123394
1201.768264
1264.279817
1437.078947
1706.170472
1354.506661
1325.463535
1245.979186
2737.103544
2372.163496
2338.999012
2237.252686
2308.052663
2559.753613
2612.591555
1854.131752
1782.645456
1863.800382
1795.812698
2077.018834
1914.371075
1696.316104
1692.836395
1742.097512
2389.996072
2658.639713
2389.217056
2231.677260
1616.853436
1816.219884
1459.265208
1725.812176
1940.124730
2110.667785
1843.720671
1598.796195
1829.031633
1243.708041
1071.316738
1444.304953
1530.556604
1451.480350
1453.475426
1515.806405
1700.868536
1245.466568
2523.256471
2252.559216
3131.905832
3353.658174
3354.929168
3120.272071
2365.646092
3108.673776
2902.240490
3044.921914
2984.603036
3048.900396
1586.965798
1812.385535
1929.818928
1783.514359
1065.146986
1367.222125
1252.626473
1600.836962
1420.978426
1336.494815
2506.500714
2252.448866
968.699088
1175.885626
1110.277382
1447.614614
1028.748446
1125.669232
1159.430201
1573.051237
1176.827816
1941.129786
1409.475198
1633.473230
1462.798882
1503.936767
1089.561515
1068.714767
1163.341556
862.261856
1281.115874
897.525534
1233.361965
897.481411
2029.780764
1117.774203
1063.740263
1225.602487
1185.103200
1119.797394
1324.723807
1388.172664
1273.000660
1315.768937
1314.451547
1566.969469
940.906629
976.619519
1451.619321
1341.430017
1130.209699
1277.369809
1139.148028
1241.367642
1245.684818
1247.109427
1565.769392
1344.766149
849.086764
938.138937
959.437204
819.044162
1171.471065
1054.920550
1211.101526
1268.296899
1218.198093
1518.914922
887.134120
917.796968
1449.815686
1422.985016
1444.546477
1400.873864
896.752123
1543.259148
966.617749
1044.426137
1562.626537
1224.925865
987.311699
997.001261
1030.213551
999.742359
885.069244
923.633643
1495.823895
1271.381081
1217.628368
1316.363539
1208.645618
1375.832067
1071.271943
1110.523320
1078.295592
1534.430823
1458.231067
1150.316206
1256.269159
1353.984758
1159.905227
1262.955763
1264.912703
1106.468227
1449.373022
1417.599418
915.456944
799.213925
912.670043
878.765383
806.111851
1026.111581
872.173599
1837.197936
1206.906971
1175.257308
1247.267700
925.673486
1125.556367
1047.905888
1050.900485
1492.523909
1489.921994
1293.260512
1957.363026
2429.226574
2347.971892
2489.628150
1853.186910
1892.657576
1083.593221
1175.011978
1242.512735
1145.131148
1091.578260
1467.549572
1279.201747
1049.855395
773.541578
855.495853
909.007133
931.191737
940.169580
1101.521824
1133.719048
1695.157455
1374.498429
1266.450061
1016.492371
1186.831338
1150.734967
1189.034591
2586.062822
1590.755239
971.301845
851.307740
1356.268253
1400.950484
1024.073420
1017.932956
1144.107428
887.967141
1234.371995
1104.783668
1444.840163
1280.816505
1272.298907
1332.142403
1039.204843
1432.101674
1062.356988
1039.789905
1338.935306
1014.342290
1386.528469
1515.772507
1398.165325
1067.786949
1156.955088
1175.394154
1217.559034
1138.552353
1484.075411
1121.630808
1374.288986
1700.755750
1521.153597
1381.970485
1538.420170
1217.885889
1478.359226
1358.859030
1808.451389
1013.804501
1753.187156
2212.666880
1058.010433
1442.650454
1120.354284
1535.573111
1414.382602
946.637730
1050.076144
1108.064175
1213.111166
1201.497850
1108.460036
1380.960037
1254.268415
1286.737763
997.408299
964.581717
1052.386525
1475.744398
1242.957572
1007.944253
1298.216436
1062.770724
1048.908879
986.949872
1879.076757
1509.599554
1070.774139
1162.898538
1137.431055
1267.021198
1125.400831
1259.383526
1504.292528
1325.221628
1091.940390
1827.555046
1125.721437
1233.209297
1411.134508
1204.424996
919.598988
1593.077403
1250.843153
1148.995792
1286.627904
1432.170102
1030.682076
991.317995
1267.852222
803.170060
2172.744382
1850.805477
1635.102627
1886.242843
1000.472221
808.479106
1185.909614
1235.348548
981.538277
992.032040
1367.497952
1412.853942
1359.531442
1393.387326
1603.837440
1649.197559
1795.244907
1148.986915
1313.925798
1704.663086
1204.431745
1169.585129
1454.753282
1137.713320
1213.207416
1541.298400
1158.077662
1728.858743
1499.797928
1314.630039
1889.238169
1365.425284
984.364410
928.194636
803.016588
925.499762
1309.843857
1174.954778
1222.136596
1274.197646
1183.916247
1228.635251
896.642927
764.439826
1436.675592
1282.187405
1365.328803
1323.749298
1224.715779
1097.133043
1234.744245
1225.231277
1076.182783
982.067677
1354.711203
1302.567509
1229.193314
2469.150029
2738.998669
1036.806954
894.866628
1023.004759
1764.437597
1144.641999
1113.406308
1264.444383
2930.666277
2792.486933
2798.445972
2747.775808
3915.413095
1625.537129
1518.124105
1617.276975
1521.735093
1798.365576
1553.670019
1493.454236
1387.125917
752.049778
1100.121099
1621.479744
1201.316768
1117.668943
1244.862870
948.629159
1020.218648
1138.376254
1064.687532
972.109837
1487.254389
1527.921533
1055.737111
1125.950663
1088.393706
1230.726017
1410.855453
1362.616687
1292.708768
917.587205
1075.269462
1460.753487
1373.866252
1438.387242
1053.494803
780.496829
1053.970335
693.708271
931.969603
1716.568186
1199.828534
1333.859381
1230.688227
854.777594
1069.945860
776.197221
1172.042557
1110.225776
1160.576681
988.826132
1047.235323
1573.795303
1065.668029
1469.058968
1012.276003
1079.980163
1219.967496
1138.362299
1253.106038
1060.839753
931.026611
1144.384003
1411.932149
1576.978590
1058.797415
1288.705669
1174.281371
982.218253
1157.477864
1081.934151
1195.505928
933.175425
1567.278723
1252.550537
1281.070215
1764.090455
1216.012500
1124.894175
1268.227581
1552.045005
1603.681406
1437.950500
1264.789412
1632.494105
2060.603198
1529.383737
1312.900106
1420.164796
1682.664955
1306.918928
1345.974184
1305.206860
1174.898263
1176.993902
1481.108159
1224.553881
1157.786167
1490.570717
1038.941216
1053.032421
1344.734800
1316.346978
1216.479470
1002.394997
875.809294
1602.761958
1623.701661
1182.636332
1578.823064
1415.526716
1434.656002
1257.463086
1440.980294
1200.842616
1396.146517
980.144668
1404.355763
1594.705143
1301.525586
1369.793073
1066.897076
1067.523758
1657.135625
1287.794787
1988.660710
1295.792935
1223.589317
1033.862138
1102.285550
1274.945970
1041.471295
1085.026206
1912.036195
1538.518513
2028.127058
1572.876465
1480.345145
929.250939
1151.905412
1135.883836
1011.360175
1302.992950
951.643407
1299.850417
1246.897824
905.445309
814.968655
1204.547226
897.056675
1633.187227
2069.845621
1672.750576
932.393706
901.509747
1338.480589
1082.788222
1536.842581
1449.081591
1220.714811
1208.929959
1486.901362
985.181099
1195.711283
1189.482749
1508.530928
1474.295644
1178.696294
1172.469893
1488.627969
1171.523584
1241.399982
1478.149981
1704.641814
1087.210509
1448.468852
1161.768554
1111.239856
1102.991766
967.220281
1359.910790
1150.965032
1473.086153
1157.869507
1048.666387
1122.827280
1258.929980
1048.573806
1044.065395
1054.064432
1596.932438
1344.969040
1334.516711
1217.200094
1224.565712
1253.889066
1202.235890
1167.248815
1206.136486
1129.541555
1131.292774
1301.711832
1111.210453
1016.159011
928.015280
1380.495629
1161.449964
1046.419295
1397.418935
1308.698061
1398.336518
882.708058
911.844405
1573.960124
1380.709767
1760.129202
1534.435623
1221.417988
989.129390
2104.801205
1134.644703
1100.289102
1457.729203
1281.340767
1131.628361
1126.816333
1272.507932
1181.827474
940.038512
2018.877942
1631.443999
1833.774449
1055.980405
1191.821729
1187.369507
1331.984886
1604.732348
847.098245
1645.853686
1729.809406
1470.639906
1623.675638
1695.357347
1313.361387
1347.716447
1070.830340
1010.398824
1384.712262
1547.308576
1656.970732
1663.337406
1555.745623
1544.039460
1418.067951
1660.089377
1144.199233
1225.243214
1556.304756
1655.266725
886.091506
879.908801
1274.797273
1415.272511
1376.616246
920.234320
1188.450376
883.438150
1554.272933
1173.474675
1420.037489
1412.982857
809.821144
1060.406827
966.172567
1426.970545
1583.863680
1565.639690
1670.379826
1656.160827
1231.694479
1272.955341
1622.940194
1017.772707
1681.162792
1411.990522
1350.116913
1623.307979
1271.499135
1077.121440
1158.920988
1090.804438
1434.808204
1427.811134
1529.540062
1133.810449
1379.230853
1259.888378
1125.273230
1083.143191
1094.056835
867.625887
1042.983813
1037.816898
1045.275148
1111.146790
1986.258510
2011.957593
1925.987035
1915.265648
1934.615122
2027.703762
1840.679404
1579.867830
2039.429983
2021.489148
2017.002511
1387.992258
1474.562471
1757.314524
2034.601200
2111.900210
1981.330609
2077.474109
1841.932757
1442.760857
1505.046189
1674.807744
1631.256890
1442.068699
1970.158391
1711.025420
1497.290943
1889.157692
1852.376836
1450.748894
1223.443122
1191.708752
1285.316707
1248.951786
1698.719206
1277.064674
1135.638766
1945.264755
1688.607418
1455.362546
1335.628976
1496.466144
1449.383483
1679.903782
1480.067746
1614.342445
1140.986410
1232.179128
1322.183597
1519.927811
1430.012158
1358.878568
1456.767490
1426.283659
1786.083312
1712.359696
1648.173043
1124.601393
1655.214382
1437.429362
1571.614178
1429.673248
1381.711452
2720.687465
1260.714065
1296.517318
1220.065058
1053.733478
840.361668
1138.597226
1112.808783
1318.065789
1795.783302
1601.694261
1683.429855
1572.723309
1158.401682
1087.413739
995.934326
1370.368727
1391.205059
1372.190586
1709.818873
1537.617129
1411.709552
1034.530970
1282.236808
1085.277486
1440.679145
1328.346095
1462.144493
852.219571
803.287711
1195.268918
811.890914
909.016465
1088.514111
1213.906681
1170.065019
1120.953992
1267.667593
1450.377103
1293.725394
1309.824590
1353.866680
1357.989848
978.042785
877.607187
1067.572911
1695.589829
857.604582
1508.217601
818.385907
1174.045396
1297.851879
764.243795
1359.714669
814.622097
932.175154
791.418755
900.818008
795.916330
798.478631
1154.814564
1119.460063
1284.317255
1133.560670
1152.185962
1087.704232
929.418829
932.923203
862.576511
836.944552
1208.334960
989.187497
1262.383613
1008.203990
1299.358399
737.475608
734.784121
1413.310207
1024.028863
1036.822345
1462.381841
941.750732
1595.740453
1242.811353
1039.329952
1239.505451
981.576545
1353.512445
1259.977949
1348.228883
1634.611850
1309.640447
1578.069121
4479.968213
2865.416424
2693.033724
2859.293849
1911.304671
1672.596573
1253.811282
1740.102213
1679.554947
1814.880029
1777.441219
1405.768682
1330.901768
1662.059798
1790.384465
1666.479207
1391.830708
1097.216167
1407.534931
1079.159393
1385.810882
1627.486237
1589.434230
1081.760059
1207.510623
1615.167959
1550.611465
1222.650708
1299.852289
1217.334169
1178.612408
1296.289224
1494.794229
1400.197566
1430.924963
1170.041629
949.769339
963.078087
1258.015800
1090.279456
1657.085941
1661.955209
1346.796748
1243.713718
1806.157035
1066.591750
1324.568490
1060.448901
1024.538648
966.722636
1572.265554
1026.679164
1107.322127
1400.078999
1491.138503
1026.695413
1355.878629
1087.053326
1720.127098
1446.717645
1071.249357
1053.042139
1366.484083
1143.034435
1447.172328
1220.787543
1356.622126
1348.030521
1362.550010
1150.638048
1417.559877
1178.236593
1447.429170
1352.343035
803.882978
1338.893625
923.712420
1364.749875
794.697024
906.203744
848.949002
1289.455461
1406.117105
799.324531
697.533123
908.250157
930.906522
919.947224
1243.489838
1321.786708
953.706160
1573.923981
1270.116065
1353.913658
3164.173824
1645.141521
1735.132846
762.629550
1105.860515
