7726.640744
7743.431331
7741.809415
7742.513780
7768.709896
7768.086431
7758.935025
7705.019668
7742.900090
7727.899412
7741.696446
7744.582370
7759.471477
7731.059678
7738.748529
7754.509267
7753.894249
7754.772287
7764.058351
7739.755854
7753.156682
7783.578260
7804.211361
7740.779808
7765.847810
7741.613475
7727.022966
7767.052398
7780.189318
7707.160336
7733.103119
7743.483102
7729.146157
7749.930999
7726.727209
7739.752548
7730.409923
7784.691077
7715.726889
7756.107040
7757.907640
7756.037209
7756.484488
7746.878503
7754.688188
7717.383952
7718.195106
7740.542863
7750.072865
7761.765078
7744.551286
7747.889996
7716.786574
7728.882595
7744.416979
7744.306361
7775.814323
7759.616024
7780.980745
7755.435213
7719.119861
7743.504389
7755.836198
7745.794535
7744.255836
7727.948286
7741.951056
7719.030744
7747.352346
7745.648443
7745.660045
7728.691956
7730.583971
7726.761042
7715.890939
7727.846068
7791.138807
7717.054901
7756.722836
7745.091992
7738.606456
7719.074211
7778.367828
7718.116038
7758.120145
7768.429751
7740.778147
7756.534265
7755.895308
7770.833246
7755.000508
7774.638105
7730.034819
7739.442856
7753.992069
7728.642412
7748.541995
7753.298960
7772.437155
7774.715810
7770.523248
7816.189973
7779.853240
7778.540340
7762.605250
7759.522087
7761.960292
7812.449126
7811.802156
7808.929185
7782.696413
7810.151307
7799.120059
7791.913136
7827.888226
7811.426063
7767.141772
7753.962359
7746.721973
7740.235298
7745.322903
7744.076490
7744.257676
7734.530616
7779.671439
7730.197913
7753.322808
7717.742553
7731.130451
7740.897273
7760.927410
7725.827546
7757.230261
7741.464858
7727.893087
7728.304469
7729.638586
7732.485213
7730.927177
7726.746959
7793.131959
7777.039613
7796.790555
7826.797062
7860.102792
7743.769898
7773.044586
7769.049080
7740.444912
7725.033080
7730.980794
7727.538761
7740.052974
7754.051719
7746.946082
7728.918509
7755.404336
7750.235122
7754.264531
7751.314381
7742.274837
7737.902727
7727.195436
7729.057573
7742.105630
7742.748033
7728.744288
7767.601571
7777.672437
7727.503023
7728.537366
7717.000451
7716.763758
7729.756054
7716.878400
7731.797642
7727.797709
7720.824166
7717.475257
7716.949838
7718.754379
7716.126346
7726.956701
7705.900345
7730.290613
7754.430376
7755.492913
7755.337474
7912.488927
7808.639671
7774.972683
7795.288227
7771.140797
7731.659388
7718.046779
7724.965754
7706.738361
7739.767601
7780.580458
