10172.800151
10129.528801
10138.872782
10138.933137
10177.485422
10175.701115
10162.042857
10214.648183
10202.428016
10152.617737
10176.695598
10174.743791
10177.099113
10167.007203
10170.441569
10173.841932
10162.922379
10160.272652
10151.696114
10163.577757
10164.359737
10222.318097
10210.401381
10188.026126
10206.159473
10163.419030
10206.078710
10206.699700
10162.842820
10206.051492
10149.782123
10174.856653
10187.433473
10160.701805
10185.408984
10187.458684
10176.456365
10174.296862
10190.508218
10188.150172
10186.789341
10184.618275
10173.633336
10172.393130
10185.597628
10202.940023
10202.952002
10184.068965
10185.645742
10163.158545
10171.897657
10213.480357
10150.004627
10162.328271
10194.644077
10165.589324
10173.771754
10215.654412
10163.951285
10224.840342
10215.118200
10173.208881
10173.994777
10198.991748
10197.366666
10184.230686
10159.263077
10159.146661
10160.261840
10204.032880
10203.578304
10175.197607
10184.901502
10159.595197
10186.947042
10189.996338
10185.905611
10196.489528
10189.026098
10197.372542
10172.430743
10219.633236
10219.583599
10249.319249
10238.532201
10271.533849
10219.792281
10186.280615
10186.225906
10185.008383
10163.860178
10159.789012
10239.351585
10238.481242
10238.225995
10261.263425
10220.163824
10219.066525
10219.646987
10219.138393
10237.916993
10230.679674
10272.029085
10249.653182
10174.410721
10237.565913
10271.849640
10248.721849
10201.732470
10183.841964
10173.191999
10203.267603
10184.592095
10206.852709
10216.916983
10192.358880
10184.434126
10160.962678
10160.778123
10204.056309
10183.472788
10171.995635
10200.438798
10188.392408
10206.229054
10206.721069
10162.939423
10159.943965
10160.853318
10173.745943
10186.928192
10161.971508
10185.087219
10161.559462
10160.630625
10163.253940
10163.759464
10159.860909
10163.209754
10209.589466
10211.978589
10184.522353
10149.937553
10173.534415
10174.093554
10165.209837
10149.774692
10188.069481
10188.261355
10164.050640
10213.284720
10163.873240
10207.659615
10199.536398
10149.946273
10149.853150
10185.029702
10150.010742
10185.128276
10174.406606
10151.404362
10149.879046
10188.199344
10162.836544
10213.856249
10208.019088
10237.797322
10261.001736
10240.483180
10219.069388
10174.442009
10186.066003
10216.856889
10220.411207
10221.324819
10217.533709
10174.208245
10164.164462
10191.785724
10193.659407
10178.536486
10174.862200
10171.709434
10171.836386
10162.639745
10164.032015
10179.286804
10184.785015
10174.297742
10200.248098
10205.179449
10218.482075
10191.783054
10186.913300
10174.704706
10188.728896
10207.967483
10211.432378
10207.744034
10186.793327
10184.750604
10200.310618
10197.733267
10171.539842
10159.805881
10162.866296
10202.849394
10184.573402
10162.915883
10202.912256
10172.971546
10228.116154
10226.379558
10172.489637
10199.891489
10228.094304
10225.899780
10172.546531
10253.215392
10172.946694
10182.873977
10169.771847
10170.278632
10161.064422
10174.104527
10187.829912
10188.880468
10188.165489
10187.625998
10188.151327
10189.631358
10213.662977
10189.335196
10185.193596
10185.994681
10174.091074
10224.442701
10221.982176
10172.459407
10218.120080
10231.821503
10223.294825
10198.731017
10193.883305
10183.551580
10171.260359
10170.622841
10160.951542
10196.699369
10172.089050
10159.490534
10194.328718
10193.548057
10198.099370
10190.184812
10205.801534
10186.410084
10185.526735
10209.648487
10204.789530
10218.429217
10197.110431
10184.306629
10186.126907
10227.858874
10174.100932
10184.972134
10184.485469
10202.110040
10202.125449
10235.507097
10239.084459
10173.124729
10212.207308
10173.128802
10214.834877
10234.381022
10173.618161
10200.894359
10172.899451
10232.262674
10234.985949
10222.187382
10231.592916
10185.488951
10194.748581
10161.103726
10149.971298
10158.189186
10203.382334
10159.621054
10183.736517
10176.989106
10186.735546
10185.893703
10205.706834
10186.043213
10185.137977
10204.784345
10172.880114
10176.063846
10187.298771
10191.822170
10212.739709
10191.126436
10199.376114
10224.952579
10184.329948
10201.346357
10139.078901
10149.949732
10172.597016
10149.964816
10174.652504
10182.528584
10172.216486
10173.471901
10210.929098
10181.754465
10193.925586
10184.123526
10175.552403
10182.805613
10185.414707
10182.697714
10256.907563
10187.717283
10187.473328
10200.544798
10151.365688
10189.915288
10187.530305
10173.043637
10186.348315
10161.375754
10162.213926
10224.369346
10187.001081
10181.913969
10171.348340
10196.287999
10195.579255
10191.332871
10256.870338
10187.581357
10201.787583
10212.975451
10192.209953
10139.149732
10140.506225
10173.584570
10163.118376
10186.179311
10194.455997
10171.093521
10170.782778
10160.007802
10188.685165
10173.052034
10176.409360
10206.693343
10215.845631
10198.341588
10245.715356
10223.084116
10212.880875
10223.719629
10213.969717
10210.698023
10229.918784
10239.005913
10232.229681
10243.612403
10243.008752
10232.223653
10185.425997
10152.968009
10192.055197
10173.647572
10210.526206
10233.268443
10183.198455
10184.587184
10201.373980
10200.770134
10211.408284
10174.529862
10222.860463
10201.267037
10182.771800
10214.979418
10184.363672
10185.572218
10186.923160
10214.942802
10215.986001
10199.938230
10232.094094
10242.895886
10241.813046
10225.804728
10224.413171
10185.933337
10185.872398
10175.327919
10216.003033
10221.423841
10200.870825
10177.735307
10198.404504
10211.181075
10197.565171
10226.758445
10188.804743
10216.096418
10216.098596
10187.168735
10200.188003
10200.926145
10185.958634
10185.196861
10203.756774
10203.708440
10185.561853
10163.891411
10188.472544
10175.005500
10184.710128
10165.096715
10194.839794
10162.682684
10178.189910
10194.753604
10183.018919
10173.528063
10161.227209
10185.155063
10172.423353
10194.975154
10222.922523
10164.875134
10204.441318
10204.074813
10172.210183
10203.979507
10203.903143
10172.003086
10208.885791
10205.918887
10206.637257
10174.172172
10199.254071
10186.597755
10199.330084
10186.221198
10193.878150
10208.011084
10217.497151
10175.969672
10209.552574
10185.895169
10173.581129
10185.137238
10185.367034
10182.510223
10213.775248
10213.304127
10256.980628
10248.937428
10295.290670
10184.060468
10182.417359
10172.891714
10173.725204
10184.034988
10186.130005
10196.004378
10206.992556
10185.017407
10185.214321
10182.978413
10186.101278
10185.518508
10187.965881
10201.427504
10171.132774
10197.110170
10199.972522
10170.080811
10209.434590
10196.800382
10208.937858
10196.216199
10198.310809
10172.483110
10195.451857
10169.464836
10158.675062
10194.643357
10187.703984
10171.833838
10195.470536
10199.097131
10184.816279
10172.424997
10174.819113
10171.862209
10162.770527
10172.276082
10139.135543
10222.581715
10173.284953
10184.465594
10206.474948
10201.370356
10148.430338
10176.233654
10148.270923
10176.183829
10160.984546
10229.497433
10227.798226
10214.536053
10193.189824
10193.795336
10219.015477
10230.410511
10174.976176
10164.214386
10165.037139
10205.974682
10213.152837
10206.619420
10148.528229
10175.325917
10148.272860
10159.676984
10162.010813
10161.867116
10183.707790
10236.085141
10183.830461
10173.708927
10204.123028
10193.747672
10213.098373
10153.700814
10186.004547
10174.874511
10216.019835
10159.905243
10174.273942
10186.704761
10189.950426
10183.949870
10174.364269
10175.454629
10173.023840
10215.452025
10226.983061
10163.251902
10163.371557
10204.052601
10189.078309
10204.063620
10215.873645
10196.246125
10184.832870
10184.310153
10196.790118
10226.035788
10268.841437
10202.220082
10200.222715
10207.102004
10206.499108
10200.583254
10205.347952
10186.853220
10171.844858
10198.022748
10200.346891
10185.114686
10231.694490
10219.673529
10218.269938
10207.818070
10218.205868
10198.431178
10218.359209
10198.236406
10203.822658
10203.156687
10164.058513
10152.485409
10161.995972
10203.050883
10163.188824
10203.585761
10162.544764
10185.503364
10175.972028
10159.209813
10187.077396
10174.865834
10188.006556
10175.119974
10176.914064
10163.474879
10173.628372
10204.432925
10187.446452
10205.078011
10184.356519
10213.360975
10260.257160
10229.627326
10219.560169
10218.318050
10225.424854
10233.915565
10249.631296
10220.869189
10228.400854
10234.738554
10186.204650
10230.800327
10249.825043
10220.754463
10211.236894
10212.687128
10195.452216
10195.662347
10170.437973
10171.041502
10209.613492
10186.477831
10196.175840
10223.769571
10203.204434
10191.002459
10198.240241
10227.916907
10228.376748
10226.917958
10238.841677
10218.799629
10227.594378
10173.327527
10203.887718
10161.115238
10196.531384
10189.274042
10195.574164
10175.088259
10213.606125
10139.023533
10184.687413
10172.123084
10172.389001
10198.836631
10207.953001
10212.061941
10207.903447
10196.160291
10193.658581
10163.131597
10217.637184
10186.301642
10173.575467
10189.128016
10174.566904
10173.803442
10175.120422
10188.101359
10205.856100
10211.958578
10195.330199
10209.667928
10170.952442
10170.195441
10208.676090
10170.451828
10175.666420
10210.652294
10175.813157
10195.692715
10186.335409
10220.743884
10161.284186
10162.304668
10212.076714
10213.313965
10198.405157
10228.325655
10188.692488
10198.258646
10188.734070
10196.824344
10216.010849
10175.222374
10216.033640
10174.915046
10187.869347
10218.703203
10214.154015
10234.267536
10244.925548
10200.781860
10187.004102
10174.147225
10195.248371
10209.444666
10219.474770
10217.465361
10220.326290
10176.856747
10223.740685
10227.304412
10186.712475
10186.532478
10187.293012
10164.957255
10175.103378
10174.332394
10202.501405
10210.031530
10206.060899
10176.375868
10175.006330
10195.220987
10175.539427
10187.452278
10171.264223
10196.144918
10207.231393
10174.585874
10199.891918
10187.079277
10231.318396
10231.969708
10222.155527
10219.873101
10206.283598
10208.447166
10219.121223
10217.698028
10213.929156
10215.015050
10225.953172
10215.361124
10218.259348
10218.066665
10173.360746
10175.401416
10174.837928
10172.618268
10208.460466
10171.996965
10184.752703
10149.974372
10186.819199
10188.331880
10158.571812
10191.182184
10186.867435
10196.707979
10177.138020
10188.134628
10227.212325
10212.656370
10196.040417
10195.696622
10214.594146
10205.004164
10214.727391
10207.994492
10173.590263
10177.663590
10195.978381
10171.780629
10199.436242
10213.076618
10213.541248
10195.055608
10164.152603
10206.198196
10188.557830
10173.914050
10187.055705
10159.471660
10161.038015
10160.921091
10173.690114
10181.752612
10165.052956
10190.016817
10175.676796
10177.005098
10220.218163
10219.677598
10198.684633
10189.266497
10188.281619
10174.138726
10162.516633
10188.294221
10174.219960
10186.164274
10170.119064
10188.403017
10161.041464
10162.461916
10287.621618
10228.136344
10176.611658
10188.435973
10188.253483
10191.370235
10207.175971
10173.767661
10175.122414
10173.714987
10220.725517
10209.853107
10205.814851
10204.904958
10186.192557
10163.501859
10192.190165
10189.367539
10210.896844
10176.385836
10188.989301
10202.745026
10162.878410
10174.178511
10174.409155
10204.502415
10224.084977
10246.485880
10178.409856
10190.270521
10181.912196
10187.215998
10169.198292
10185.161376
10264.371342
10160.641228
10186.105194
10173.342227
10174.282145
10161.314584
10203.473198
10161.167679
10164.023186
10203.449336
10187.093912
10174.328396
10183.441300
10186.420041
10185.850770
10175.110699
10185.789567
10175.604643
10153.885105
10187.260795
10173.515720
10190.306645
10186.088465
10175.680706
10172.930534
10171.388877
10172.705256
10173.197348
10185.376096
10188.330838
10174.492071
10187.174887
10163.455662
10201.817567
10201.215343
10174.292925
10200.408470
10198.811794
10181.533186
10183.113511
10186.609773
10198.862923
10177.103507
10188.883755
10247.648270
10192.718868
10162.730519
10138.659085
10161.656531
10160.866136
10160.883703
10173.632046
10160.642431
10175.116270
10174.752952
10171.817893
10160.176522
10160.996310
10163.915648
10172.318273
10184.543755
10164.356421
10177.136256
10165.010509
10154.015261
10163.401973
10207.007305
10187.245964
10188.226490
10187.096354
10191.878881
10185.613885
10187.971244
10159.205749
10186.277398
10174.156584
10188.794820
10187.575451
10174.696522
10175.059771
10162.836144
10175.280906
10177.505843
10195.281967
10176.972709
10204.864743
10164.376467
10193.210436
10151.658636
10152.752994
10152.713285
10193.178772
10163.253127
10163.908186
10149.915113
10176.609923
10222.698229
10222.185148
10173.906357
10204.804776
10205.477542
10190.284137
10204.343269
10162.040821
10186.749960
10187.311958
10205.376786
10207.519054
10162.745106
10149.516896
10200.274844
10188.470871
10186.081599
10162.073888
10172.733225
10172.451382
10190.916222
10172.052609
10190.163554
10165.879208
10176.423867
10189.700890
10163.447872
10165.974066
10149.823560
10186.996760
10188.477280
10185.179588
10185.201850
10149.842165
10173.835518
10164.701233
10164.282832
10155.062467
10153.377487
10206.078946
10161.034681
10160.787197
10196.954711
10186.850177
10196.992274
10215.818442
10151.511324
10176.801347
10176.354522
10194.477889
10174.803485
10176.137830
10149.085325
10177.698776
10172.885427
10172.761327
10175.374249
10163.596822
10189.042749
10162.752050
10162.745896
10188.145900
10188.400228
10162.705825
10198.487641
10197.728240
10183.034941
10173.836424
10163.911535
10183.453467
10175.578805
10164.383983
10159.709896
10161.010907
10159.141242
10157.795139
10160.445158
10163.113036
10152.117393
10163.883643
10162.113758
10149.152017
10149.106880
10203.883985
10173.712321
10151.145158
10166.224359
10201.679022
10223.626620
10174.421394
10175.112363
10173.486405
10163.302870
10185.250566
10183.372961
10199.820227
10213.113558
10196.214743
10196.166369
10204.932591
10185.827924
10176.026182
10198.427953
10199.967912
10241.153349
10238.033949
10173.397871
10189.882242
10224.338745
10183.513427
10184.367549
10160.851457
10176.756504
10187.032730
10185.072203
10185.906817
10174.288739
10163.324256
10214.279469
10174.127513
10174.974942
10214.840789
10174.614546
10185.914713
10186.052728
10198.222666
10200.570107
10196.179833
10200.010092
10201.997566
10197.881299
10208.429591
10186.525809
10198.168996
10201.979534
10186.986256
10205.132234
10161.730223
10172.870864
10225.553336
10185.143139
10186.259594
10200.814046
10177.183715
10217.131990
10161.038663
10213.356057
10217.013080
10159.294287
10173.182579
10186.973361
10185.302960
10186.832199
10187.784256
10174.952505
10175.396325
10216.675072
10213.827143
10174.693281
10139.112043
10163.462967
10225.457890
10204.912456
10223.326687
10222.234360
10120.140836
10154.755693
10205.412040
10192.855329
10192.236711
10205.434927
10224.903776
10199.743659
10201.287111
10254.112734
10190.477099
10166.180804
10163.343909
10176.908749
10165.064992
10175.906465
10160.867377
10160.792575
10190.744107
10172.220926
10173.598861
10173.527365
10173.284697
10215.409262
10204.756961
10258.971261
10258.438588
10247.644324
10227.533567
10214.521754
10240.191898
10253.545391
10235.812795
10239.510871
10241.263342
10243.231074
10250.385751
10244.369146
10275.637333
10203.851137
10185.822273
10204.445079
10185.932611
10221.292971
10225.710240
10187.222489
10176.587749
10201.007480
10187.546929
10185.950233
10191.275813
10174.581872
10186.977995
10187.153994
10161.820270
10150.697330
10163.345200
10172.099055
10160.157740
10172.549287
10163.558091
10161.884084
10176.526402
10197.744612
10170.480089
10171.934376
10171.707613
10182.178540
10191.716497
10215.775907
10210.199835
10201.063818
10211.944835
10196.794731
10240.848148
10241.443177
10215.582582
10240.037326
10216.409564
10217.736935
10218.723862
10216.460763
10202.094660
10202.128242
10203.010039
10175.422527
10204.828495
10195.091855
10244.783372
10233.348864
10216.530335
10208.027273
10217.021038
10186.953115
10187.166487
10198.056034
10188.930968
10171.130342
10202.060020
10172.885534
10158.419901
10186.391679
10175.883177
10203.511889
10183.853871
10203.631521
10184.237903
10175.487564
10203.875741
10184.489713
10203.533636
10184.164692
10185.315194
10184.381145
10215.393249
10215.411376
10174.900506
10218.513388
10227.344866
10231.891976
10229.564255
10240.410193
10262.942502
10264.790174
10270.726878
10265.036322
10238.162281
10251.684904
10254.820381
10235.633715
10223.569618
10246.345552
10208.416991
10209.146374
10216.052048
10218.177160
10270.980307
10281.534936
10236.386939
10201.949261
10204.896715
10225.053293
10205.492039
10215.281942
10165.545281
10184.623833
10183.962774
10184.403810
10206.231689
10175.554947
10231.064018
10235.734281
10213.083218
10259.561275
10248.840619
10259.351678
10302.528151
10305.433786
10305.409458
10302.478395
10270.741995
10273.172972
10308.968734
10283.029055
10301.357104
10307.433622
10289.111337
10226.995763
10199.505265
10214.732455
10202.598517
10172.150249
10173.505134
10233.082328
10222.906378
10165.081433
10154.298289
10163.852352
10163.363677
10190.993239
10192.895850
10203.343778
10199.404911
10189.919686
10191.839263
10162.440474
10163.875236
10164.112125
10129.546455
10140.436588
10175.320301
10213.062894
10207.067908
10213.159646
10174.144943
10196.577853
10175.799527
10185.485494
10199.066618
10185.190275
10159.956009
10187.541884
10189.063732
10179.094018
10151.717671
10153.203545
10166.819002
10150.864623
10140.588043
10184.688226
10172.612126
10189.472256
10163.196912
10163.168043
10161.579741
10161.601522
10185.026262
10184.313816
10158.475936
10187.701800
10160.797762
10160.864148
10150.029556
10184.527456
10174.587196
10184.010553
10172.801358
10173.522059
10200.969348
10163.588039
10174.737855
10174.602492
10174.528414
10149.699393
10159.941350
10159.983610
10205.055079
10171.943821
10198.802645
10227.582438
10189.698587
10225.826807
10261.298067
10236.654621
10152.565773
10160.670908
10196.267073
10159.954951
10187.248706
10161.073518
10159.253874
10172.310620
10172.843062
10173.516516
10183.087095
10232.939071
10149.160737
10174.619352
10138.843339
10185.704889
10164.414831
10175.159249
10175.593521
10173.933067
10185.743471
10175.508642
10172.877813
10175.517744
10174.570864
10174.991156
10199.233724
10170.154076
10187.581426
10199.217812
10199.243573
10185.769242
10185.546827
10190.081944
10188.977392
10188.765290
10234.749963
10182.978635
10187.485136
10172.415650
10172.757670
10171.977661
10172.320098
10185.905775
10173.777921
10172.533676
10184.447142
10205.308988
10170.233264
10170.258534
10187.315191
10198.376199
10192.274355
10162.968068
10151.612576
10189.452996
10188.653383
10200.827830
10174.024270
10163.255376
10228.977645
10217.837756
10162.597428
10218.325967
10160.188778
10163.250651
10161.175818
10173.968401
10160.068803
10178.252036
10177.660451
10163.188445
10208.259440
10221.886339
10189.145170
10187.608107
10174.859190
10189.277634
10205.656160
10161.573100
10178.062049
10191.243723
10190.858370
10159.472987
10159.976490
10160.532141
10190.403209
10165.661000
10176.002138
10176.766970
10190.315964
10165.588571
10185.696047
10164.586341
10189.667011
10176.374321
10188.344636
10148.010268
10189.305128
10161.804166
10277.832033
10270.378057
10173.845802
10151.431539
10161.823316
10281.415518
10261.496316
10284.285000
10371.304053
10203.010519
10161.759758
10214.420180
10160.303575
10160.922640
10161.844010
10190.148125
10196.106914
10172.231708
10172.739147
10153.939595
10162.360774
10184.692617
10183.957211
10173.831482
10173.664249
10175.164997
10184.665247
10183.025366
10159.451584
10149.262228
10211.656953
10159.495687
10186.560212
10175.156199
10171.432569
10175.234624
10181.604702
10197.122554
10181.197881
10170.576086
10161.456657
10184.880790
10199.295522
10160.553922
10182.407256
10173.267551
10197.247501
10186.748174
10175.362699
10187.285013
10184.552355
10213.817037
10172.051377
10160.964126
10225.683321
10173.494666
10138.956835
10200.910345
10170.620627
10225.107715
10225.414876
10225.439610
10212.425007
10281.159672
10184.309477
10160.045188
10188.201699
10173.108956
10172.172593
10195.113558
10184.808635
10171.490404
10185.280595
10174.474095
10186.413229
10159.949978
10185.579956
10194.903942
10173.222606
10183.839722
10174.121093
10181.452114
10175.033581
10185.014750
10173.241345
10197.685930
10151.198237
10189.100668
10152.836160
10151.451666
10148.292269
10149.559502
10159.395097
10160.674996
10202.904190
10189.015435
10202.253528
10199.938774
10209.521578
10159.898603
10189.031430
10176.280639
10226.370236
10198.699909
10148.932933
10149.086199
10149.141704
10163.687361
10161.783807
10173.462305
10205.232120
10162.477977
10210.165283
10209.153581
10160.652779
10162.068998
10151.115561
10150.949511
10175.971059
10170.153556
10211.238199
10204.777641
10194.698108
10221.910503
10225.705129
10204.792205
10194.777913
10199.696032
10201.376451
10187.040345
10212.689934
10160.667001
10159.346938
10186.622568
10201.920593
10200.521212
10201.411184
10201.992254
10190.995120
10202.403825
10188.005181
10201.702366
10195.740179
10194.696651
10171.026199
10171.526814
10173.069370
10173.080063
10191.063338
10161.065629
10173.563985
10160.863172
10199.064931
10200.014898
10203.037207
10215.041377
10159.071286
10200.430836
10211.024873
10199.899083
10200.958063
10175.980822
10223.570880
10190.575904
10191.636921
10165.106966
10151.530974
10161.671914
10161.534226
10190.287354
10190.616701
10188.220267
10153.133682
10152.329170
10163.677237
10188.836946
10188.219346
10160.571064
10159.375958
10161.002131
10162.459516
10175.923522
10235.572125
10231.243523
10219.770246
10230.491381
10216.210720
10215.146719
10218.105270
10218.073864
10217.696029
10218.669084
10218.212232
10198.075919
10198.270846
10216.170154
10215.108589
10186.063051
10208.642104
10187.964972
10186.682276
10186.097860
10186.523087
10174.899122
10220.269775
10199.769019
10201.725696
10185.285102
10198.794095
10186.857784
10225.428349
10236.739989
10262.263145
10266.400619
10188.487498
10188.986226
10178.036296
10173.890046
10160.358490
10162.327623
10205.596139
10189.936317
10189.450702
10178.803926
10195.931452
10180.027850
10173.282132
10173.242298
10201.191051
10161.320908
10152.504305
10151.614772
10161.002022
10162.239503
10160.774745
10161.038668
10198.117010
10188.634248
10174.416450
10165.427489
10162.519382
10160.190276
10161.468582
10173.365009
10163.820271
10176.522575
10164.426933
10163.934704
10193.415651
10162.990211
10151.798170
10163.327465
10150.966279
10172.617298
10152.744087
10179.118475
10151.388214
10150.684807
10161.721612
10171.423995
10139.577502
10172.334771
10149.911694
10149.226891
10160.794995
10171.795193
10190.501069
10165.652413
10185.544574
10148.250341
10148.149157
10188.246411
10174.463390
10150.674413
10162.748603
10142.520895
10172.687049
10173.423117
10172.831661
10163.330452
10160.195766
10160.331820
10176.287352
10174.342948
10165.135300
10179.306667
10175.312117
10177.493786
10257.249507
10256.879145
10172.803534
10172.709039
10175.032813
10175.076653
10194.727481
10212.379857
10193.025910
10198.460268
10191.887235
10196.816446
10440.818756
10101.274945
10302.140395
10282.707397
10263.565523
10260.688882
10175.535796
10208.683727
10195.946471
10191.718709
10220.835555
10174.514964
10206.185823
10197.948290
10174.081027
10192.226339
10189.415319
10197.290079
10197.576687
10184.258730
10184.723724
10171.747526
10171.274101
10188.738235
10218.484884
10173.064628
10249.107103
10204.886469
10187.936030
10148.413495
10140.257714
10149.708561
10150.076160
10151.461611
10196.661699
10185.121616
10186.976398
10190.456151
10175.745854
10172.878681
10175.643896
10201.214596
10199.346951
10189.094621
10172.868533
10161.156337
10172.782280
10182.584542
10173.494093
10151.118374
10174.946964
10174.814708
10275.093140
10205.938165
10174.697682
10148.239838
10138.918150
10164.181498
10129.489840
10545.131169
