CC1 = np.array([[0]]).reshape((1,1,1))
CC2 = np.array([[0,1],[1,0]]).reshape((2,2,1))
CC3 = np.zeros((3,3,2))
CC3[:,:,0] = np.array([[0,1,0],[1,0,0],[0,1,0]])
CC3[:,:,1] = np.array([[0,1,1],[1,0,1],[1,1,0]])
CC4 = np.zeros((4,4,3))
CC4[:,:,0] = np.array([[0,1,0,0],[1,0,1,0],[0,1,0,1],[0,0,1,0]])
CC4[:,:,1] = np.array([[0,1,0,0],[1,0,1,1],[0,1,0,1],[0,1,1,0]])
CC4[:,:,2] = np.array([[0,1,0,1],[1,0,1,1],[0,1,0,1],[1,1,1,0]])
CC5 = np.zeros((5,5,5))
CC5[:,:,0] = np.array([[0,1,0,0,0],[1,0,1,0,0],[0,1,0,1,0],[0,0,1,0,1],[0,0,0,1,0]])
CC5[:,:,1] = np.array([[0,1,0,0,0],[1,0,1,0,0],[0,1,0,1,1],[0,0,1,0,1],[0,0,1,1,0]])
CC5[:,:,2] = np.array([[0,1,0,0,0],[1,0,1,0,1],[0,1,0,1,1],[0,0,1,0,0],[0,1,1,0,0]])
CC5[:,:,3] = np.array([[0,1,1,1,0],[1,0,1,0,0],[1,1,0,1,0],[1,0,1,0,1],[0,0,0,1,0]])
CC5[:,:,4] = np.array([[0,1,0,0,1],[1,0,1,1,1],[0,1,0,1,0],[0,1,1,0,1],[1,1,0,1,0]])
CC6 = np.zeros((6,6,8))
CC6[:,:,0] = np.array([[0,1,0,0,0,0],[1,0,1,0,0,0],[0,1,0,1,0,0],[0,0,1,0,1,0],[0,0,0,1,0,1],[0,0,0,0,1,0]])
CC6[:,:,1] = np.array([[0,1,0,0,0,0],[1,0,1,0,0,0],[0,1,0,1,0,0],[0,0,1,0,1,1],[0,0,0,1,0,1],[0,0,0,1,1,0]])
CC6[:,:,2] = np.array([[0,1,0,0,0,0],[1,0,1,0,0,0],[0,1,0,1,0,1],[0,0,1,0,1,1],[0,0,0,1,0,0],[0,0,1,1,0,0]])
CC6[:,:,3] = np.array([[0,1,0,0,0,0],[1,0,1,0,0,0],[0,1,0,1,0,1],[0,0,1,0,1,1],[0,0,0,1,0,1],[0,0,1,1,1,0]])
CC6[:,:,4] = np.array([[0,1,0,0,1,0],[1,0,1,0,1,1],[0,1,0,1,0,1],[0,0,1,0,0,0],[1,1,0,0,0,1],[0,1,1,0,1,0]])
CC6[:,:,5] = np.array([[0,1,0,1,0,0],[1,0,1,1,1,0],[0,1,0,0,1,0],[1,1,0,0,1,1],[0,1,1,1,0,1],[0,0,0,1,1,0]])
CC6[:,:,6] = np.array([[0,1,0,1,0,0],[1,0,1,1,1,0],[0,1,0,0,1,1],[1,1,0,0,1,0],[0,1,1,1,0,1],[0,0,1,0,1,0]])
CC6[:,:,7] = np.array([[0,1,1,1,1,1],[1,0,1,0,0,1],[1,1,0,1,0,0],[1,0,1,0,1,0],[1,0,0,1,0,1],[1,1,0,0,1,0]])